Warning:

C:\Users\hehon\Desktop\Motoman\Welding_Motoman\data\blade0.1\nx_curve_sampling.dll is compiled with an older version of the compiler [14.0] vs [14.20]
Expecting programs to be compiled at 14.20


Count of Points:890

WCS coordinates of Points:
      1.178     0.002    -0.110
      1.184     0.006    -0.110
      1.191     0.009    -0.111
      1.197     0.013    -0.111
      1.204     0.016    -0.111
      1.211     0.020    -0.111
      1.217     0.023    -0.111
      1.224     0.027    -0.112
      1.231     0.031    -0.112
      1.238     0.034    -0.112
      1.246     0.038    -0.112
      1.253     0.042    -0.113
      1.260     0.046    -0.113
      1.267     0.049    -0.113
      1.275     0.053    -0.113
      1.282     0.057    -0.114
      1.289     0.060    -0.114
      1.297     0.064    -0.114
      1.304     0.068    -0.114
      1.311     0.071    -0.115
      1.318     0.075    -0.115
      1.326     0.078    -0.115
      1.333     0.082    -0.115
      1.340     0.085    -0.115
      1.348     0.089    -0.116
      1.355     0.092    -0.116
      1.363     0.096    -0.116
      1.370     0.099    -0.116
      1.377     0.103    -0.117
      1.384     0.106    -0.117
      1.392     0.110    -0.117
      1.399     0.113    -0.117
      1.407     0.116    -0.117
      1.414     0.120    -0.118
      1.421     0.123    -0.118
      1.429     0.127    -0.118
      1.436     0.130    -0.118
      1.444     0.133    -0.119
      1.451     0.137    -0.119
      1.459     0.140    -0.119
      1.466     0.143    -0.119
      1.474     0.147    -0.119
      1.481     0.150    -0.120
      1.489     0.153    -0.120
      1.496     0.156    -0.120
      1.504     0.159    -0.120
      1.511     0.163    -0.120
      1.519     0.166    -0.121
      1.526     0.169    -0.121
      1.534     0.172    -0.121
      1.541     0.175    -0.121
      1.549     0.178    -0.121
      1.556     0.181    -0.122
      1.564     0.185    -0.122
      1.572     0.188    -0.122
      1.579     0.191    -0.122
      1.587     0.194    -0.122
      1.595     0.197    -0.122
      1.602     0.200    -0.123
      1.610     0.203    -0.123
      1.618     0.206    -0.123
      1.625     0.208    -0.123
      1.632     0.211    -0.123
      1.639     0.214    -0.123
      1.646     0.216    -0.124
      1.653     0.219    -0.124
      1.660     0.222    -0.124
      1.668     0.225    -0.124
      1.675     0.227    -0.124
      1.683     0.230    -0.124
      1.691     0.233    -0.125
      1.698     0.236    -0.125
      1.706     0.238    -0.125
      1.714     0.241    -0.125
      1.721     0.244    -0.125
      1.729     0.246    -0.125
      1.736     0.249    -0.126
      1.744     0.252    -0.126
      1.752     0.254    -0.126
      1.760     0.257    -0.126
      1.768     0.260    -0.126
      1.775     0.262    -0.126
      1.783     0.265    -0.127
      1.791     0.267    -0.127
      1.799     0.270    -0.127
      1.807     0.272    -0.127
      1.814     0.275    -0.127
      1.822     0.277    -0.127
      1.830     0.280    -0.127
      1.838     0.282    -0.128
      1.845     0.284    -0.128
      1.852     0.287    -0.128
      1.860     0.289    -0.128
      1.867     0.291    -0.128
      1.874     0.293    -0.128
      1.881     0.295    -0.128
      1.889     0.297    -0.128
      1.897     0.300    -0.129
      1.905     0.302    -0.129
      1.913     0.304    -0.129
      1.921     0.306    -0.129
      1.929     0.308    -0.129
      1.937     0.311    -0.129
      1.944     0.313    -0.129
      1.951     0.315    -0.129
      1.958     0.316    -0.129
      1.966     0.318    -0.130
      1.973     0.320    -0.130
      1.980     0.322    -0.130
      1.988     0.324    -0.130
      1.995     0.326    -0.130
      2.002     0.328    -0.130
      2.010     0.329    -0.130
      2.017     0.331    -0.130
      2.024     0.333    -0.130
      2.031     0.335    -0.130
      2.038     0.336    -0.131
      2.045     0.338    -0.131
      2.052     0.339    -0.131
      2.059     0.341    -0.131
      2.067     0.343    -0.131
      2.075     0.344    -0.131
      2.083     0.346    -0.131
      2.091     0.348    -0.131
      2.099     0.350    -0.131
      2.107     0.351    -0.131
      2.115     0.353    -0.131
      2.122     0.354    -0.132
      2.130     0.356    -0.132
      2.138     0.358    -0.132
      2.146     0.359    -0.132
      2.154     0.361    -0.132
      2.163     0.362    -0.132
      2.171     0.364    -0.132
      2.179     0.365    -0.132
      2.187     0.367    -0.132
      2.195     0.368    -0.132
      2.203     0.369    -0.132
      2.211     0.371    -0.132
      2.219     0.372    -0.132
      2.227     0.373    -0.132
      2.235     0.375    -0.132
      2.243     0.376    -0.133
      2.251     0.377    -0.133
      2.258     0.378    -0.133
      2.266     0.379    -0.133
      2.273     0.380    -0.133
      2.281     0.381    -0.133
      2.288     0.383    -0.133
      2.296     0.384    -0.133
      2.304     0.385    -0.133
      2.313     0.386    -0.133
      2.321     0.387    -0.133
      2.329     0.388    -0.133
      2.337     0.389    -0.133
      2.345     0.390    -0.133
      2.353     0.391    -0.133
      2.360     0.391    -0.133
      2.368     0.392    -0.133
      2.375     0.393    -0.133
      2.383     0.394    -0.133
      2.390     0.395    -0.133
      2.398     0.395    -0.133
      2.405     0.396    -0.133
      2.413     0.397    -0.133
      2.420     0.397    -0.133
      2.428     0.398    -0.133
      2.435     0.399    -0.133
      2.442     0.399    -0.133
      2.449     0.400    -0.133
      2.456     0.400    -0.133
      2.463     0.401    -0.133
      2.470     0.401    -0.133
      2.479     0.402    -0.133
      2.487     0.402    -0.133
      2.495     0.403    -0.133
      2.503     0.403    -0.133
      2.511     0.404    -0.133
      2.520     0.404    -0.133
      2.528     0.404    -0.133
      2.535     0.405    -0.133
      2.543     0.405    -0.133
      2.550     0.405    -0.133
      2.558     0.405    -0.133
      2.566     0.406    -0.133
      2.573     0.406    -0.133
      2.581     0.406    -0.133
      2.588     0.406    -0.133
      2.596     0.406    -0.133
      2.603     0.407    -0.133
      2.611     0.407    -0.133
      2.618     0.407    -0.133
      2.625     0.407    -0.133
      2.632     0.407    -0.133
      2.640     0.407    -0.133
      2.647     0.407    -0.133
      2.654     0.407    -0.133
      2.661     0.407    -0.133
      2.669     0.407    -0.133
      2.676     0.407    -0.133
      2.684     0.406    -0.133
      2.691     0.406    -0.133
      2.699     0.406    -0.133
      2.706     0.406    -0.133
      2.713     0.406    -0.133
      2.720     0.406    -0.133
      2.727     0.405    -0.133
      2.734     0.405    -0.133
      2.742     0.405    -0.133
      2.749     0.404    -0.133
      2.756     0.404    -0.132
      2.763     0.404    -0.132
      2.770     0.403    -0.132
      2.777     0.403    -0.132
      2.784     0.403    -0.132
      2.791     0.402    -0.132
      2.798     0.402    -0.132
      2.805     0.401    -0.132
      2.813     0.401    -0.132
      2.820     0.400    -0.132
      2.828     0.400    -0.132
      2.835     0.399    -0.132
      2.842     0.399    -0.132
      2.850     0.398    -0.132
      2.858     0.397    -0.132
      2.866     0.397    -0.132
      2.874     0.396    -0.131
      2.883     0.395    -0.131
      2.891     0.394    -0.131
      2.899     0.394    -0.131
      2.907     0.393    -0.131
      2.915     0.392    -0.131
      2.923     0.391    -0.131
      2.931     0.390    -0.131
      2.939     0.389    -0.131
      2.947     0.388    -0.131
      2.955     0.387    -0.131
      2.963     0.386    -0.130
      2.972     0.385    -0.130
      2.980     0.384    -0.130
      2.988     0.383    -0.130
      2.996     0.382    -0.130
      3.004     0.381    -0.130
      3.012     0.379    -0.130
      3.020     0.378    -0.130
      3.028     0.377    -0.130
      3.036     0.376    -0.130
      3.044     0.374    -0.129
      3.052     0.373    -0.129
      3.060     0.372    -0.129
      3.068     0.370    -0.129
      3.076     0.369    -0.129
      3.084     0.368    -0.129
      3.093     0.366    -0.129
      3.101     0.365    -0.129
      3.109     0.363    -0.128
      3.117     0.362    -0.128
      3.125     0.360    -0.128
      3.133     0.359    -0.128
      3.141     0.357    -0.128
      3.149     0.356    -0.128
      3.156     0.354    -0.128
      3.164     0.352    -0.128
      3.172     0.351    -0.127
      3.180     0.349    -0.127
      3.188     0.347    -0.127
      3.196     0.346    -0.127
      3.204     0.344    -0.127
      3.212     0.342    -0.127
      3.220     0.340    -0.127
      3.228     0.338    -0.126
      3.236     0.336    -0.126
      3.244     0.334    -0.126
      3.252     0.333    -0.126
      3.260     0.331    -0.126
      3.268     0.329    -0.126
      3.276     0.327    -0.125
      3.284     0.325    -0.125
      3.291     0.323    -0.125
      3.298     0.321    -0.125
      3.305     0.319    -0.125
      3.313     0.317    -0.125
      3.320     0.315    -0.125
      3.328     0.313    -0.124
      3.336     0.311    -0.124
      3.344     0.309    -0.124
      3.352     0.307    -0.124
      3.360     0.304    -0.124
      3.367     0.302    -0.124
      3.375     0.300    -0.123
      3.383     0.298    -0.123
      3.390     0.296    -0.123
      3.398     0.293    -0.123
      3.406     0.291    -0.123
      3.414     0.288    -0.123
      3.422     0.286    -0.122
      3.430     0.284    -0.122
      3.438     0.281    -0.122
      3.445     0.279    -0.122
      3.453     0.276    -0.122
      3.461     0.274    -0.121
      3.469     0.271    -0.121
      3.477     0.269    -0.121
      3.484     0.266    -0.121
      3.492     0.264    -0.121
      3.500     0.261    -0.120
      3.507     0.259    -0.120
      3.514     0.256    -0.120
      3.521     0.254    -0.120
      3.528     0.251    -0.120
      3.536     0.249    -0.120
      3.543     0.246    -0.119
      3.550     0.244    -0.119
      3.558     0.241    -0.119
      3.566     0.238    -0.119
      3.574     0.235    -0.119
      3.581     0.232    -0.118
      3.589     0.230    -0.118
      3.597     0.227    -0.118
      3.604     0.224    -0.118
      3.611     0.221    -0.118
      3.618     0.219    -0.117
      3.625     0.216    -0.117
      3.632     0.213    -0.117
      3.639     0.211    -0.117
      3.646     0.208    -0.117
      3.653     0.205    -0.116
      3.660     0.203    -0.116
      3.667     0.200    -0.116
      3.674     0.197    -0.116
      3.681     0.194    -0.116
      3.688     0.192    -0.116
      3.694     0.189    -0.115
      3.701     0.186    -0.115
      3.707     0.184    -0.115
      3.714     0.181    -0.115
      3.721     0.178    -0.115
      3.729     0.175    -0.114
      3.737     0.171    -0.114
      3.744     0.168    -0.114
      3.752     0.165    -0.114
      3.759     0.162    -0.113
      3.766     0.159    -0.113
      3.774     0.155    -0.113
      3.781     0.152    -0.113
      3.789     0.149    -0.113
      3.796     0.146    -0.112
      3.804     0.142    -0.112
      3.811     0.139    -0.112
      3.819     0.136    -0.112
      3.826     0.132    -0.111
      3.834     0.129    -0.111
      3.841     0.125    -0.111
      3.849     0.122    -0.111
      3.856     0.119    -0.111
      3.864     0.115    -0.110
      3.871     0.112    -0.110
      3.878     0.108    -0.110
      3.886     0.105    -0.110
      3.893     0.102    -0.109
      3.900     0.098    -0.109
      3.906     0.095    -0.109
      3.913     0.092    -0.109
      3.920     0.089    -0.109
      3.927     0.085    -0.108
      3.934     0.082    -0.108
      3.941     0.078    -0.108
      3.949     0.074    -0.108
      3.956     0.071    -0.107
      3.964     0.067    -0.107
      3.971     0.064    -0.107
      3.978     0.060    -0.107
      3.985     0.057    -0.106
      3.992     0.053    -0.106
      3.998     0.050    -0.106
      4.005     0.046    -0.106
      4.012     0.043    -0.106
      4.019     0.039    -0.105
      4.025     0.036    -0.105
      4.032     0.033    -0.105
      4.039     0.029    -0.105
      4.045     0.026    -0.104
      4.052     0.022    -0.104
      4.059     0.019    -0.104
      4.065     0.015    -0.104
      4.071     0.012    -0.104
      4.077     0.009    -0.103
      4.084     0.005    -0.103
      4.090     0.002    -0.103
      4.097    -0.002    -0.103
      4.104    -0.006    -0.102
      4.112    -0.010    -0.102
      4.119    -0.013    -0.102
      4.126    -0.017    -0.102
      4.133    -0.021    -0.101
      4.141    -0.025    -0.101
      4.147    -0.029    -0.101
      4.154    -0.033    -0.101
      4.160    -0.036    -0.101
      4.167    -0.040    -0.100
      4.173    -0.044    -0.100
      4.180    -0.047    -0.100
      4.187    -0.051    -0.100
      4.193    -0.055    -0.099
      4.200    -0.058    -0.099
      4.206    -0.062    -0.099
      4.213    -0.066    -0.099
      4.219    -0.069    -0.098
      4.226    -0.073    -0.098
      4.232    -0.076    -0.098
      4.238    -0.080    -0.098
      4.244    -0.084    -0.098
      4.250    -0.087    -0.097
      4.257    -0.091    -0.097
      4.263    -0.095    -0.097
      4.270    -0.098    -0.097
      4.276    -0.102    -0.096
      4.283    -0.106    -0.096
      4.289    -0.110    -0.096
      4.295    -0.114    -0.096
      4.301    -0.117    -0.096
      4.307    -0.121    -0.095
      4.314    -0.124    -0.095
      4.320    -0.128    -0.095
      4.326    -0.132    -0.095
      4.332    -0.135    -0.094
      4.338    -0.139    -0.094
      4.344    -0.143    -0.094
      4.350    -0.146    -0.094
      4.356    -0.150    -0.094
      4.362    -0.153    -0.093
      4.368    -0.157    -0.093
      4.374    -0.161    -0.093
      4.380    -0.165    -0.093
      4.386    -0.168    -0.092
      4.393    -0.172    -0.092
      4.399    -0.176    -0.092
      4.405    -0.180    -0.092
      4.411    -0.184    -0.092
      4.417    -0.188    -0.091
      4.424    -0.191    -0.091
      4.430    -0.195    -0.091
      4.437    -0.199    -0.091
      4.443    -0.204    -0.090
      4.449    -0.208    -0.090
      4.456    -0.212    -0.090
      4.462    -0.216    -0.090
      4.469    -0.220    -0.089
      4.475    -0.224    -0.089
      4.482    -0.228    -0.089
      4.488    -0.232    -0.089
      4.495    -0.236    -0.089
      4.501    -0.240    -0.088
      4.507    -0.244    -0.088
      4.513    -0.248    -0.088
      4.519    -0.252    -0.088
      4.525    -0.256    -0.087
      4.531    -0.260    -0.087
      4.538    -0.264    -0.087
      4.544    -0.268    -0.087
      4.551    -0.272    -0.086
      4.557    -0.276    -0.086
      4.564    -0.281    -0.086
      4.570    -0.285    -0.086
      4.576    -0.289    -0.086
      4.582    -0.293    -0.085
      4.588    -0.297    -0.085
      4.594    -0.301    -0.085
      4.600    -0.305    -0.085
      4.606    -0.309    -0.084
      4.612    -0.313    -0.084
      4.618    -0.317    -0.084
      4.624    -0.320    -0.084
      4.630    -0.324    -0.084
      4.636    -0.328    -0.083
      4.642    -0.332    -0.083
      4.648    -0.336    -0.083
      4.654    -0.340    -0.083
      4.660    -0.344    -0.082
      4.666    -0.349    -0.082
      4.673    -0.353    -0.082
      4.679    -0.357    -0.082
      4.685    -0.362    -0.082
      4.692    -0.366    -0.081
      4.698    -0.370    -0.081
      4.704    -0.374    -0.081
      4.710    -0.378    -0.081
      4.716    -0.382    -0.080
      4.722    -0.386    -0.080
      4.728    -0.390    -0.080
      4.733    -0.394    -0.080
      4.739    -0.398    -0.080
      4.745    -0.402    -0.079
      4.751    -0.406    -0.079
      4.757    -0.410    -0.079
      4.763    -0.414    -0.079
      4.769    -0.418    -0.078
      4.775    -0.422    -0.078
      4.781    -0.426    -0.078
      4.787    -0.431    -0.078
      4.792    -0.435    -0.078
      4.798    -0.439    -0.077
      4.804    -0.443    -0.077
      4.810    -0.447    -0.077
      4.816    -0.451    -0.077
      4.822    -0.455    -0.077
      4.828    -0.459    -0.076
      4.834    -0.463    -0.076
      4.839    -0.467    -0.076
      4.845    -0.471    -0.076
      4.851    -0.475    -0.075
      4.857    -0.480    -0.075
      4.863    -0.484    -0.075
      4.869    -0.488    -0.075
      4.875    -0.492    -0.075
      4.882    -0.497    -0.074
      4.888    -0.501    -0.074
      4.894    -0.505    -0.074
      4.900    -0.510    -0.074
      4.907    -0.514    -0.073
      4.913    -0.518    -0.073
      4.918    -0.523    -0.073
      4.924    -0.527    -0.073
      4.930    -0.531    -0.073
      4.936    -0.535    -0.072
      4.942    -0.539    -0.072
      4.948    -0.543    -0.072
      4.954    -0.548    -0.072
      4.960    -0.552    -0.072
      4.965    -0.556    -0.071
      4.971    -0.560    -0.071
      4.977    -0.564    -0.071
      4.983    -0.568    -0.071
      4.989    -0.572    -0.071
      4.994    -0.576    -0.070
      5.000    -0.581    -0.070
      5.006    -0.585    -0.070
      5.012    -0.589    -0.070
      5.018    -0.593    -0.070
      5.024    -0.597    -0.069
      5.029    -0.601    -0.069
      5.035    -0.606    -0.069
      5.041    -0.610    -0.069
      5.047    -0.614    -0.069
      5.053    -0.618    -0.068
      5.059    -0.622    -0.068
      5.064    -0.627    -0.068
      5.070    -0.631    -0.068
      5.076    -0.635    -0.068
      5.082    -0.639    -0.067
      5.088    -0.643    -0.067
      5.094    -0.648    -0.067
      5.100    -0.652    -0.067
      5.105    -0.656    -0.067
      5.111    -0.660    -0.066
      5.117    -0.664    -0.066
      5.123    -0.668    -0.066
      5.129    -0.673    -0.066
      5.134    -0.677    -0.066
      5.140    -0.681    -0.065
      5.146    -0.685    -0.065
      5.152    -0.689    -0.065
      5.158    -0.694    -0.065
      5.164    -0.698    -0.065
      5.169    -0.702    -0.064
      5.175    -0.706    -0.064
      5.181    -0.711    -0.064
      5.187    -0.715    -0.064
      5.193    -0.719    -0.064
      5.199    -0.723    -0.064
      5.205    -0.728    -0.063
      5.210    -0.732    -0.063
      5.216    -0.736    -0.063
      5.223    -0.741    -0.063
      5.229    -0.745    -0.063
      5.236    -0.750    -0.062
      5.242    -0.755    -0.062
      5.248    -0.759    -0.062
      5.255    -0.764    -0.062
      5.261    -0.768    -0.062
      5.267    -0.773    -0.061
      5.273    -0.777    -0.061
      5.279    -0.782    -0.061
      5.286    -0.786    -0.061
      5.291    -0.790    -0.061
      5.297    -0.795    -0.060
      5.303    -0.799    -0.060
      5.309    -0.803    -0.060
      5.315    -0.807    -0.060
      5.321    -0.812    -0.060
      5.326    -0.816    -0.059
      5.332    -0.820    -0.059
      5.338    -0.824    -0.059
      5.344    -0.828    -0.059
      5.350    -0.833    -0.059
      5.355    -0.837    -0.059
      5.361    -0.841    -0.058
      5.367    -0.845    -0.058
      5.373    -0.849    -0.058
      5.379    -0.854    -0.058
      5.385    -0.858    -0.058
      5.390    -0.862    -0.058
      5.396    -0.866    -0.057
      5.402    -0.870    -0.057
      5.408    -0.875    -0.057
      5.413    -0.879    -0.057
      5.419    -0.883    -0.057
      5.425    -0.887    -0.057
      5.431    -0.891    -0.056
      5.437    -0.895    -0.056
      5.443    -0.900    -0.056
      5.448    -0.904    -0.056
      5.454    -0.908    -0.056
      5.460    -0.912    -0.056
      5.466    -0.917    -0.055
      5.472    -0.921    -0.055
      5.478    -0.925    -0.055
      5.484    -0.929    -0.055
      5.489    -0.933    -0.055
      5.495    -0.938    -0.055
      5.501    -0.942    -0.054
      5.507    -0.946    -0.054
      5.512    -0.950    -0.054
      5.518    -0.954    -0.054
      5.524    -0.958    -0.054
      5.530    -0.963    -0.054
      5.536    -0.967    -0.054
      5.542    -0.971    -0.053
      5.548    -0.975    -0.053
      5.554    -0.979    -0.053
      5.560    -0.984    -0.053
      5.565    -0.988    -0.053
      5.571    -0.992    -0.053
      5.577    -0.996    -0.053
      5.583    -1.000    -0.052
      5.589    -1.005    -0.052
      5.595    -1.009    -0.052
      5.601    -1.013    -0.052
      5.608    -1.018    -0.052
      5.614    -1.023    -0.052
      5.621    -1.027    -0.051
      5.627    -1.032    -0.051
      5.633    -1.036    -0.051
      5.639    -1.040    -0.051
      5.645    -1.044    -0.051
      5.651    -1.048    -0.051
      5.657    -1.053    -0.051
      5.662    -1.057    -0.050
      5.668    -1.061    -0.050
      5.674    -1.065    -0.050
      5.680    -1.069    -0.050
      5.686    -1.073    -0.050
      5.692    -1.077    -0.050
      5.698    -1.081    -0.050
      5.704    -1.085    -0.050
      5.709    -1.090    -0.049
      5.715    -1.094    -0.049
      5.721    -1.098    -0.049
      5.727    -1.102    -0.049
      5.733    -1.106    -0.049
      5.739    -1.110    -0.049
      5.745    -1.114    -0.049
      5.751    -1.119    -0.048
      5.757    -1.123    -0.048
      5.763    -1.127    -0.048
      5.769    -1.131    -0.048
      5.776    -1.136    -0.048
      5.782    -1.140    -0.048
      5.789    -1.145    -0.048
      5.796    -1.149    -0.048
      5.801    -1.154    -0.047
      5.807    -1.158    -0.047
      5.813    -1.162    -0.047
      5.819    -1.166    -0.047
      5.825    -1.170    -0.047
      5.831    -1.174    -0.047
      5.837    -1.178    -0.047
      5.844    -1.183    -0.047
      5.850    -1.187    -0.047
      5.857    -1.191    -0.046
      5.864    -1.196    -0.046
      5.870    -1.200    -0.046
      5.877    -1.205    -0.046
      5.883    -1.209    -0.046
      5.890    -1.214    -0.046
      5.896    -1.218    -0.046
      5.903    -1.223    -0.046
      5.909    -1.227    -0.046
      5.916    -1.231    -0.045
      5.922    -1.236    -0.045
      5.929    -1.240    -0.045
      5.935    -1.244    -0.045
      5.942    -1.249    -0.045
      5.948    -1.253    -0.045
      5.954    -1.257    -0.045
      5.961    -1.261    -0.045
      5.967    -1.266    -0.045
      5.973    -1.270    -0.045
      5.979    -1.274    -0.044
      5.985    -1.278    -0.044
      5.991    -1.281    -0.044
      5.997    -1.285    -0.044
      6.003    -1.289    -0.044
      6.009    -1.293    -0.044
      6.015    -1.297    -0.044
      6.021    -1.301    -0.044
      6.027    -1.305    -0.044
      6.033    -1.309    -0.044
      6.039    -1.313    -0.044
      6.045    -1.317    -0.044
      6.051    -1.321    -0.043
      6.057    -1.325    -0.043
      6.063    -1.328    -0.043
      6.069    -1.332    -0.043
      6.075    -1.336    -0.043
      6.081    -1.340    -0.043
      6.087    -1.344    -0.043
      6.093    -1.348    -0.043
      6.099    -1.352    -0.043
      6.105    -1.355    -0.043
      6.111    -1.359    -0.043
      6.117    -1.363    -0.043
      6.124    -1.367    -0.043
      6.130    -1.371    -0.043
      6.136    -1.375    -0.043
      6.142    -1.379    -0.042
      6.148    -1.383    -0.042
      6.154    -1.386    -0.042
      6.160    -1.390    -0.042
      6.166    -1.394    -0.042
      6.172    -1.398    -0.042
      6.179    -1.402    -0.042
      6.185    -1.405    -0.042
      6.191    -1.409    -0.042
      6.197    -1.413    -0.042
      6.203    -1.417    -0.042
      6.209    -1.420    -0.042
      6.215    -1.424    -0.042
      6.221    -1.428    -0.042
      6.227    -1.432    -0.042
      6.233    -1.435    -0.042
      6.240    -1.439    -0.042
      6.246    -1.443    -0.042
      6.252    -1.447    -0.042
      6.258    -1.451    -0.042
      6.264    -1.454    -0.042
      6.271    -1.458    -0.042
      6.277    -1.462    -0.041
      6.283    -1.465    -0.041
      6.289    -1.469    -0.041
      6.296    -1.473    -0.041
      6.303    -1.477    -0.041
      6.310    -1.481    -0.041
      6.316    -1.485    -0.041
      6.323    -1.489    -0.041
      6.330    -1.493    -0.041
      6.336    -1.497    -0.041
      6.342    -1.500    -0.041
      6.348    -1.504    -0.041
      6.354    -1.508    -0.041
      6.361    -1.511    -0.041
      6.367    -1.515    -0.041
      6.373    -1.518    -0.041
      6.379    -1.522    -0.041
      6.385    -1.525    -0.041
      6.391    -1.529    -0.041
      6.398    -1.533    -0.041
      6.404    -1.536    -0.041
      6.410    -1.540    -0.041
      6.417    -1.543    -0.041
      6.423    -1.547    -0.041
      6.429    -1.550    -0.041
      6.435    -1.554    -0.041
      6.442    -1.557    -0.041
      6.448    -1.561    -0.041
      6.454    -1.564    -0.041
      6.461    -1.568    -0.041
      6.467    -1.572    -0.041
      6.474    -1.575    -0.041
      6.481    -1.579    -0.041
      6.488    -1.583    -0.041
      6.495    -1.587    -0.041
      6.502    -1.591    -0.041
      6.508    -1.594    -0.041
      6.515    -1.597    -0.041
      6.521    -1.601    -0.041
      6.527    -1.604    -0.041
      6.534    -1.608    -0.041
      6.540    -1.611    -0.041
      6.547    -1.615    -0.041
      6.554    -1.618    -0.041
      6.561    -1.622    -0.041
      6.568    -1.626    -0.042
      6.575    -1.629    -0.042
      6.582    -1.633    -0.042
      6.589    -1.637    -0.042
      6.596    -1.640    -0.042
      6.603    -1.644    -0.042
      6.610    -1.648    -0.042
      6.617    -1.651    -0.042
      6.624    -1.655    -0.042
      6.631    -1.658    -0.042
      6.638    -1.662    -0.042
      6.645    -1.665    -0.042
      6.651    -1.669    -0.042
      6.658    -1.672    -0.042
      6.664    -1.675    -0.042
      6.671    -1.678    -0.042
      6.677    -1.681    -0.042
      6.684    -1.685    -0.042
      6.690    -1.688    -0.042
      6.696    -1.691    -0.042
      6.703    -1.694    -0.043
      6.709    -1.697    -0.043
      6.716    -1.700    -0.043
      6.722    -1.703    -0.043
      6.729    -1.707    -0.043
      6.735    -1.710    -0.043
      6.742    -1.713    -0.043
      6.748    -1.716    -0.043
      6.755    -1.719    -0.043
      6.761    -1.722    -0.043
      6.768    -1.725    -0.043
      6.774    -1.728    -0.043
      6.781    -1.731    -0.043
      6.788    -1.734    -0.044
      6.794    -1.737    -0.044
      6.801    -1.741    -0.044
      6.809    -1.744    -0.044
      6.816    -1.747    -0.044
      6.823    -1.750    -0.044
      6.830    -1.754    -0.044
      6.837    -1.757    -0.044
      6.844    -1.759    -0.044
      6.850    -1.762    -0.044
      6.857    -1.765    -0.045
      6.863    -1.768    -0.045
      6.870    -1.771    -0.045
      6.877    -1.774    -0.045
      6.884    -1.777    -0.045
      6.891    -1.780    -0.045
      6.899    -1.783    -0.045
      6.906    -1.787    -0.045
      6.913    -1.790    -0.045
      6.921    -1.793    -0.046
      6.928    -1.796    -0.046
      6.935    -1.799    -0.046
      6.943    -1.802    -0.046
      6.950    -1.805    -0.046
      6.957    -1.808    -0.046
      6.964    -1.811    -0.046
      6.972    -1.814    -0.047
      6.979    -1.817    -0.047
      6.986    -1.819    -0.047
      6.992    -1.822    -0.047
      6.999    -1.825    -0.047
      7.006    -1.827    -0.047
      7.012    -1.830    -0.047
      7.019    -1.833    -0.048
      7.026    -1.835    -0.048
      7.033    -1.838    -0.048
      7.041    -1.841    -0.048
      7.048    -1.844    -0.048
      7.056    -1.847    -0.048
      7.063    -1.849    -0.049
      7.071    -1.852    -0.049
      7.078    -1.855    -0.049
      7.085    -1.858    -0.049
      7.093    -1.860    -0.049
      7.100    -1.863    -0.050
      7.108    -1.866    -0.050
      7.115    -1.868    -0.050
      7.122    -1.871    -0.050
      7.130    -1.874    -0.050
      7.137    -1.876    -0.050
      7.145    -1.879    -0.051
      7.152    -1.881    -0.051
      7.160    -1.884    -0.051
      7.167    -1.887    -0.051
      7.175    -1.889    -0.051
      7.182    -1.892    -0.052
      7.189    -1.894    -0.052
      7.197    -1.897    -0.052
      7.204    -1.899    -0.052
      7.212    -1.901    -0.053
      7.220    -1.904    -0.053
      7.227    -1.906    -0.053
      7.235    -1.909    -0.053
      7.242    -1.911    -0.053
      7.250    -1.914    -0.054
