Warning:

C:\Users\hehon\Desktop\Motoman\Welding_Motoman\data\blade0.1\nx_curve_sampling.dll is compiled with an older version of the compiler [14.0] vs [14.20]
Expecting programs to be compiled at 14.20


Count of Points:886

WCS coordinates of Points:
      1.181     0.000    -0.047
      1.188     0.004    -0.047
      1.195     0.007    -0.048
      1.202     0.011    -0.048
      1.209     0.015    -0.048
      1.216     0.018    -0.048
      1.222     0.022    -0.049
      1.229     0.025    -0.049
      1.235     0.029    -0.049
      1.242     0.032    -0.049
      1.249     0.036    -0.050
      1.255     0.039    -0.050
      1.262     0.042    -0.050
      1.268     0.046    -0.050
      1.275     0.049    -0.050
      1.281     0.052    -0.051
      1.288     0.056    -0.051
      1.294     0.059    -0.051
      1.301     0.062    -0.051
      1.307     0.065    -0.051
      1.314     0.068    -0.052
      1.320     0.072    -0.052
      1.327     0.075    -0.052
      1.334     0.078    -0.052
      1.340     0.081    -0.052
      1.347     0.085    -0.053
      1.354     0.088    -0.053
      1.360     0.091    -0.053
      1.367     0.094    -0.053
      1.373     0.097    -0.053
      1.380     0.100    -0.054
      1.387     0.103    -0.054
      1.393     0.107    -0.054
      1.400     0.110    -0.054
      1.407     0.113    -0.054
      1.413     0.116    -0.055
      1.420     0.119    -0.055
      1.427     0.122    -0.055
      1.434     0.125    -0.055
      1.440     0.128    -0.055
      1.447     0.131    -0.056
      1.454     0.134    -0.056
      1.460     0.137    -0.056
      1.467     0.140    -0.056
      1.474     0.143    -0.056
      1.480     0.146    -0.057
      1.487     0.149    -0.057
      1.494     0.152    -0.057
      1.501     0.155    -0.057
      1.508     0.158    -0.057
      1.515     0.161    -0.057
      1.521     0.164    -0.058
      1.528     0.167    -0.058
      1.535     0.169    -0.058
      1.542     0.172    -0.058
      1.549     0.175    -0.058
      1.556     0.178    -0.059
      1.563     0.181    -0.059
      1.570     0.184    -0.059
      1.576     0.186    -0.059
      1.584     0.189    -0.059
      1.592     0.192    -0.059
      1.599     0.195    -0.060
      1.607     0.198    -0.060
      1.614     0.201    -0.060
      1.621     0.204    -0.060
      1.628     0.207    -0.060
      1.635     0.209    -0.060
      1.642     0.212    -0.061
      1.649     0.215    -0.061
      1.656     0.217    -0.061
      1.663     0.220    -0.061
      1.670     0.222    -0.061
      1.677     0.225    -0.061
      1.684     0.228    -0.062
      1.691     0.230    -0.062
      1.698     0.233    -0.062
      1.705     0.235    -0.062
      1.712     0.238    -0.062
      1.719     0.240    -0.062
      1.726     0.243    -0.062
      1.733     0.245    -0.063
      1.740     0.248    -0.063
      1.747     0.250    -0.063
      1.754     0.252    -0.063
      1.761     0.255    -0.063
      1.768     0.257    -0.063
      1.775     0.260    -0.063
      1.783     0.262    -0.064
      1.791     0.265    -0.064
      1.799     0.267    -0.064
      1.807     0.270    -0.064
      1.815     0.272    -0.064
      1.822     0.275    -0.064
      1.829     0.277    -0.064
      1.836     0.279    -0.065
      1.843     0.281    -0.065
      1.851     0.283    -0.065
      1.858     0.286    -0.065
      1.865     0.288    -0.065
      1.873     0.290    -0.065
      1.881     0.292    -0.065
      1.889     0.295    -0.065
      1.897     0.297    -0.066
      1.905     0.299    -0.066
      1.913     0.302    -0.066
      1.921     0.304    -0.066
      1.929     0.306    -0.066
      1.937     0.308    -0.066
      1.945     0.310    -0.066
      1.952     0.313    -0.066
      1.960     0.315    -0.067
      1.968     0.317    -0.067
      1.976     0.319    -0.067
      1.983     0.321    -0.067
      1.991     0.322    -0.067
      1.998     0.324    -0.067
      2.005     0.326    -0.067
      2.013     0.328    -0.067
      2.020     0.330    -0.067
      2.027     0.331    -0.067
      2.034     0.333    -0.068
      2.041     0.335    -0.068
      2.049     0.336    -0.068
      2.056     0.338    -0.068
      2.063     0.340    -0.068
      2.071     0.341    -0.068
      2.078     0.343    -0.068
      2.086     0.345    -0.068
      2.093     0.346    -0.068
      2.100     0.348    -0.068
      2.108     0.349    -0.068
      2.115     0.351    -0.068
      2.123     0.352    -0.069
      2.130     0.354    -0.069
      2.138     0.355    -0.069
      2.145     0.357    -0.069
      2.152     0.358    -0.069
      2.159     0.360    -0.069
      2.166     0.361    -0.069
      2.172     0.362    -0.069
      2.179     0.363    -0.069
      2.186     0.365    -0.069
      2.194     0.366    -0.069
      2.201     0.367    -0.069
      2.209     0.368    -0.069
      2.216     0.370    -0.069
      2.224     0.371    -0.069
      2.231     0.372    -0.069
      2.239     0.373    -0.070
      2.246     0.374    -0.070
      2.252     0.376    -0.070
      2.259     0.377    -0.070
      2.266     0.378    -0.070
      2.273     0.379    -0.070
      2.280     0.380    -0.070
      2.287     0.381    -0.070
      2.294     0.382    -0.070
      2.301     0.382    -0.070
      2.308     0.383    -0.070
      2.315     0.384    -0.070
      2.322     0.385    -0.070
      2.330     0.386    -0.070
      2.338     0.387    -0.070
      2.346     0.388    -0.070
      2.355     0.389    -0.070
      2.362     0.390    -0.070
      2.370     0.391    -0.070
      2.377     0.392    -0.070
      2.385     0.392    -0.070
      2.393     0.393    -0.070
      2.400     0.394    -0.070
      2.408     0.395    -0.070
      2.415     0.395    -0.070
      2.422     0.396    -0.070
      2.429     0.396    -0.070
      2.436     0.397    -0.070
      2.443     0.398    -0.070
      2.450     0.398    -0.070
      2.457     0.399    -0.070
      2.464     0.399    -0.070
      2.471     0.400    -0.070
      2.478     0.400    -0.070
      2.485     0.400    -0.070
      2.492     0.401    -0.070
      2.501     0.401    -0.070
      2.509     0.402    -0.070
      2.517     0.402    -0.070
      2.525     0.403    -0.070
      2.533     0.403    -0.070
      2.540     0.403    -0.070
      2.547     0.404    -0.070
      2.554     0.404    -0.070
      2.561     0.404    -0.070
      2.568     0.404    -0.070
      2.575     0.404    -0.070
      2.581     0.405    -0.070
      2.588     0.405    -0.070
      2.595     0.405    -0.070
      2.601     0.405    -0.070
      2.609     0.405    -0.070
      2.616     0.405    -0.070
      2.624     0.405    -0.070
      2.631     0.405    -0.070
      2.639     0.405    -0.070
      2.646     0.405    -0.070
      2.654     0.405    -0.070
      2.661     0.405    -0.070
      2.669     0.405    -0.070
      2.677     0.405    -0.070
      2.686     0.405    -0.070
      2.694     0.405    -0.070
      2.702     0.405    -0.070
      2.710     0.404    -0.070
      2.718     0.404    -0.070
      2.726     0.404    -0.070
      2.734     0.404    -0.070
      2.741     0.403    -0.070
      2.749     0.403    -0.070
      2.757     0.403    -0.069
      2.765     0.402    -0.069
      2.772     0.402    -0.069
      2.780     0.401    -0.069
      2.788     0.401    -0.069
      2.796     0.401    -0.069
      2.803     0.400    -0.069
      2.811     0.400    -0.069
      2.818     0.399    -0.069
      2.826     0.398    -0.069
      2.834     0.398    -0.069
      2.842     0.397    -0.069
      2.850     0.397    -0.069
      2.857     0.396    -0.069
      2.865     0.395    -0.069
      2.873     0.395    -0.068
      2.880     0.394    -0.068
      2.888     0.393    -0.068
      2.896     0.392    -0.068
      2.904     0.392    -0.068
      2.911     0.391    -0.068
      2.919     0.390    -0.068
      2.927     0.389    -0.068
      2.935     0.388    -0.068
      2.943     0.387    -0.068
      2.950     0.386    -0.068
      2.958     0.385    -0.068
      2.966     0.384    -0.067
      2.974     0.383    -0.067
      2.982     0.382    -0.067
      2.989     0.381    -0.067
      2.997     0.380    -0.067
      3.004     0.379    -0.067
      3.012     0.378    -0.067
      3.020     0.377    -0.067
      3.028     0.376    -0.067
      3.036     0.374    -0.067
      3.043     0.373    -0.066
      3.051     0.372    -0.066
      3.059     0.371    -0.066
      3.067     0.369    -0.066
      3.075     0.368    -0.066
      3.082     0.367    -0.066
      3.090     0.365    -0.066
      3.098     0.364    -0.066
      3.106     0.362    -0.065
      3.114     0.361    -0.065
      3.121     0.359    -0.065
      3.128     0.358    -0.065
      3.136     0.357    -0.065
      3.143     0.355    -0.065
      3.150     0.354    -0.065
      3.157     0.352    -0.065
      3.164     0.351    -0.065
      3.172     0.349    -0.064
      3.180     0.348    -0.064
      3.187     0.346    -0.064
      3.195     0.344    -0.064
      3.203     0.342    -0.064
      3.211     0.341    -0.064
      3.218     0.339    -0.064
      3.226     0.337    -0.063
      3.234     0.335    -0.063
      3.241     0.334    -0.063
      3.249     0.332    -0.063
      3.257     0.330    -0.063
      3.265     0.328    -0.063
      3.272     0.326    -0.063
      3.280     0.324    -0.062
      3.288     0.322    -0.062
      3.296     0.320    -0.062
      3.303     0.318    -0.062
      3.311     0.316    -0.062
      3.319     0.314    -0.062
      3.327     0.312    -0.061
      3.334     0.310    -0.061
      3.342     0.308    -0.061
      3.349     0.306    -0.061
      3.356     0.304    -0.061
      3.363     0.302    -0.061
      3.371     0.300    -0.060
      3.378     0.298    -0.060
      3.385     0.296    -0.060
      3.392     0.293    -0.060
      3.400     0.291    -0.060
      3.408     0.289    -0.060
      3.416     0.286    -0.059
      3.423     0.284    -0.059
      3.431     0.282    -0.059
      3.439     0.279    -0.059
      3.446     0.277    -0.059
      3.453     0.275    -0.059
      3.460     0.272    -0.058
      3.467     0.270    -0.058
      3.474     0.268    -0.058
      3.481     0.266    -0.058
      3.488     0.263    -0.058
      3.495     0.261    -0.058
      3.502     0.258    -0.057
      3.509     0.256    -0.057
      3.516     0.254    -0.057
      3.524     0.251    -0.057
      3.530     0.249    -0.057
      3.537     0.247    -0.057
      3.543     0.244    -0.056
      3.550     0.242    -0.056
      3.557     0.240    -0.056
      3.564     0.237    -0.056
      3.572     0.234    -0.056
      3.580     0.231    -0.055
      3.587     0.229    -0.055
      3.595     0.226    -0.055
      3.602     0.223    -0.055
      3.610     0.220    -0.055
      3.617     0.217    -0.054
      3.625     0.214    -0.054
      3.633     0.211    -0.054
      3.640     0.208    -0.054
      3.648     0.206    -0.054
      3.656     0.203    -0.053
      3.663     0.200    -0.053
      3.671     0.196    -0.053
      3.678     0.193    -0.053
      3.686     0.190    -0.053
      3.694     0.187    -0.052
      3.701     0.184    -0.052
      3.709     0.181    -0.052
      3.716     0.178    -0.052
      3.724     0.175    -0.051
      3.732     0.172    -0.051
      3.739     0.169    -0.051
      3.746     0.166    -0.051
      3.753     0.163    -0.051
      3.760     0.160    -0.050
      3.767     0.157    -0.050
      3.773     0.154    -0.050
      3.781     0.150    -0.050
      3.789     0.147    -0.050
      3.796     0.144    -0.049
      3.804     0.140    -0.049
      3.811     0.137    -0.049
      3.819     0.134    -0.049
      3.827     0.130    -0.048
      3.833     0.127    -0.048
      3.840     0.124    -0.048
      3.847     0.121    -0.048
      3.854     0.118    -0.048
      3.861     0.114    -0.047
      3.868     0.111    -0.047
      3.875     0.108    -0.047
      3.882     0.105    -0.047
      3.889     0.101    -0.047
      3.896     0.098    -0.046
      3.903     0.095    -0.046
      3.910     0.091    -0.046
      3.916     0.088    -0.046
      3.923     0.085    -0.045
      3.929     0.082    -0.045
      3.936     0.079    -0.045
      3.942     0.076    -0.045
      3.949     0.072    -0.045
      3.955     0.069    -0.044
      3.962     0.066    -0.044
      3.968     0.063    -0.044
      3.975     0.059    -0.044
      3.982     0.056    -0.044
      3.988     0.053    -0.043
      3.995     0.049    -0.043
      4.002     0.046    -0.043
      4.008     0.042    -0.043
      4.015     0.039    -0.042
      4.022     0.035    -0.042
      4.029     0.032    -0.042
      4.036     0.028    -0.042
      4.043     0.025    -0.042
      4.050     0.021    -0.041
      4.056     0.018    -0.041
      4.063     0.014    -0.041
      4.070     0.010    -0.041
      4.077     0.007    -0.040
      4.083     0.003    -0.040
      4.090    -0.000    -0.040
      4.096    -0.004    -0.040
      4.103    -0.007    -0.039
      4.109    -0.011    -0.039
      4.116    -0.014    -0.039
      4.123    -0.018    -0.039
      4.130    -0.022    -0.039
      4.137    -0.025    -0.038
      4.143    -0.029    -0.038
      4.150    -0.033    -0.038
      4.157    -0.037    -0.038
      4.163    -0.040    -0.037
      4.169    -0.044    -0.037
      4.176    -0.047    -0.037
      4.182    -0.051    -0.037
      4.189    -0.055    -0.037
      4.195    -0.058    -0.036
      4.202    -0.062    -0.036
      4.208    -0.065    -0.036
      4.214    -0.069    -0.036
      4.221    -0.073    -0.035
      4.227    -0.076    -0.035
      4.233    -0.080    -0.035
      4.240    -0.084    -0.035
      4.246    -0.087    -0.035
      4.253    -0.091    -0.034
      4.259    -0.095    -0.034
      4.266    -0.099    -0.034
      4.272    -0.103    -0.034
      4.279    -0.106    -0.033
      4.286    -0.110    -0.033
      4.292    -0.114    -0.033
      4.299    -0.118    -0.033
      4.306    -0.122    -0.032
      4.313    -0.126    -0.032
      4.320    -0.131    -0.032
      4.326    -0.135    -0.032
      4.333    -0.139    -0.031
      4.340    -0.143    -0.031
      4.347    -0.147    -0.031
      4.354    -0.151    -0.031
      4.361    -0.155    -0.030
      4.368    -0.160    -0.030
      4.374    -0.164    -0.030
      4.381    -0.168    -0.030
      4.387    -0.172    -0.029
      4.394    -0.176    -0.029
      4.400    -0.180    -0.029
      4.407    -0.184    -0.029
      4.413    -0.188    -0.028
      4.420    -0.192    -0.028
      4.427    -0.196    -0.028
      4.434    -0.201    -0.028
      4.441    -0.205    -0.027
      4.448    -0.209    -0.027
      4.454    -0.213    -0.027
      4.460    -0.217    -0.027
      4.467    -0.221    -0.027
      4.473    -0.225    -0.026
      4.480    -0.229    -0.026
      4.486    -0.234    -0.026
      4.493    -0.238    -0.026
      4.499    -0.242    -0.025
      4.505    -0.246    -0.025
      4.512    -0.250    -0.025
      4.518    -0.254    -0.025
      4.524    -0.258    -0.024
      4.531    -0.262    -0.024
      4.537    -0.266    -0.024
      4.544    -0.271    -0.024
      4.550    -0.275    -0.023
      4.557    -0.279    -0.023
      4.564    -0.284    -0.023
      4.571    -0.288    -0.023
      4.578    -0.293    -0.022
      4.584    -0.297    -0.022
      4.590    -0.301    -0.022
      4.597    -0.305    -0.022
      4.603    -0.309    -0.022
      4.610    -0.314    -0.021
      4.616    -0.318    -0.021
      4.622    -0.322    -0.021
      4.629    -0.326    -0.021
      4.635    -0.331    -0.020
      4.641    -0.335    -0.020
      4.648    -0.339    -0.020
      4.654    -0.343    -0.020
      4.660    -0.347    -0.019
      4.666    -0.352    -0.019
      4.673    -0.356    -0.019
      4.679    -0.360    -0.019
      4.685    -0.364    -0.018
      4.692    -0.369    -0.018
      4.698    -0.373    -0.018
      4.704    -0.377    -0.018
      4.711    -0.381    -0.018
      4.717    -0.386    -0.017
      4.723    -0.390    -0.017
      4.730    -0.394    -0.017
      4.736    -0.399    -0.017
      4.742    -0.403    -0.016
      4.749    -0.407    -0.016
      4.755    -0.412    -0.016
      4.761    -0.416    -0.016
      4.768    -0.420    -0.015
      4.774    -0.425    -0.015
      4.781    -0.430    -0.015
      4.788    -0.434    -0.015
      4.795    -0.439    -0.015
      4.801    -0.444    -0.014
      4.808    -0.448    -0.014
      4.814    -0.453    -0.014
      4.821    -0.457    -0.014
      4.827    -0.461    -0.013
      4.833    -0.466    -0.013
      4.840    -0.470    -0.013
      4.846    -0.475    -0.013
      4.852    -0.479    -0.012
      4.859    -0.483    -0.012
      4.865    -0.488    -0.012
      4.871    -0.492    -0.012
      4.877    -0.497    -0.012
      4.884    -0.501    -0.011
      4.890    -0.505    -0.011
      4.896    -0.510    -0.011
      4.902    -0.514    -0.011
      4.909    -0.519    -0.010
      4.915    -0.523    -0.010
      4.921    -0.527    -0.010
      4.928    -0.532    -0.010
      4.934    -0.536    -0.010
      4.940    -0.541    -0.009
      4.946    -0.545    -0.009
      4.952    -0.549    -0.009
      4.959    -0.554    -0.009
      4.965    -0.558    -0.008
      4.971    -0.563    -0.008
      4.978    -0.567    -0.008
      4.984    -0.572    -0.008
      4.990    -0.576    -0.008
      4.997    -0.581    -0.007
      5.003    -0.585    -0.007
      5.009    -0.590    -0.007
      5.016    -0.594    -0.007
      5.022    -0.599    -0.006
      5.028    -0.603    -0.006
      5.034    -0.608    -0.006
      5.041    -0.612    -0.006
      5.047    -0.617    -0.006
      5.053    -0.621    -0.005
      5.059    -0.626    -0.005
      5.066    -0.630    -0.005
      5.072    -0.635    -0.005
      5.078    -0.639    -0.004
      5.084    -0.644    -0.004
      5.091    -0.648    -0.004
      5.097    -0.653    -0.004
      5.103    -0.657    -0.004
      5.110    -0.662    -0.003
      5.116    -0.666    -0.003
      5.122    -0.671    -0.003
      5.129    -0.675    -0.003
      5.135    -0.680    -0.003
      5.141    -0.684    -0.002
      5.147    -0.689    -0.002
      5.153    -0.693    -0.002
      5.158    -0.697    -0.002
      5.164    -0.701    -0.002
      5.170    -0.705    -0.001
      5.176    -0.709    -0.001
      5.182    -0.714    -0.001
      5.189    -0.719    -0.001
      5.196    -0.724    -0.001
      5.202    -0.729    -0.000
      5.209    -0.734    -0.000
      5.216    -0.738     0.000
      5.222    -0.743     0.000
      5.228    -0.747     0.000
      5.235    -0.752     0.001
      5.241    -0.757     0.001
      5.247    -0.761     0.001
      5.253    -0.766     0.001
      5.260    -0.770     0.001
      5.266    -0.775     0.002
      5.272    -0.779     0.002
      5.279    -0.784     0.002
      5.285    -0.788     0.002
      5.291    -0.793     0.002
      5.297    -0.797     0.003
      5.303    -0.802     0.003
      5.310    -0.806     0.003
      5.316    -0.811     0.003
      5.322    -0.815     0.003
      5.328    -0.820     0.004
      5.335    -0.824     0.004
      5.341    -0.829     0.004
      5.347    -0.833     0.004
      5.353    -0.838     0.004
      5.359    -0.842     0.004
      5.366    -0.847     0.005
      5.372    -0.851     0.005
      5.378    -0.856     0.005
      5.385    -0.860     0.005
      5.391    -0.865     0.005
      5.397    -0.870     0.006
      5.403    -0.874     0.006
      5.410    -0.879     0.006
      5.416    -0.883     0.006
      5.422    -0.888     0.006
      5.429    -0.892     0.007
      5.435    -0.897     0.007
      5.441    -0.901     0.007
      5.447    -0.906     0.007
      5.453    -0.910     0.007
      5.460    -0.915     0.007
      5.466    -0.919     0.008
      5.472    -0.924     0.008
      5.478    -0.928     0.008
      5.485    -0.933     0.008
      5.491    -0.937     0.008
      5.497    -0.942     0.008
      5.504    -0.946     0.009
      5.510    -0.951     0.009
      5.516    -0.955     0.009
      5.523    -0.960     0.009
      5.529    -0.964     0.009
      5.535    -0.969     0.009
      5.541    -0.973     0.010
      5.548    -0.978     0.010
      5.554    -0.982     0.010
      5.559    -0.986     0.010
      5.565    -0.990     0.010
      5.571    -0.994     0.010
      5.577    -0.998     0.010
      5.582    -1.002     0.011
      5.589    -1.007     0.011
      5.595    -1.011     0.011
      5.601    -1.016     0.011
      5.608    -1.020     0.011
      5.614    -1.025     0.011
      5.620    -1.029     0.012
      5.626    -1.034     0.012
      5.632    -1.038     0.012
      5.639    -1.042     0.012
      5.645    -1.047     0.012
      5.651    -1.051     0.012
      5.658    -1.056     0.012
      5.664    -1.060     0.013
      5.670    -1.065     0.013
      5.677    -1.069     0.013
      5.683    -1.074     0.013
      5.689    -1.078     0.013
      5.695    -1.082     0.013
      5.702    -1.087     0.013
      5.708    -1.091     0.014
      5.714    -1.096     0.014
      5.721    -1.100     0.014
      5.727    -1.104     0.014
      5.733    -1.109     0.014
      5.739    -1.113     0.014
      5.744    -1.117     0.014
      5.750    -1.121     0.014
      5.756    -1.125     0.015
      5.762    -1.129     0.015
      5.768    -1.133     0.015
      5.775    -1.137     0.015
      5.781    -1.142     0.015
      5.787    -1.146     0.015
      5.794    -1.151     0.015
      5.800    -1.155     0.015
      5.806    -1.159     0.016
      5.812    -1.163     0.016
      5.818    -1.167     0.016
      5.824    -1.171     0.016
      5.829    -1.175     0.016
      5.835    -1.179     0.016
      5.841    -1.183     0.016
      5.847    -1.187     0.016
      5.853    -1.191     0.016
      5.859    -1.195     0.017
      5.864    -1.199     0.017
      5.870    -1.203     0.017
      5.876    -1.207     0.017
      5.883    -1.212     0.017
      5.890    -1.216     0.017
      5.897    -1.221     0.017
      5.903    -1.225     0.017
      5.910    -1.230     0.017
      5.917    -1.234     0.018
      5.924    -1.239     0.018
      5.930    -1.243     0.018
      5.937    -1.248     0.018
      5.944    -1.252     0.018
      5.950    -1.257     0.018
      5.957    -1.261     0.018
      5.963    -1.265     0.018
      5.969    -1.269     0.018
      5.976    -1.274     0.019
      5.982    -1.278     0.019
      5.988    -1.282     0.019
      5.995    -1.286     0.019
      6.001    -1.290     0.019
      6.007    -1.294     0.019
      6.014    -1.299     0.019
      6.020    -1.303     0.019
      6.026    -1.307     0.019
      6.032    -1.311     0.019
      6.039    -1.315     0.019
      6.045    -1.319     0.019
      6.052    -1.323     0.020
      6.058    -1.327     0.020
      6.064    -1.331     0.020
      6.071    -1.335     0.020
      6.077    -1.339     0.020
      6.083    -1.343     0.020
      6.089    -1.348     0.020
      6.096    -1.352     0.020
      6.102    -1.356     0.020
      6.109    -1.360     0.020
      6.115    -1.364     0.020
      6.121    -1.368     0.020
      6.128    -1.372     0.020
      6.134    -1.376     0.020
      6.141    -1.380     0.020
      6.147    -1.384     0.021
      6.153    -1.388     0.021
      6.160    -1.392     0.021
      6.166    -1.396     0.021
      6.172    -1.400     0.021
      6.179    -1.404     0.021
      6.185    -1.408     0.021
      6.191    -1.412     0.021
      6.198    -1.416     0.021
      6.204    -1.420     0.021
      6.211    -1.424     0.021
      6.217    -1.427     0.021
      6.223    -1.431     0.021
      6.230    -1.435     0.021
      6.236    -1.439     0.021
      6.243    -1.443     0.021
      6.249    -1.447     0.021
      6.256    -1.451     0.021
      6.262    -1.455     0.021
      6.269    -1.459     0.021
      6.275    -1.463     0.021
      6.281    -1.466     0.022
      6.288    -1.471     0.022
      6.296    -1.475     0.022
      6.303    -1.479     0.022
      6.310    -1.483     0.022
      6.317    -1.487     0.022
      6.323    -1.491     0.022
      6.330    -1.495     0.022
      6.336    -1.499     0.022
      6.343    -1.503     0.022
      6.349    -1.506     0.022
      6.355    -1.510     0.022
      6.362    -1.514     0.022
      6.368    -1.517     0.022
      6.374    -1.521     0.022
      6.381    -1.525     0.022
      6.387    -1.528     0.022
      6.394    -1.532     0.022
      6.400    -1.536     0.022
      6.407    -1.539     0.022
      6.413    -1.543     0.022
      6.420    -1.547     0.022
      6.426    -1.550     0.022
      6.433    -1.554     0.022
      6.439    -1.558     0.022
      6.446    -1.561     0.022
      6.452    -1.565     0.022
      6.459    -1.569     0.022
      6.465    -1.572     0.022
      6.472    -1.576     0.022
      6.479    -1.580     0.022
      6.487    -1.584     0.022
      6.494    -1.588     0.022
      6.501    -1.592     0.022
      6.507    -1.595     0.022
      6.514    -1.599     0.022
      6.520    -1.602     0.022
      6.527    -1.606     0.022
      6.533    -1.609     0.022
      6.540    -1.613     0.022
      6.546    -1.616     0.022
      6.554    -1.620     0.022
      6.561    -1.624     0.022
      6.568    -1.627     0.021
      6.575    -1.631     0.021
      6.582    -1.635     0.021
      6.589    -1.639     0.021
      6.597    -1.642     0.021
      6.604    -1.646     0.021
      6.611    -1.650     0.021
      6.618    -1.653     0.021
      6.625    -1.657     0.021
      6.632    -1.661     0.021
      6.639    -1.664     0.021
      6.647    -1.668     0.021
      6.653    -1.671     0.021
      6.660    -1.674     0.021
      6.666    -1.678     0.021
      6.673    -1.681     0.021
      6.679    -1.684     0.021
      6.686    -1.687     0.021
      6.692    -1.690     0.021
      6.698    -1.694     0.020
      6.705    -1.697     0.020
      6.711    -1.700     0.020
      6.718    -1.703     0.020
      6.725    -1.706     0.020
      6.731    -1.709     0.020
      6.738    -1.712     0.020
      6.744    -1.716     0.020
      6.751    -1.719     0.020
      6.758    -1.722     0.020
      6.764    -1.725     0.020
      6.771    -1.728     0.020
      6.777    -1.731     0.020
      6.784    -1.734     0.019
      6.791    -1.737     0.019
      6.797    -1.740     0.019
      6.804    -1.743     0.019
      6.812    -1.747     0.019
      6.819    -1.750     0.019
      6.826    -1.753     0.019
      6.834    -1.757     0.019
      6.840    -1.760     0.019
      6.847    -1.762     0.019
      6.853    -1.765     0.018
      6.860    -1.768     0.018
      6.867    -1.771     0.018
      6.873    -1.774     0.018
      6.880    -1.777     0.018
      6.887    -1.780     0.018
      6.895    -1.783     0.018
      6.902    -1.786     0.018
      6.909    -1.789     0.018
      6.917    -1.793     0.017
      6.924    -1.796     0.017
      6.931    -1.799     0.017
      6.938    -1.802     0.017
      6.946    -1.805     0.017
      6.953    -1.808     0.017
      6.960    -1.811     0.017
      6.968    -1.814     0.016
      6.975    -1.817     0.016
      6.982    -1.819     0.016
      6.989    -1.822     0.016
      6.995    -1.825     0.016
      7.002    -1.827     0.016
      7.009    -1.830     0.016
      7.016    -1.833     0.015
      7.022    -1.835     0.015
      7.029    -1.838     0.015
      7.036    -1.841     0.015
      7.044    -1.844     0.015
      7.051    -1.846     0.015
      7.059    -1.849     0.014
      7.066    -1.852     0.014
      7.073    -1.855     0.014
      7.081    -1.857     0.014
      7.088    -1.860     0.014
      7.096    -1.863     0.014
      7.103    -1.866     0.013
      7.110    -1.868     0.013
      7.118    -1.871     0.013
      7.125    -1.873     0.013
      7.132    -1.876     0.013
      7.140    -1.879     0.012
      7.147    -1.881     0.012
      7.154    -1.884     0.012
      7.162    -1.886     0.012
      7.169    -1.889     0.012
      7.177    -1.891     0.011
      7.184    -1.894     0.011
      7.191    -1.896     0.011
      7.199    -1.899     0.011
      7.206    -1.901     0.011
      7.214    -1.904     0.010
      7.221    -1.906     0.010
      7.229    -1.908     0.010
      7.236    -1.911     0.010
      7.244    -1.913     0.009
      7.251    -1.915     0.009
