Warning:

C:\Users\hehon\Desktop\Motoman\Welding_Motoman\data\blade0.1\nx_curve_sampling.dll is compiled with an older version of the compiler [14.0] vs [14.20]
Expecting programs to be compiled at 14.20


Count of Points:890

WCS coordinates of Points:
      1.176     0.003    -0.142
      1.183     0.007    -0.142
      1.189     0.010    -0.142
      1.196     0.014    -0.142
      1.202     0.017    -0.142
      1.209     0.021    -0.143
      1.216     0.024    -0.143
      1.222     0.028    -0.143
      1.229     0.032    -0.143
      1.237     0.035    -0.144
      1.244     0.039    -0.144
      1.251     0.043    -0.144
      1.259     0.047    -0.144
      1.266     0.050    -0.145
      1.273     0.054    -0.145
      1.281     0.058    -0.145
      1.288     0.061    -0.145
      1.295     0.065    -0.146
      1.302     0.068    -0.146
      1.310     0.072    -0.146
      1.317     0.076    -0.146
      1.324     0.079    -0.146
      1.331     0.083    -0.147
      1.339     0.086    -0.147
      1.346     0.090    -0.147
      1.354     0.093    -0.147
      1.361     0.097    -0.148
      1.368     0.100    -0.148
      1.376     0.104    -0.148
      1.383     0.107    -0.148
      1.390     0.110    -0.148
      1.398     0.114    -0.149
      1.405     0.117    -0.149
      1.412     0.121    -0.149
      1.420     0.124    -0.149
      1.427     0.127    -0.150
      1.435     0.131    -0.150
      1.442     0.134    -0.150
      1.450     0.138    -0.150
      1.457     0.141    -0.150
      1.465     0.144    -0.151
      1.472     0.147    -0.151
      1.480     0.151    -0.151
      1.487     0.154    -0.151
      1.495     0.157    -0.151
      1.502     0.160    -0.152
      1.509     0.163    -0.152
      1.517     0.167    -0.152
      1.525     0.170    -0.152
      1.532     0.173    -0.152
      1.540     0.176    -0.153
      1.547     0.179    -0.153
      1.555     0.182    -0.153
      1.563     0.185    -0.153
      1.570     0.188    -0.153
      1.578     0.191    -0.154
      1.585     0.194    -0.154
      1.593     0.197    -0.154
      1.601     0.200    -0.154
      1.608     0.203    -0.154
      1.616     0.206    -0.154
      1.623     0.209    -0.155
      1.630     0.212    -0.155
      1.637     0.214    -0.155
      1.644     0.217    -0.155
      1.651     0.220    -0.155
      1.658     0.222    -0.155
      1.666     0.225    -0.156
      1.674     0.228    -0.156
      1.681     0.231    -0.156
      1.689     0.234    -0.156
      1.697     0.236    -0.156
      1.704     0.239    -0.156
      1.712     0.242    -0.157
      1.720     0.244    -0.157
      1.727     0.247    -0.157
      1.735     0.250    -0.157
      1.743     0.252    -0.157
      1.751     0.255    -0.157
      1.758     0.258    -0.158
      1.766     0.260    -0.158
      1.774     0.263    -0.158
      1.782     0.265    -0.158
      1.790     0.268    -0.158
      1.797     0.270    -0.158
      1.805     0.273    -0.158
      1.813     0.275    -0.159
      1.821     0.278    -0.159
      1.829     0.280    -0.159
      1.837     0.283    -0.159
      1.844     0.285    -0.159
      1.851     0.287    -0.159
      1.858     0.289    -0.159
      1.865     0.291    -0.160
      1.873     0.294    -0.160
      1.880     0.296    -0.160
      1.888     0.298    -0.160
      1.896     0.300    -0.160
      1.904     0.303    -0.160
      1.912     0.305    -0.160
      1.919     0.307    -0.160
      1.927     0.309    -0.161
      1.935     0.311    -0.161
      1.943     0.313    -0.161
      1.950     0.315    -0.161
      1.957     0.317    -0.161
      1.964     0.319    -0.161
      1.972     0.321    -0.161
      1.979     0.323    -0.161
      1.986     0.325    -0.161
      1.994     0.326    -0.161
      2.001     0.328    -0.162
      2.008     0.330    -0.162
      2.016     0.332    -0.162
      2.023     0.334    -0.162
      2.030     0.335    -0.162
      2.037     0.337    -0.162
      2.044     0.338    -0.162
      2.050     0.340    -0.162
      2.057     0.342    -0.162
      2.065     0.343    -0.162
      2.073     0.345    -0.162
      2.081     0.347    -0.163
      2.089     0.349    -0.163
      2.097     0.350    -0.163
      2.105     0.352    -0.163
      2.113     0.353    -0.163
      2.121     0.355    -0.163
      2.129     0.357    -0.163
      2.137     0.358    -0.163
      2.145     0.360    -0.163
      2.153     0.361    -0.163
      2.161     0.363    -0.163
      2.169     0.364    -0.163
      2.177     0.366    -0.164
      2.185     0.367    -0.164
      2.194     0.369    -0.164
      2.202     0.370    -0.164
      2.210     0.371    -0.164
      2.218     0.373    -0.164
      2.226     0.374    -0.164
      2.234     0.375    -0.164
      2.242     0.377    -0.164
      2.250     0.378    -0.164
      2.257     0.379    -0.164
      2.264     0.380    -0.164
      2.272     0.381    -0.164
      2.279     0.382    -0.164
      2.287     0.383    -0.164
      2.295     0.384    -0.164
      2.303     0.385    -0.164
      2.311     0.386    -0.164
      2.319     0.387    -0.164
      2.328     0.388    -0.164
      2.336     0.389    -0.165
      2.344     0.390    -0.165
      2.351     0.391    -0.165
      2.359     0.392    -0.165
      2.366     0.393    -0.165
      2.374     0.394    -0.165
      2.381     0.394    -0.165
      2.389     0.395    -0.165
      2.396     0.396    -0.165
      2.404     0.397    -0.165
      2.411     0.397    -0.165
      2.419     0.398    -0.165
      2.426     0.399    -0.165
      2.434     0.399    -0.165
      2.441     0.400    -0.165
      2.448     0.400    -0.165
      2.455     0.401    -0.165
      2.462     0.401    -0.165
      2.469     0.402    -0.165
      2.477     0.402    -0.165
      2.486     0.403    -0.165
      2.494     0.403    -0.165
      2.502     0.404    -0.165
      2.510     0.404    -0.165
      2.518     0.405    -0.165
      2.527     0.405    -0.165
      2.534     0.405    -0.165
      2.542     0.406    -0.165
      2.549     0.406    -0.165
      2.557     0.406    -0.165
      2.564     0.406    -0.165
      2.572     0.407    -0.165
      2.579     0.407    -0.165
      2.587     0.407    -0.165
      2.594     0.407    -0.165
      2.602     0.407    -0.165
      2.609     0.407    -0.165
      2.617     0.407    -0.165
      2.624     0.407    -0.165
      2.631     0.407    -0.165
      2.638     0.407    -0.165
      2.645     0.407    -0.165
      2.652     0.407    -0.165
      2.660     0.407    -0.164
      2.668     0.407    -0.164
      2.675     0.407    -0.164
      2.683     0.407    -0.164
      2.690     0.407    -0.164
      2.698     0.407    -0.164
      2.705     0.407    -0.164
      2.712     0.406    -0.164
      2.719     0.406    -0.164
      2.726     0.406    -0.164
      2.733     0.406    -0.164
      2.740     0.405    -0.164
      2.747     0.405    -0.164
      2.754     0.405    -0.164
      2.762     0.405    -0.164
      2.769     0.404    -0.164
      2.776     0.404    -0.164
      2.783     0.403    -0.164
      2.790     0.403    -0.164
      2.797     0.403    -0.164
      2.804     0.402    -0.164
      2.811     0.402    -0.164
      2.819     0.401    -0.163
      2.826     0.401    -0.163
      2.834     0.400    -0.163
      2.841     0.399    -0.163
      2.849     0.399    -0.163
      2.857     0.398    -0.163
      2.865     0.397    -0.163
      2.873     0.397    -0.163
      2.881     0.396    -0.163
      2.889     0.395    -0.163
      2.898     0.394    -0.163
      2.906     0.393    -0.163
      2.914     0.393    -0.163
      2.922     0.392    -0.162
      2.930     0.391    -0.162
      2.938     0.390    -0.162
      2.946     0.389    -0.162
      2.954     0.388    -0.162
      2.962     0.387    -0.162
      2.970     0.386    -0.162
      2.978     0.385    -0.162
      2.987     0.384    -0.162
      2.995     0.383    -0.162
      3.003     0.381    -0.161
      3.011     0.380    -0.161
      3.019     0.379    -0.161
      3.027     0.378    -0.161
      3.035     0.377    -0.161
      3.043     0.375    -0.161
      3.051     0.374    -0.161
      3.059     0.373    -0.161
      3.067     0.371    -0.161
      3.075     0.370    -0.160
      3.083     0.369    -0.160
      3.091     0.367    -0.160
      3.099     0.366    -0.160
      3.107     0.364    -0.160
      3.115     0.363    -0.160
      3.124     0.361    -0.160
      3.132     0.360    -0.160
      3.139     0.358    -0.159
      3.147     0.357    -0.159
      3.155     0.355    -0.159
      3.163     0.353    -0.159
      3.171     0.352    -0.159
      3.179     0.350    -0.159
      3.187     0.348    -0.159
      3.195     0.346    -0.158
      3.203     0.345    -0.158
      3.211     0.343    -0.158
      3.219     0.341    -0.158
      3.227     0.339    -0.158
      3.235     0.337    -0.158
      3.243     0.335    -0.158
      3.251     0.334    -0.157
      3.259     0.332    -0.157
      3.267     0.330    -0.157
      3.275     0.328    -0.157
      3.282     0.326    -0.157
      3.290     0.324    -0.157
      3.297     0.322    -0.157
      3.304     0.320    -0.156
      3.312     0.318    -0.156
      3.319     0.316    -0.156
      3.327     0.314    -0.156
      3.335     0.312    -0.156
      3.343     0.310    -0.156
      3.351     0.308    -0.155
      3.358     0.306    -0.155
      3.366     0.303    -0.155
      3.374     0.301    -0.155
      3.382     0.299    -0.155
      3.389     0.297    -0.155
      3.397     0.294    -0.154
      3.405     0.292    -0.154
      3.413     0.290    -0.154
      3.421     0.287    -0.154
      3.429     0.285    -0.154
      3.436     0.282    -0.154
      3.444     0.280    -0.153
      3.452     0.277    -0.153
      3.460     0.275    -0.153
      3.468     0.272    -0.153
      3.476     0.270    -0.153
      3.483     0.267    -0.152
      3.491     0.265    -0.152
      3.499     0.262    -0.152
      3.506     0.260    -0.152
      3.513     0.257    -0.152
      3.520     0.255    -0.151
      3.527     0.252    -0.151
      3.535     0.250    -0.151
      3.542     0.247    -0.151
      3.549     0.245    -0.151
      3.557     0.242    -0.151
      3.565     0.239    -0.150
      3.573     0.236    -0.150
      3.580     0.234    -0.150
      3.588     0.231    -0.150
      3.596     0.228    -0.150
      3.603     0.225    -0.149
      3.610     0.223    -0.149
      3.617     0.220    -0.149
      3.624     0.217    -0.149
      3.631     0.215    -0.149
      3.638     0.212    -0.148
      3.645     0.209    -0.148
      3.652     0.207    -0.148
      3.659     0.204    -0.148
      3.666     0.201    -0.148
      3.673     0.198    -0.147
      3.680     0.195    -0.147
      3.687     0.193    -0.147
      3.693     0.190    -0.147
      3.700     0.187    -0.147
      3.706     0.185    -0.147
      3.713     0.182    -0.146
      3.720     0.179    -0.146
      3.728     0.176    -0.146
      3.736     0.173    -0.146
      3.743     0.169    -0.145
      3.751     0.166    -0.145
      3.758     0.163    -0.145
      3.765     0.160    -0.145
      3.773     0.157    -0.145
      3.780     0.154    -0.144
      3.788     0.150    -0.144
      3.795     0.147    -0.144
      3.803     0.144    -0.144
      3.810     0.140    -0.143
      3.818     0.137    -0.143
      3.825     0.134    -0.143
      3.833     0.130    -0.143
      3.840     0.127    -0.143
      3.848     0.123    -0.142
      3.855     0.120    -0.142
      3.863     0.117    -0.142
      3.870     0.113    -0.142
      3.878     0.110    -0.141
      3.885     0.106    -0.141
      3.892     0.103    -0.141
      3.899     0.100    -0.141
      3.905     0.096    -0.141
      3.912     0.093    -0.140
      3.919     0.090    -0.140
      3.926     0.087    -0.140
      3.933     0.083    -0.140
      3.941     0.080    -0.139
      3.948     0.076    -0.139
      3.955     0.072    -0.139
      3.963     0.069    -0.139
      3.970     0.065    -0.138
      3.977     0.061    -0.138
      3.984     0.058    -0.138
      3.991     0.055    -0.138
      3.998     0.051    -0.138
      4.004     0.048    -0.137
      4.011     0.044    -0.137
      4.018     0.041    -0.137
      4.024     0.038    -0.137
      4.031     0.034    -0.136
      4.038     0.031    -0.136
      4.044     0.027    -0.136
      4.051     0.024    -0.136
      4.058     0.020    -0.136
      4.064     0.017    -0.135
      4.070     0.014    -0.135
      4.077     0.010    -0.135
      4.083     0.007    -0.135
      4.089     0.004    -0.134
      4.096    -0.000    -0.134
      4.104    -0.004    -0.134
      4.111    -0.008    -0.134
      4.118    -0.012    -0.133
      4.125    -0.016    -0.133
      4.133    -0.020    -0.133
      4.140    -0.024    -0.133
      4.146    -0.027    -0.133
      4.153    -0.031    -0.132
      4.160    -0.035    -0.132
      4.166    -0.038    -0.132
      4.173    -0.042    -0.132
      4.179    -0.046    -0.131
      4.186    -0.049    -0.131
      4.192    -0.053    -0.131
      4.199    -0.057    -0.131
      4.205    -0.060    -0.130
      4.212    -0.064    -0.130
      4.219    -0.068    -0.130
      4.225    -0.071    -0.130
      4.231    -0.075    -0.130
      4.237    -0.078    -0.129
      4.243    -0.082    -0.129
      4.249    -0.085    -0.129
      4.256    -0.089    -0.129
      4.262    -0.093    -0.128
      4.269    -0.097    -0.128
      4.275    -0.101    -0.128
      4.282    -0.104    -0.128
      4.288    -0.108    -0.128
      4.294    -0.112    -0.127
      4.301    -0.115    -0.127
      4.307    -0.119    -0.127
      4.313    -0.123    -0.127
      4.319    -0.126    -0.126
      4.325    -0.130    -0.126
      4.331    -0.134    -0.126
      4.337    -0.137    -0.126
      4.343    -0.141    -0.126
      4.349    -0.145    -0.125
      4.355    -0.148    -0.125
      4.361    -0.152    -0.125
      4.367    -0.155    -0.125
      4.373    -0.159    -0.124
      4.379    -0.163    -0.124
      4.386    -0.167    -0.124
      4.392    -0.171    -0.124
      4.398    -0.174    -0.124
      4.404    -0.178    -0.123
      4.410    -0.182    -0.123
      4.417    -0.186    -0.123
      4.423    -0.190    -0.123
      4.429    -0.194    -0.122
      4.436    -0.198    -0.122
      4.442    -0.202    -0.122
      4.449    -0.206    -0.122
      4.455    -0.210    -0.121
      4.462    -0.214    -0.121
      4.468    -0.218    -0.121
      4.475    -0.222    -0.121
      4.481    -0.226    -0.121
      4.488    -0.230    -0.120
      4.494    -0.235    -0.120
      4.500    -0.239    -0.120
      4.507    -0.243    -0.120
      4.513    -0.246    -0.119
      4.519    -0.250    -0.119
      4.525    -0.254    -0.119
      4.531    -0.258    -0.119
      4.537    -0.262    -0.118
      4.544    -0.266    -0.118
      4.550    -0.271    -0.118
      4.556    -0.275    -0.118
      4.563    -0.279    -0.118
      4.569    -0.283    -0.117
      4.575    -0.287    -0.117
      4.581    -0.291    -0.117
      4.587    -0.295    -0.117
      4.593    -0.299    -0.116
      4.599    -0.303    -0.116
      4.605    -0.307    -0.116
      4.611    -0.311    -0.116
      4.617    -0.315    -0.116
      4.623    -0.319    -0.115
      4.629    -0.323    -0.115
      4.635    -0.327    -0.115
      4.641    -0.331    -0.115
      4.647    -0.335    -0.114
      4.653    -0.338    -0.114
      4.659    -0.343    -0.114
      4.666    -0.347    -0.114
      4.672    -0.351    -0.114
      4.678    -0.355    -0.113
      4.685    -0.360    -0.113
      4.691    -0.364    -0.113
      4.697    -0.368    -0.113
      4.703    -0.372    -0.112
      4.709    -0.376    -0.112
      4.715    -0.380    -0.112
      4.721    -0.384    -0.112
      4.727    -0.388    -0.112
      4.733    -0.392    -0.111
      4.739    -0.396    -0.111
      4.745    -0.400    -0.111
      4.751    -0.405    -0.111
      4.757    -0.409    -0.110
      4.762    -0.413    -0.110
      4.768    -0.417    -0.110
      4.774    -0.421    -0.110
      4.780    -0.425    -0.110
      4.786    -0.429    -0.109
      4.792    -0.433    -0.109
      4.798    -0.437    -0.109
      4.804    -0.441    -0.109
      4.810    -0.445    -0.108
      4.815    -0.449    -0.108
      4.821    -0.453    -0.108
      4.827    -0.457    -0.108
      4.833    -0.461    -0.108
      4.839    -0.465    -0.107
      4.845    -0.470    -0.107
      4.851    -0.474    -0.107
      4.857    -0.478    -0.107
      4.863    -0.482    -0.107
      4.869    -0.486    -0.106
      4.875    -0.491    -0.106
      4.881    -0.495    -0.106
      4.887    -0.499    -0.106
      4.894    -0.504    -0.105
      4.900    -0.508    -0.105
      4.906    -0.512    -0.105
      4.912    -0.517    -0.105
      4.918    -0.521    -0.105
      4.924    -0.525    -0.104
      4.930    -0.529    -0.104
      4.936    -0.533    -0.104
      4.941    -0.537    -0.104
      4.947    -0.542    -0.104
      4.953    -0.546    -0.103
      4.959    -0.550    -0.103
      4.965    -0.554    -0.103
      4.971    -0.558    -0.103
      4.976    -0.562    -0.103
      4.982    -0.566    -0.102
      4.988    -0.571    -0.102
      4.994    -0.575    -0.102
      5.000    -0.579    -0.102
      5.006    -0.583    -0.102
      5.011    -0.587    -0.101
      5.017    -0.591    -0.101
      5.023    -0.596    -0.101
      5.029    -0.600    -0.101
      5.035    -0.604    -0.101
      5.040    -0.608    -0.100
      5.046    -0.612    -0.100
      5.052    -0.616    -0.100
      5.058    -0.621    -0.100
      5.064    -0.625    -0.100
      5.070    -0.629    -0.099
      5.076    -0.633    -0.099
      5.081    -0.637    -0.099
      5.087    -0.642    -0.099
      5.093    -0.646    -0.099
      5.099    -0.650    -0.098
      5.105    -0.654    -0.098
      5.111    -0.658    -0.098
      5.116    -0.663    -0.098
      5.122    -0.667    -0.098
      5.128    -0.671    -0.097
      5.134    -0.675    -0.097
      5.140    -0.679    -0.097
      5.145    -0.683    -0.097
      5.151    -0.688    -0.097
      5.157    -0.692    -0.096
      5.163    -0.696    -0.096
      5.169    -0.700    -0.096
      5.175    -0.705    -0.096
      5.181    -0.709    -0.096
      5.186    -0.713    -0.095
      5.192    -0.717    -0.095
      5.198    -0.722    -0.095
      5.204    -0.726    -0.095
      5.210    -0.730    -0.095
      5.216    -0.734    -0.094
      5.222    -0.739    -0.094
      5.229    -0.744    -0.094
      5.235    -0.748    -0.094
      5.241    -0.753    -0.094
      5.248    -0.758    -0.093
      5.254    -0.762    -0.093
      5.260    -0.767    -0.093
      5.267    -0.771    -0.093
      5.273    -0.776    -0.093
      5.279    -0.780    -0.092
      5.285    -0.785    -0.092
      5.291    -0.789    -0.092
      5.297    -0.793    -0.092
      5.303    -0.797    -0.092
      5.308    -0.801    -0.092
      5.314    -0.806    -0.091
      5.320    -0.810    -0.091
      5.326    -0.814    -0.091
      5.332    -0.818    -0.091
      5.338    -0.823    -0.091
      5.344    -0.827    -0.090
      5.349    -0.831    -0.090
      5.355    -0.835    -0.090
      5.361    -0.839    -0.090
      5.366    -0.843    -0.090
      5.372    -0.848    -0.090
      5.378    -0.852    -0.089
      5.384    -0.856    -0.089
      5.390    -0.860    -0.089
      5.396    -0.865    -0.089
      5.401    -0.869    -0.089
      5.407    -0.873    -0.089
      5.413    -0.877    -0.088
      5.419    -0.881    -0.088
      5.425    -0.885    -0.088
      5.430    -0.890    -0.088
      5.436    -0.894    -0.088
      5.442    -0.898    -0.088
      5.448    -0.902    -0.087
      5.454    -0.906    -0.087
      5.460    -0.911    -0.087
      5.466    -0.915    -0.087
      5.471    -0.919    -0.087
      5.477    -0.923    -0.087
      5.483    -0.928    -0.086
      5.489    -0.932    -0.086
      5.495    -0.936    -0.086
      5.500    -0.940    -0.086
      5.506    -0.944    -0.086
      5.512    -0.948    -0.086
      5.518    -0.953    -0.086
      5.524    -0.957    -0.085
      5.530    -0.961    -0.085
      5.535    -0.965    -0.085
      5.541    -0.969    -0.085
      5.547    -0.974    -0.085
      5.553    -0.978    -0.085
      5.559    -0.982    -0.084
      5.565    -0.986    -0.084
      5.571    -0.990    -0.084
      5.577    -0.995    -0.084
      5.583    -0.999    -0.084
      5.588    -1.003    -0.084
      5.594    -1.007    -0.084
      5.601    -1.012    -0.083
      5.607    -1.016    -0.083
      5.614    -1.021    -0.083
      5.620    -1.026    -0.083
      5.627    -1.030    -0.083
      5.633    -1.034    -0.083
      5.638    -1.038    -0.083
      5.644    -1.043    -0.082
      5.650    -1.047    -0.082
      5.656    -1.051    -0.082
      5.662    -1.055    -0.082
      5.668    -1.059    -0.082
      5.674    -1.063    -0.082
      5.679    -1.067    -0.082
      5.685    -1.071    -0.081
      5.691    -1.076    -0.081
      5.697    -1.080    -0.081
      5.703    -1.084    -0.081
      5.709    -1.088    -0.081
      5.715    -1.092    -0.081
      5.721    -1.096    -0.081
      5.727    -1.100    -0.081
      5.733    -1.105    -0.080
      5.739    -1.109    -0.080
      5.744    -1.113    -0.080
      5.750    -1.117    -0.080
      5.756    -1.121    -0.080
      5.762    -1.125    -0.080
      5.769    -1.130    -0.080
      5.775    -1.134    -0.079
      5.782    -1.139    -0.079
      5.788    -1.143    -0.079
      5.795    -1.148    -0.079
      5.801    -1.152    -0.079
      5.807    -1.156    -0.079
      5.813    -1.160    -0.079
      5.819    -1.164    -0.079
      5.825    -1.168    -0.079
      5.831    -1.172    -0.078
      5.837    -1.177    -0.078
      5.843    -1.181    -0.078
      5.850    -1.186    -0.078
      5.856    -1.190    -0.078
      5.863    -1.194    -0.078
      5.870    -1.199    -0.078
      5.876    -1.203    -0.078
      5.883    -1.208    -0.077
      5.889    -1.212    -0.077
      5.896    -1.217    -0.077
      5.902    -1.221    -0.077
      5.909    -1.226    -0.077
      5.915    -1.230    -0.077
      5.922    -1.234    -0.077
      5.928    -1.239    -0.077
      5.935    -1.243    -0.077
      5.941    -1.247    -0.077
      5.947    -1.251    -0.076
      5.954    -1.256    -0.076
      5.960    -1.260    -0.076
      5.967    -1.264    -0.076
      5.973    -1.268    -0.076
      5.979    -1.272    -0.076
      5.985    -1.276    -0.076
      5.991    -1.280    -0.076
      5.997    -1.284    -0.076
      6.003    -1.288    -0.076
      6.009    -1.292    -0.076
      6.015    -1.296    -0.075
      6.021    -1.300    -0.075
      6.027    -1.304    -0.075
      6.033    -1.308    -0.075
      6.039    -1.312    -0.075
      6.045    -1.315    -0.075
      6.051    -1.319    -0.075
      6.057    -1.323    -0.075
      6.063    -1.327    -0.075
      6.069    -1.331    -0.075
      6.075    -1.335    -0.075
      6.081    -1.339    -0.075
      6.087    -1.343    -0.075
      6.093    -1.346    -0.074
      6.099    -1.350    -0.074
      6.105    -1.354    -0.074
      6.111    -1.358    -0.074
      6.117    -1.362    -0.074
      6.123    -1.366    -0.074
      6.129    -1.370    -0.074
      6.135    -1.374    -0.074
      6.141    -1.377    -0.074
      6.147    -1.381    -0.074
      6.153    -1.385    -0.074
      6.160    -1.389    -0.074
      6.166    -1.393    -0.074
      6.172    -1.397    -0.074
      6.178    -1.400    -0.074
      6.184    -1.404    -0.074
      6.190    -1.408    -0.074
      6.196    -1.412    -0.073
      6.202    -1.415    -0.073
      6.208    -1.419    -0.073
      6.214    -1.423    -0.073
      6.220    -1.427    -0.073
      6.227    -1.430    -0.073
      6.233    -1.434    -0.073
      6.239    -1.438    -0.073
      6.245    -1.442    -0.073
      6.251    -1.445    -0.073
      6.258    -1.449    -0.073
      6.264    -1.453    -0.073
      6.270    -1.457    -0.073
      6.276    -1.460    -0.073
      6.282    -1.464    -0.073
      6.288    -1.468    -0.073
      6.295    -1.472    -0.073
      6.302    -1.476    -0.073
      6.309    -1.480    -0.073
      6.316    -1.484    -0.073
      6.323    -1.488    -0.073
      6.329    -1.492    -0.073
      6.335    -1.495    -0.073
      6.341    -1.499    -0.073
      6.348    -1.503    -0.073
      6.354    -1.506    -0.073
      6.360    -1.510    -0.073
      6.366    -1.514    -0.073
      6.372    -1.517    -0.073
      6.378    -1.521    -0.073
      6.385    -1.524    -0.073
      6.391    -1.528    -0.073
      6.397    -1.531    -0.073
      6.403    -1.535    -0.073
      6.410    -1.539    -0.073
      6.416    -1.542    -0.073
      6.422    -1.546    -0.073
      6.429    -1.549    -0.073
      6.435    -1.553    -0.073
      6.441    -1.556    -0.073
      6.447    -1.560    -0.073
      6.454    -1.563    -0.073
      6.460    -1.567    -0.073
      6.466    -1.570    -0.073
      6.473    -1.574    -0.073
      6.480    -1.578    -0.073
      6.487    -1.582    -0.073
      6.494    -1.586    -0.073
      6.501    -1.589    -0.073
      6.508    -1.593    -0.073
      6.514    -1.596    -0.073
      6.520    -1.600    -0.073
      6.527    -1.603    -0.073
      6.533    -1.607    -0.073
      6.539    -1.610    -0.073
      6.546    -1.613    -0.073
      6.553    -1.617    -0.073
      6.560    -1.621    -0.073
      6.567    -1.625    -0.073
      6.574    -1.628    -0.073
      6.581    -1.632    -0.073
      6.588    -1.636    -0.073
      6.595    -1.639    -0.073
      6.602    -1.643    -0.073
      6.609    -1.647    -0.073
      6.616    -1.650    -0.073
      6.623    -1.654    -0.073
      6.630    -1.657    -0.073
      6.637    -1.661    -0.073
      6.644    -1.664    -0.073
      6.651    -1.668    -0.074
      6.657    -1.671    -0.074
      6.664    -1.674    -0.074
      6.670    -1.677    -0.074
      6.676    -1.680    -0.074
      6.683    -1.684    -0.074
      6.689    -1.687    -0.074
      6.696    -1.690    -0.074
      6.702    -1.693    -0.074
      6.708    -1.696    -0.074
      6.715    -1.699    -0.074
      6.721    -1.702    -0.074
      6.728    -1.706    -0.074
      6.734    -1.709    -0.074
      6.741    -1.712    -0.074
      6.748    -1.715    -0.075
      6.754    -1.718    -0.075
      6.761    -1.721    -0.075
      6.767    -1.724    -0.075
      6.774    -1.727    -0.075
      6.780    -1.730    -0.075
      6.787    -1.733    -0.075
      6.793    -1.736    -0.075
      6.801    -1.740    -0.075
      6.808    -1.743    -0.075
      6.815    -1.746    -0.075
      6.822    -1.749    -0.076
      6.830    -1.753    -0.076
      6.836    -1.756    -0.076
      6.843    -1.759    -0.076
      6.849    -1.761    -0.076
      6.856    -1.764    -0.076
      6.863    -1.767    -0.076
      6.869    -1.770    -0.076
      6.876    -1.773    -0.076
      6.883    -1.776    -0.076
      6.891    -1.779    -0.077
      6.898    -1.783    -0.077
      6.905    -1.786    -0.077
      6.912    -1.789    -0.077
      6.920    -1.792    -0.077
      6.927    -1.795    -0.077
      6.934    -1.798    -0.077
      6.942    -1.801    -0.078
      6.949    -1.804    -0.078
      6.956    -1.807    -0.078
      6.964    -1.810    -0.078
      6.971    -1.813    -0.078
      6.978    -1.816    -0.078
      6.985    -1.818    -0.078
      6.992    -1.821    -0.079
      6.998    -1.824    -0.079
      7.005    -1.826    -0.079
      7.012    -1.829    -0.079
      7.018    -1.832    -0.079
      7.025    -1.834    -0.079
      7.033    -1.837    -0.079
      7.040    -1.840    -0.080
      7.047    -1.843    -0.080
      7.055    -1.846    -0.080
      7.062    -1.848    -0.080
      7.070    -1.851    -0.080
      7.077    -1.854    -0.080
      7.085    -1.857    -0.081
      7.092    -1.859    -0.081
      7.100    -1.862    -0.081
      7.107    -1.865    -0.081
      7.114    -1.867    -0.081
      7.122    -1.870    -0.082
      7.129    -1.873    -0.082
      7.137    -1.875    -0.082
      7.144    -1.878    -0.082
      7.152    -1.881    -0.082
      7.159    -1.883    -0.083
      7.167    -1.886    -0.083
      7.174    -1.888    -0.083
      7.181    -1.891    -0.083
      7.189    -1.893    -0.083
      7.196    -1.896    -0.084
      7.204    -1.898    -0.084
      7.211    -1.901    -0.084
      7.219    -1.903    -0.084
      7.226    -1.906    -0.084
      7.234    -1.908    -0.085
      7.242    -1.910    -0.085
      7.249    -1.913    -0.085
