Count of Points:889

WCS coordinates of Points:
      1.181     0.000    -0.165
      1.188     0.004    -0.165
      1.194     0.007    -0.165
      1.201     0.010    -0.165
      1.207     0.014    -0.165
      1.214     0.017    -0.165
      1.220     0.021    -0.165
      1.227     0.024    -0.165
      1.234     0.028    -0.165
      1.241     0.032    -0.165
      1.248     0.036    -0.165
      1.256     0.039    -0.165
      1.263     0.043    -0.165
      1.270     0.047    -0.165
      1.277     0.050    -0.165
      1.285     0.054    -0.165
      1.292     0.058    -0.165
      1.299     0.061    -0.165
      1.306     0.065    -0.165
      1.313     0.068    -0.165
      1.321     0.072    -0.165
      1.328     0.075    -0.165
      1.335     0.079    -0.165
      1.342     0.083    -0.165
      1.350     0.086    -0.165
      1.357     0.090    -0.165
      1.364     0.093    -0.165
      1.372     0.097    -0.165
      1.379     0.100    -0.165
      1.386     0.103    -0.165
      1.393     0.107    -0.165
      1.401     0.110    -0.165
      1.408     0.114    -0.165
      1.415     0.117    -0.165
      1.423     0.120    -0.165
      1.430     0.124    -0.165
      1.438     0.127    -0.165
      1.445     0.131    -0.165
      1.452     0.134    -0.165
      1.460     0.137    -0.165
      1.467     0.140    -0.165
      1.475     0.144    -0.165
      1.482     0.147    -0.165
      1.490     0.150    -0.165
      1.497     0.153    -0.165
      1.504     0.157    -0.165
      1.512     0.160    -0.165
      1.519     0.163    -0.165
      1.527     0.166    -0.165
      1.534     0.169    -0.165
      1.542     0.172    -0.165
      1.549     0.175    -0.165
      1.557     0.179    -0.165
      1.564     0.182    -0.165
      1.572     0.185    -0.165
      1.579     0.188    -0.165
      1.587     0.191    -0.165
      1.594     0.194    -0.165
      1.602     0.197    -0.165
      1.610     0.200    -0.165
      1.617     0.203    -0.165
      1.624     0.205    -0.165
      1.631     0.208    -0.165
      1.638     0.211    -0.165
      1.645     0.213    -0.165
      1.652     0.216    -0.165
      1.659     0.219    -0.165
      1.667     0.222    -0.165
      1.674     0.224    -0.165
      1.682     0.227    -0.165
      1.689     0.230    -0.165
      1.697     0.233    -0.165
      1.705     0.235    -0.165
      1.712     0.238    -0.165
      1.720     0.241    -0.165
      1.727     0.243    -0.165
      1.735     0.246    -0.165
      1.743     0.249    -0.165
      1.750     0.251    -0.165
      1.758     0.254    -0.165
      1.766     0.257    -0.165
      1.773     0.259    -0.165
      1.781     0.262    -0.165
      1.789     0.264    -0.165
      1.797     0.267    -0.165
      1.804     0.269    -0.165
      1.812     0.272    -0.165
      1.820     0.274    -0.165
      1.828     0.277    -0.165
      1.836     0.279    -0.165
      1.843     0.281    -0.165
      1.850     0.283    -0.165
      1.857     0.286    -0.165
      1.864     0.288    -0.165
      1.871     0.290    -0.165
      1.878     0.292    -0.165
      1.886     0.294    -0.165
      1.894     0.297    -0.165
      1.902     0.299    -0.165
      1.910     0.301    -0.165
      1.918     0.303    -0.165
      1.925     0.305    -0.165
      1.933     0.308    -0.165
      1.940     0.310    -0.165
      1.948     0.311    -0.165
      1.955     0.313    -0.165
      1.962     0.315    -0.165
      1.969     0.317    -0.165
      1.977     0.319    -0.165
      1.984     0.321    -0.165
      1.991     0.323    -0.165
      1.998     0.325    -0.165
      2.006     0.326    -0.165
      2.013     0.328    -0.165
      2.020     0.330    -0.165
      2.027     0.332    -0.165
      2.034     0.333    -0.165
      2.041     0.335    -0.165
      2.047     0.336    -0.165
      2.054     0.338    -0.165
      2.062     0.340    -0.165
      2.070     0.342    -0.165
      2.078     0.343    -0.165
      2.086     0.345    -0.165
      2.094     0.347    -0.165
      2.102     0.348    -0.165
      2.110     0.350    -0.165
      2.117     0.352    -0.165
      2.125     0.353    -0.165
      2.133     0.355    -0.165
      2.141     0.356    -0.165
      2.149     0.358    -0.165
      2.157     0.359    -0.165
      2.165     0.361    -0.165
      2.173     0.362    -0.165
      2.181     0.364    -0.165
      2.189     0.365    -0.165
      2.197     0.367    -0.165
      2.205     0.368    -0.165
      2.213     0.369    -0.165
      2.221     0.371    -0.165
      2.229     0.372    -0.165
      2.237     0.373    -0.165
      2.245     0.375    -0.165
      2.252     0.376    -0.165
      2.260     0.377    -0.165
      2.267     0.378    -0.165
      2.274     0.379    -0.165
      2.282     0.380    -0.165
      2.290     0.381    -0.165
      2.298     0.382    -0.165
      2.306     0.383    -0.165
      2.314     0.384    -0.165
      2.322     0.385    -0.165
      2.330     0.386    -0.165
      2.338     0.387    -0.165
      2.346     0.388    -0.165
      2.353     0.389    -0.165
      2.361     0.390    -0.165
      2.368     0.391    -0.165
      2.375     0.392    -0.165
      2.383     0.392    -0.165
      2.390     0.393    -0.165
      2.398     0.394    -0.165
      2.405     0.395    -0.165
      2.413     0.395    -0.165
      2.420     0.396    -0.165
      2.427     0.397    -0.165
      2.434     0.397    -0.165
      2.441     0.398    -0.165
      2.449     0.398    -0.165
      2.456     0.399    -0.165
      2.463     0.399    -0.165
      2.471     0.400    -0.165
      2.479     0.400    -0.165
      2.487     0.401    -0.165
      2.495     0.401    -0.165
      2.503     0.402    -0.165
      2.511     0.402    -0.165
      2.519     0.403    -0.165
      2.527     0.403    -0.165
      2.534     0.403    -0.165
      2.542     0.404    -0.165
      2.549     0.404    -0.165
      2.557     0.404    -0.165
      2.564     0.404    -0.165
      2.572     0.405    -0.165
      2.579     0.405    -0.165
      2.587     0.405    -0.165
      2.594     0.405    -0.165
      2.602     0.405    -0.165
      2.609     0.405    -0.165
      2.616     0.406    -0.165
      2.623     0.406    -0.165
      2.630     0.406    -0.165
      2.637     0.406    -0.165
      2.644     0.406    -0.165
      2.652     0.406    -0.165
      2.659     0.406    -0.165
      2.667     0.406    -0.165
      2.674     0.406    -0.165
      2.682     0.405    -0.165
      2.689     0.405    -0.165
      2.696     0.405    -0.165
      2.703     0.405    -0.165
      2.710     0.405    -0.165
      2.717     0.405    -0.165
      2.724     0.404    -0.165
      2.731     0.404    -0.165
      2.738     0.404    -0.165
      2.745     0.404    -0.165
      2.752     0.403    -0.165
      2.759     0.403    -0.165
      2.766     0.403    -0.165
      2.773     0.402    -0.165
      2.780     0.402    -0.165
      2.787     0.402    -0.165
      2.794     0.401    -0.165
      2.802     0.401    -0.165
      2.809     0.400    -0.165
      2.817     0.400    -0.165
      2.824     0.399    -0.165
      2.831     0.399    -0.165
      2.839     0.398    -0.165
      2.847     0.398    -0.165
      2.855     0.397    -0.165
      2.863     0.396    -0.165
      2.871     0.395    -0.165
      2.879     0.395    -0.165
      2.887     0.394    -0.165
      2.895     0.393    -0.165
      2.903     0.392    -0.165
      2.911     0.392    -0.165
      2.920     0.391    -0.165
      2.927     0.390    -0.165
      2.935     0.389    -0.165
      2.943     0.388    -0.165
      2.951     0.387    -0.165
      2.959     0.386    -0.165
      2.967     0.385    -0.165
      2.975     0.384    -0.165
      2.984     0.383    -0.165
      2.992     0.382    -0.165
      2.999     0.381    -0.165
      3.007     0.380    -0.165
      3.015     0.378    -0.165
      3.023     0.377    -0.165
      3.031     0.376    -0.165
      3.039     0.375    -0.165
      3.047     0.374    -0.165
      3.055     0.372    -0.165
      3.063     0.371    -0.165
      3.071     0.370    -0.165
      3.079     0.368    -0.165
      3.088     0.367    -0.165
      3.096     0.366    -0.165
      3.104     0.364    -0.165
      3.112     0.363    -0.165
      3.120     0.361    -0.165
      3.127     0.360    -0.165
      3.135     0.358    -0.165
      3.143     0.357    -0.165
      3.151     0.355    -0.165
      3.159     0.354    -0.165
      3.167     0.352    -0.165
      3.175     0.350    -0.165
      3.183     0.349    -0.165
      3.191     0.347    -0.165
      3.199     0.345    -0.165
      3.207     0.343    -0.165
      3.215     0.342    -0.165
      3.223     0.340    -0.165
      3.231     0.338    -0.165
      3.238     0.336    -0.165
      3.246     0.334    -0.165
      3.254     0.333    -0.165
      3.262     0.331    -0.165
      3.269     0.329    -0.165
      3.277     0.327    -0.165
      3.284     0.325    -0.165
      3.291     0.324    -0.165
      3.298     0.322    -0.165
      3.306     0.320    -0.165
      3.314     0.318    -0.165
      3.321     0.316    -0.165
      3.329     0.314    -0.165
      3.337     0.312    -0.165
      3.345     0.309    -0.165
      3.353     0.307    -0.165
      3.360     0.305    -0.165
      3.368     0.303    -0.165
      3.376     0.301    -0.165
      3.384     0.299    -0.165
      3.391     0.296    -0.165
      3.399     0.294    -0.165
      3.407     0.292    -0.165
      3.415     0.290    -0.165
      3.423     0.287    -0.165
      3.430     0.285    -0.165
      3.438     0.283    -0.165
      3.446     0.280    -0.165
      3.454     0.278    -0.165
      3.462     0.275    -0.165
      3.469     0.273    -0.165
      3.477     0.270    -0.165
      3.485     0.268    -0.165
      3.492     0.266    -0.165
      3.499     0.263    -0.165
      3.506     0.261    -0.165
      3.513     0.259    -0.165
      3.520     0.256    -0.165
      3.527     0.254    -0.165
      3.535     0.251    -0.165
      3.543     0.249    -0.165
      3.551     0.246    -0.165
      3.558     0.243    -0.165
      3.566     0.241    -0.165
      3.574     0.238    -0.165
      3.581     0.235    -0.165
      3.588     0.233    -0.165
      3.595     0.230    -0.165
      3.602     0.228    -0.165
      3.609     0.225    -0.165
      3.616     0.222    -0.165
      3.623     0.220    -0.165
      3.630     0.217    -0.165
      3.637     0.215    -0.165
      3.644     0.212    -0.165
      3.651     0.209    -0.165
      3.658     0.207    -0.165
      3.665     0.204    -0.165
      3.672     0.201    -0.165
      3.678     0.199    -0.165
      3.685     0.196    -0.165
      3.692     0.194    -0.165
      3.698     0.191    -0.165
      3.706     0.188    -0.165
      3.713     0.185    -0.165
      3.721     0.182    -0.165
      3.728     0.179    -0.165
      3.736     0.176    -0.165
      3.743     0.173    -0.165
      3.751     0.170    -0.165
      3.758     0.167    -0.165
      3.765     0.164    -0.165
      3.773     0.161    -0.165
      3.780     0.157    -0.165
      3.788     0.154    -0.165
      3.795     0.151    -0.165
      3.803     0.148    -0.165
      3.810     0.145    -0.165
      3.818     0.141    -0.165
      3.825     0.138    -0.165
      3.833     0.135    -0.165
      3.840     0.132    -0.165
      3.848     0.128    -0.165
      3.855     0.125    -0.165
      3.863     0.122    -0.165
      3.870     0.118    -0.165
      3.877     0.115    -0.165
      3.884     0.112    -0.165
      3.890     0.109    -0.165
      3.897     0.106    -0.165
      3.904     0.103    -0.165
      3.911     0.100    -0.165
      3.918     0.096    -0.165
      3.925     0.093    -0.165
      3.933     0.089    -0.165
      3.940     0.086    -0.165
      3.948     0.082    -0.165
      3.955     0.079    -0.165
      3.962     0.075    -0.165
      3.969     0.072    -0.165
      3.976     0.069    -0.165
      3.982     0.066    -0.165
      3.989     0.062    -0.165
      3.996     0.059    -0.165
      4.003     0.056    -0.165
      4.009     0.053    -0.165
      4.016     0.049    -0.165
      4.023     0.046    -0.165
      4.029     0.043    -0.165
      4.036     0.039    -0.165
      4.043     0.036    -0.165
      4.049     0.033    -0.165
      4.055     0.030    -0.165
      4.062     0.026    -0.165
      4.068     0.023    -0.165
      4.074     0.020    -0.165
      4.081     0.016    -0.165
      4.089     0.013    -0.165
      4.096     0.009    -0.165
      4.103     0.005    -0.165
      4.110     0.001    -0.165
      4.118    -0.002    -0.165
      4.125    -0.006    -0.165
      4.131    -0.010    -0.165
      4.138    -0.013    -0.165
      4.145    -0.017    -0.165
      4.151    -0.020    -0.164
      4.158    -0.024    -0.164
      4.164    -0.027    -0.164
      4.171    -0.031    -0.164
      4.178    -0.034    -0.164
      4.184    -0.038    -0.164
      4.191    -0.041    -0.164
      4.197    -0.045    -0.164
      4.204    -0.048    -0.164
      4.210    -0.052    -0.164
      4.216    -0.055    -0.164
      4.222    -0.058    -0.164
      4.229    -0.062    -0.164
      4.235    -0.065    -0.164
      4.241    -0.069    -0.164
      4.248    -0.072    -0.164
      4.254    -0.076    -0.164
      4.261    -0.080    -0.164
      4.267    -0.083    -0.164
      4.274    -0.087    -0.164
      4.280    -0.090    -0.164
      4.286    -0.094    -0.164
      4.292    -0.097    -0.164
      4.298    -0.101    -0.164
      4.305    -0.104    -0.164
      4.311    -0.108    -0.164
      4.317    -0.111    -0.164
      4.323    -0.115    -0.164
      4.329    -0.118    -0.164
      4.335    -0.122    -0.164
      4.341    -0.125    -0.164
      4.347    -0.129    -0.164
      4.353    -0.132    -0.164
      4.359    -0.135    -0.164
      4.366    -0.140    -0.164
      4.373    -0.144    -0.164
      4.381    -0.148    -0.164
      4.388    -0.152    -0.164
      4.395    -0.156    -0.164
      4.402    -0.160    -0.164
      4.409    -0.165    -0.164
      4.416    -0.168    -0.164
      4.422    -0.172    -0.164
      4.429    -0.176    -0.164
      4.435    -0.180    -0.164
      4.442    -0.184    -0.164
      4.448    -0.188    -0.164
      4.455    -0.192    -0.164
      4.461    -0.196    -0.164
      4.468    -0.199    -0.164
      4.474    -0.203    -0.164
      4.481    -0.207    -0.164
      4.487    -0.211    -0.164
      4.494    -0.215    -0.164
      4.500    -0.219    -0.164
      4.506    -0.222    -0.164
      4.512    -0.226    -0.164
      4.518    -0.230    -0.164
      4.524    -0.234    -0.164
      4.531    -0.238    -0.164
      4.537    -0.242    -0.164
      4.544    -0.246    -0.164
      4.550    -0.249    -0.164
      4.557    -0.253    -0.164
      4.563    -0.257    -0.164
      4.569    -0.261    -0.164
      4.575    -0.265    -0.164
      4.581    -0.268    -0.164
      4.587    -0.272    -0.164
      4.593    -0.276    -0.164
      4.599    -0.280    -0.164
      4.606    -0.284    -0.164
      4.612    -0.287    -0.164
      4.618    -0.291    -0.164
      4.624    -0.295    -0.164
      4.630    -0.299    -0.164
      4.636    -0.302    -0.164
      4.641    -0.306    -0.163
      4.648    -0.310    -0.163
      4.654    -0.314    -0.163
      4.661    -0.318    -0.163
      4.667    -0.322    -0.163
      4.674    -0.326    -0.163
      4.680    -0.330    -0.163
      4.686    -0.334    -0.163
      4.692    -0.338    -0.163
      4.698    -0.342    -0.163
      4.704    -0.345    -0.163
      4.710    -0.349    -0.163
      4.716    -0.353    -0.163
      4.722    -0.357    -0.163
      4.728    -0.361    -0.163
      4.734    -0.365    -0.163
      4.740    -0.369    -0.163
      4.746    -0.372    -0.163
      4.752    -0.376    -0.163
      4.758    -0.380    -0.163
      4.764    -0.384    -0.163
      4.770    -0.388    -0.163
      4.776    -0.391    -0.163
      4.782    -0.395    -0.163
      4.788    -0.399    -0.163
      4.794    -0.403    -0.163
      4.800    -0.407    -0.163
      4.806    -0.411    -0.163
      4.812    -0.414    -0.163
      4.818    -0.418    -0.163
      4.824    -0.422    -0.163
      4.830    -0.426    -0.163
      4.836    -0.430    -0.163
      4.842    -0.434    -0.163
      4.848    -0.438    -0.163
      4.854    -0.442    -0.163
      4.860    -0.446    -0.163
      4.866    -0.450    -0.163
      4.873    -0.454    -0.163
      4.879    -0.458    -0.163
      4.885    -0.462    -0.163
      4.892    -0.466    -0.163
      4.898    -0.470    -0.163
      4.904    -0.474    -0.162
      4.910    -0.478    -0.162
      4.916    -0.482    -0.162
      4.922    -0.486    -0.162
      4.928    -0.490    -0.162
      4.934    -0.494    -0.162
      4.940    -0.498    -0.162
      4.946    -0.502    -0.162
      4.952    -0.506    -0.162
      4.958    -0.509    -0.162
      4.964    -0.513    -0.162
      4.970    -0.517    -0.162
      4.976    -0.521    -0.162
      4.981    -0.525    -0.162
      4.987    -0.529    -0.162
      4.993    -0.533    -0.162
      4.999    -0.537    -0.162
      5.005    -0.541    -0.162
      5.011    -0.545    -0.162
      5.017    -0.548    -0.162
      5.023    -0.552    -0.162
      5.029    -0.556    -0.162
      5.035    -0.560    -0.162
      5.041    -0.564    -0.162
      5.047    -0.568    -0.162
      5.053    -0.572    -0.162
      5.059    -0.576    -0.162
      5.065    -0.580    -0.162
      5.071    -0.584    -0.162
      5.077    -0.588    -0.162
      5.083    -0.591    -0.161
      5.089    -0.595    -0.161
      5.095    -0.599    -0.161
      5.101    -0.603    -0.161
      5.107    -0.607    -0.161
      5.112    -0.611    -0.161
      5.118    -0.615    -0.161
      5.124    -0.619    -0.161
      5.130    -0.623    -0.161
      5.136    -0.627    -0.161
      5.142    -0.631    -0.161
      5.148    -0.635    -0.161
      5.154    -0.638    -0.161
      5.160    -0.642    -0.161
      5.166    -0.646    -0.161
      5.172    -0.650    -0.161
      5.178    -0.654    -0.161
      5.184    -0.658    -0.161
      5.190    -0.662    -0.161
      5.196    -0.666    -0.161
      5.202    -0.670    -0.161
      5.208    -0.674    -0.161
      5.214    -0.678    -0.161
      5.220    -0.682    -0.160
      5.227    -0.687    -0.160
      5.234    -0.691    -0.160
      5.240    -0.695    -0.160
      5.247    -0.700    -0.160
      5.253    -0.704    -0.160
      5.259    -0.708    -0.160
      5.266    -0.712    -0.160
      5.272    -0.716    -0.160
      5.278    -0.720    -0.160
      5.285    -0.725    -0.160
      5.291    -0.728    -0.160
      5.297    -0.732    -0.160
      5.303    -0.736    -0.160
      5.309    -0.740    -0.160
      5.315    -0.744    -0.160
      5.321    -0.748    -0.160
      5.327    -0.752    -0.160
      5.333    -0.756    -0.160
      5.339    -0.760    -0.159
      5.345    -0.764    -0.159
      5.350    -0.768    -0.159
      5.356    -0.771    -0.159
      5.362    -0.775    -0.159
      5.368    -0.779    -0.159
      5.374    -0.783    -0.159
      5.380    -0.787    -0.159
      5.386    -0.791    -0.159
      5.392    -0.795    -0.159
      5.398    -0.799    -0.159
      5.404    -0.802    -0.159
      5.410    -0.806    -0.159
      5.416    -0.810    -0.159
      5.422    -0.814    -0.159
      5.428    -0.818    -0.159
      5.434    -0.822    -0.158
      5.440    -0.826    -0.158
      5.446    -0.829    -0.158
      5.452    -0.833    -0.158
      5.458    -0.837    -0.158
      5.464    -0.841    -0.158
      5.470    -0.845    -0.158
      5.476    -0.849    -0.158
      5.482    -0.853    -0.158
      5.488    -0.857    -0.158
      5.494    -0.860    -0.158
      5.500    -0.864    -0.158
      5.506    -0.868    -0.158
      5.512    -0.872    -0.158
      5.518    -0.876    -0.158
      5.524    -0.879    -0.157
      5.530    -0.883    -0.157
      5.536    -0.887    -0.157
      5.542    -0.891    -0.157
      5.548    -0.895    -0.157
      5.554    -0.899    -0.157
      5.560    -0.903    -0.157
      5.566    -0.906    -0.157
      5.572    -0.910    -0.157
      5.578    -0.914    -0.157
      5.584    -0.918    -0.157
      5.590    -0.922    -0.157
      5.596    -0.926    -0.157
      5.602    -0.929    -0.156
      5.609    -0.934    -0.156
      5.616    -0.938    -0.156
      5.622    -0.942    -0.156
      5.629    -0.946    -0.156
      5.636    -0.950    -0.156
      5.642    -0.954    -0.156
      5.648    -0.958    -0.156
      5.654    -0.962    -0.156
      5.660    -0.965    -0.156
      5.666    -0.969    -0.156
      5.672    -0.973    -0.156
      5.678    -0.977    -0.155
      5.684    -0.980    -0.155
      5.690    -0.984    -0.155
      5.696    -0.988    -0.155
      5.702    -0.992    -0.155
      5.708    -0.995    -0.155
      5.714    -0.999    -0.155
      5.720    -1.003    -0.155
      5.727    -1.007    -0.155
      5.733    -1.010    -0.155
      5.739    -1.014    -0.155
      5.745    -1.018    -0.155
      5.751    -1.022    -0.154
      5.757    -1.025    -0.154
      5.763    -1.029    -0.154
      5.769    -1.033    -0.154
      5.775    -1.037    -0.154
      5.782    -1.041    -0.154
      5.789    -1.045    -0.154
      5.796    -1.049    -0.154
      5.802    -1.053    -0.154
      5.809    -1.057    -0.154
      5.815    -1.061    -0.153
      5.822    -1.064    -0.153
      5.828    -1.068    -0.153
      5.834    -1.072    -0.153
      5.840    -1.075    -0.153
      5.846    -1.079    -0.153
      5.852    -1.083    -0.153
      5.859    -1.087    -0.153
      5.866    -1.091    -0.153
      5.873    -1.095    -0.153
      5.879    -1.099    -0.152
      5.886    -1.103    -0.152
      5.893    -1.107    -0.152
      5.900    -1.111    -0.152
      5.907    -1.114    -0.152
      5.914    -1.118    -0.152
      5.920    -1.122    -0.152
      5.927    -1.126    -0.152
      5.934    -1.130    -0.151
      5.940    -1.134    -0.151
      5.947    -1.138    -0.151
      5.954    -1.142    -0.151
      5.960    -1.145    -0.151
      5.967    -1.149    -0.151
      5.973    -1.153    -0.151
      5.980    -1.157    -0.151
      5.987    -1.161    -0.150
      5.993    -1.164    -0.150
      5.999    -1.168    -0.150
      6.005    -1.171    -0.150
      6.012    -1.175    -0.150
      6.018    -1.178    -0.150
      6.024    -1.182    -0.150
      6.030    -1.185    -0.150
      6.036    -1.189    -0.149
      6.043    -1.192    -0.149
      6.049    -1.196    -0.149
      6.055    -1.199    -0.149
      6.061    -1.203    -0.149
      6.067    -1.206    -0.149
      6.073    -1.209    -0.149
      6.080    -1.213    -0.149
      6.086    -1.216    -0.148
      6.092    -1.220    -0.148
      6.099    -1.223    -0.148
      6.105    -1.227    -0.148
      6.111    -1.230    -0.148
      6.117    -1.233    -0.148
      6.123    -1.237    -0.148
      6.129    -1.240    -0.148
      6.136    -1.243    -0.147
      6.142    -1.247    -0.147
      6.148    -1.250    -0.147
      6.155    -1.254    -0.147
      6.161    -1.257    -0.147
      6.167    -1.260    -0.147
      6.174    -1.264    -0.147
      6.180    -1.267    -0.146
      6.186    -1.270    -0.146
      6.193    -1.274    -0.146
      6.199    -1.277    -0.146
      6.205    -1.280    -0.146
      6.212    -1.284    -0.146
      6.218    -1.287    -0.146
      6.224    -1.290    -0.145
      6.230    -1.293    -0.145
      6.237    -1.297    -0.145
      6.243    -1.300    -0.145
      6.249    -1.303    -0.145
      6.256    -1.307    -0.145
      6.262    -1.310    -0.145
      6.268    -1.313    -0.144
      6.275    -1.316    -0.144
      6.281    -1.320    -0.144
      6.288    -1.323    -0.144
      6.294    -1.326    -0.144
      6.300    -1.329    -0.144
      6.307    -1.332    -0.143
      6.313    -1.336    -0.143
      6.320    -1.339    -0.143
      6.327    -1.342    -0.143
      6.334    -1.346    -0.143
      6.341    -1.349    -0.143
      6.348    -1.353    -0.142
      6.355    -1.356    -0.142
      6.361    -1.359    -0.142
      6.368    -1.363    -0.142
      6.374    -1.366    -0.142
      6.381    -1.369    -0.142
      6.387    -1.372    -0.142
      6.394    -1.375    -0.141
      6.400    -1.378    -0.141
      6.406    -1.381    -0.141
      6.413    -1.384    -0.141
      6.419    -1.387    -0.141
      6.426    -1.390    -0.141
      6.432    -1.393    -0.140
      6.439    -1.396    -0.140
      6.445    -1.399    -0.140
      6.451    -1.402    -0.140
      6.458    -1.405    -0.140
      6.465    -1.408    -0.140
      6.471    -1.411    -0.139
      6.478    -1.414    -0.139
      6.484    -1.417    -0.139
      6.491    -1.420    -0.139
      6.497    -1.423    -0.139
      6.504    -1.426    -0.139
      6.511    -1.429    -0.138
      6.518    -1.433    -0.138
      6.525    -1.436    -0.138
      6.532    -1.439    -0.138
      6.540    -1.442    -0.138
      6.546    -1.445    -0.137
      6.553    -1.448    -0.137
      6.559    -1.451    -0.137
      6.566    -1.454    -0.137
      6.572    -1.457    -0.137
      6.579    -1.460    -0.137
      6.586    -1.462    -0.136
      6.593    -1.466    -0.136
      6.600    -1.469    -0.136
      6.607    -1.472    -0.136
      6.615    -1.475    -0.136
      6.622    -1.478    -0.136
      6.629    -1.481    -0.135
      6.636    -1.484    -0.135
      6.644    -1.487    -0.135
      6.651    -1.490    -0.135
      6.658    -1.493    -0.135
      6.665    -1.496    -0.134
      6.672    -1.499    -0.134
      6.680    -1.502    -0.134
      6.687    -1.505    -0.134
      6.693    -1.508    -0.134
      6.700    -1.510    -0.134
      6.707    -1.513    -0.133
      6.713    -1.516    -0.133
      6.720    -1.518    -0.133
      6.726    -1.521    -0.133
      6.733    -1.523    -0.133
      6.740    -1.526    -0.132
      6.746    -1.529    -0.132
      6.753    -1.531    -0.132
      6.759    -1.534    -0.132
      6.766    -1.536    -0.132
      6.773    -1.539    -0.132
      6.779    -1.542    -0.131
      6.786    -1.544    -0.131
      6.793    -1.547    -0.131
      6.800    -1.549    -0.131
      6.806    -1.552    -0.131
      6.813    -1.554    -0.131
      6.820    -1.557    -0.130
      6.826    -1.559    -0.130
      6.833    -1.562    -0.130
      6.840    -1.564    -0.130
      6.847    -1.567    -0.130
      6.855    -1.570    -0.130
      6.862    -1.572    -0.129
      6.869    -1.575    -0.129
      6.877    -1.578    -0.129
      6.884    -1.580    -0.129
      6.890    -1.582    -0.129
      6.897    -1.585    -0.128
      6.904    -1.587    -0.128
      6.911    -1.590    -0.128
      6.917    -1.592    -0.128
      6.924    -1.594    -0.128
      6.932    -1.597    -0.128
      6.939    -1.599    -0.127
      6.947    -1.602    -0.127
      6.954    -1.605    -0.127
      6.961    -1.607    -0.127
      6.969    -1.610    -0.127
      6.976    -1.612    -0.126
      6.984    -1.615    -0.126
      6.991    -1.617    -0.126
      6.999    -1.619    -0.126
      7.006    -1.622    -0.126
      7.014    -1.624    -0.126
      7.021    -1.627    -0.125
      7.028    -1.629    -0.125
      7.035    -1.631    -0.125
      7.042    -1.633    -0.125
      7.049    -1.635    -0.125
      7.056    -1.638    -0.125
      7.062    -1.640    -0.124
      7.069    -1.642    -0.124
      7.076    -1.644    -0.124
      7.084    -1.646    -0.124
      7.091    -1.648    -0.124
      7.099    -1.651    -0.123
      7.106    -1.653    -0.123
      7.114    -1.655    -0.123
      7.121    -1.658    -0.123
      7.129    -1.660    -0.123
      7.137    -1.662    -0.123
      7.144    -1.664    -0.122
      7.152    -1.666    -0.122
      7.159    -1.668    -0.122
      7.167    -1.671    -0.122
      7.174    -1.673    -0.122
      7.182    -1.675    -0.122
      7.189    -1.677    -0.121
      7.197    -1.679    -0.121
      7.204    -1.681    -0.121
      7.212    -1.683    -0.121
      7.220    -1.685    -0.121
      7.227    -1.687    -0.121
      7.235    -1.689    -0.120
      7.242    -1.691    -0.120
      7.250    -1.693    -0.120
      7.257    -1.695    -0.120
      7.265    -1.697    -0.120
      7.273    -1.699    -0.120
      7.280    -1.701    -0.119
      7.288    -1.703    -0.119
      7.296    -1.705    -0.119
      7.303    -1.707    -0.119
