Count of Points:874

WCS coordinates of Points:
      1.181     0.000    -0.480
      1.187     0.004    -0.480
      1.194     0.007    -0.480
      1.200     0.011    -0.480
      1.206     0.014    -0.480
      1.213     0.018    -0.480
      1.219     0.021    -0.480
      1.225     0.024    -0.480
      1.231     0.028    -0.480
      1.237     0.031    -0.480
      1.244     0.034    -0.480
      1.250     0.038    -0.480
      1.257     0.041    -0.480
      1.263     0.045    -0.480
      1.269     0.048    -0.480
      1.276     0.051    -0.480
      1.282     0.055    -0.480
      1.289     0.058    -0.480
      1.295     0.061    -0.480
      1.301     0.065    -0.480
      1.308     0.068    -0.480
      1.314     0.071    -0.480
      1.321     0.075    -0.480
      1.327     0.078    -0.480
      1.334     0.081    -0.480
      1.341     0.085    -0.480
      1.348     0.088    -0.480
      1.356     0.092    -0.480
      1.363     0.096    -0.480
      1.369     0.099    -0.480
      1.376     0.102    -0.480
      1.382     0.105    -0.480
      1.389     0.108    -0.480
      1.395     0.111    -0.480
      1.402     0.114    -0.480
      1.408     0.117    -0.480
      1.416     0.121    -0.480
      1.423     0.124    -0.480
      1.430     0.128    -0.480
      1.437     0.131    -0.480
      1.444     0.134    -0.480
      1.452     0.138    -0.480
      1.459     0.141    -0.480
      1.466     0.144    -0.480
      1.473     0.147    -0.480
      1.481     0.151    -0.480
      1.488     0.154    -0.480
      1.495     0.157    -0.480
      1.502     0.160    -0.480
      1.509     0.163    -0.480
      1.516     0.166    -0.480
      1.522     0.169    -0.480
      1.529     0.172    -0.480
      1.536     0.175    -0.480
      1.542     0.177    -0.480
      1.549     0.180    -0.480
      1.556     0.183    -0.480
      1.563     0.186    -0.480
      1.570     0.189    -0.480
      1.578     0.192    -0.480
      1.585     0.195    -0.480
      1.592     0.198    -0.480
      1.600     0.201    -0.480
      1.607     0.204    -0.480
      1.615     0.207    -0.480
      1.622     0.210    -0.480
      1.629     0.213    -0.480
      1.637     0.216    -0.480
      1.644     0.218    -0.480
      1.651     0.221    -0.480
      1.658     0.224    -0.480
      1.666     0.227    -0.480
      1.673     0.230    -0.480
      1.681     0.232    -0.480
      1.688     0.235    -0.480
      1.696     0.238    -0.480
      1.703     0.241    -0.480
      1.710     0.243    -0.480
      1.718     0.246    -0.480
      1.725     0.248    -0.480
      1.733     0.251    -0.480
      1.740     0.254    -0.480
      1.748     0.256    -0.480
      1.755     0.259    -0.480
      1.763     0.262    -0.480
      1.770     0.264    -0.480
      1.778     0.267    -0.480
      1.785     0.269    -0.480
      1.792     0.271    -0.480
      1.798     0.273    -0.480
      1.805     0.276    -0.480
      1.812     0.278    -0.480
      1.819     0.280    -0.480
      1.826     0.282    -0.480
      1.833     0.285    -0.480
      1.841     0.287    -0.480
      1.849     0.289    -0.480
      1.856     0.292    -0.480
      1.864     0.294    -0.480
      1.871     0.296    -0.480
      1.879     0.299    -0.480
      1.887     0.301    -0.480
      1.894     0.303    -0.480
      1.902     0.305    -0.480
      1.909     0.307    -0.480
      1.917     0.310    -0.480
      1.924     0.312    -0.480
      1.932     0.314    -0.480
      1.940     0.316    -0.480
      1.947     0.318    -0.480
      1.955     0.320    -0.480
      1.963     0.322    -0.480
      1.970     0.324    -0.480
      1.978     0.326    -0.480
      1.985     0.328    -0.480
      1.993     0.330    -0.480
      2.001     0.332    -0.480
      2.008     0.334    -0.480
      2.016     0.336    -0.480
      2.024     0.338    -0.480
      2.032     0.340    -0.480
      2.039     0.341    -0.480
      2.047     0.343    -0.480
      2.055     0.345    -0.480
      2.063     0.347    -0.480
      2.070     0.348    -0.480
      2.078     0.350    -0.480
      2.086     0.352    -0.480
      2.094     0.354    -0.480
      2.101     0.355    -0.480
      2.109     0.357    -0.480
      2.117     0.358    -0.480
      2.124     0.360    -0.480
      2.132     0.362    -0.480
      2.140     0.363    -0.480
      2.148     0.365    -0.480
      2.155     0.366    -0.480
      2.163     0.368    -0.480
      2.171     0.369    -0.480
      2.179     0.371    -0.480
      2.187     0.372    -0.480
      2.195     0.373    -0.480
      2.202     0.375    -0.480
      2.210     0.376    -0.480
      2.218     0.378    -0.480
      2.226     0.379    -0.480
      2.234     0.380    -0.480
      2.241     0.381    -0.480
      2.248     0.382    -0.480
      2.255     0.384    -0.480
      2.263     0.385    -0.480
      2.270     0.386    -0.480
      2.277     0.387    -0.480
      2.284     0.388    -0.480
      2.291     0.389    -0.480
      2.299     0.390    -0.480
      2.306     0.391    -0.480
      2.313     0.392    -0.480
      2.320     0.393    -0.480
      2.327     0.394    -0.480
      2.335     0.395    -0.480
      2.343     0.396    -0.480
      2.351     0.397    -0.480
      2.359     0.397    -0.480
      2.367     0.398    -0.480
      2.375     0.399    -0.480
      2.383     0.400    -0.480
      2.390     0.401    -0.480
      2.398     0.402    -0.480
      2.406     0.402    -0.480
      2.414     0.403    -0.480
      2.422     0.404    -0.480
      2.430     0.405    -0.480
      2.437     0.405    -0.480
      2.445     0.406    -0.480
      2.453     0.407    -0.480
      2.461     0.407    -0.480
      2.469     0.408    -0.480
      2.477     0.408    -0.480
      2.485     0.409    -0.480
      2.493     0.409    -0.480
      2.500     0.410    -0.480
      2.508     0.410    -0.480
      2.516     0.411    -0.480
      2.524     0.411    -0.480
      2.532     0.412    -0.480
      2.540     0.412    -0.480
      2.548     0.412    -0.480
      2.556     0.413    -0.480
      2.564     0.413    -0.480
      2.572     0.413    -0.480
      2.580     0.413    -0.480
      2.588     0.414    -0.480
      2.596     0.414    -0.480
      2.604     0.414    -0.480
      2.611     0.414    -0.480
      2.619     0.414    -0.480
      2.627     0.414    -0.480
      2.635     0.414    -0.480
      2.643     0.415    -0.480
      2.651     0.415    -0.480
      2.659     0.415    -0.480
      2.667     0.415    -0.480
      2.675     0.415    -0.480
      2.683     0.414    -0.480
      2.691     0.414    -0.480
      2.698     0.414    -0.480
      2.706     0.414    -0.480
      2.714     0.414    -0.480
      2.722     0.414    -0.480
      2.730     0.414    -0.480
      2.738     0.413    -0.480
      2.746     0.413    -0.480
      2.754     0.413    -0.480
      2.761     0.413    -0.480
      2.768     0.412    -0.480
      2.775     0.412    -0.480
      2.783     0.412    -0.480
      2.790     0.411    -0.480
      2.798     0.411    -0.480
      2.806     0.410    -0.480
      2.814     0.410    -0.480
      2.822     0.409    -0.480
      2.830     0.409    -0.480
      2.837     0.408    -0.480
      2.845     0.408    -0.480
      2.853     0.407    -0.480
      2.861     0.407    -0.480
      2.869     0.406    -0.480
      2.877     0.406    -0.480
      2.885     0.405    -0.480
      2.893     0.404    -0.480
      2.901     0.403    -0.480
      2.908     0.403    -0.480
      2.916     0.402    -0.480
      2.924     0.401    -0.480
      2.932     0.400    -0.480
      2.940     0.400    -0.480
      2.948     0.399    -0.480
      2.956     0.398    -0.480
      2.964     0.397    -0.480
      2.972     0.396    -0.480
      2.979     0.395    -0.480
      2.986     0.394    -0.480
      2.994     0.393    -0.480
      3.001     0.392    -0.480
      3.008     0.391    -0.480
      3.015     0.390    -0.480
      3.023     0.389    -0.480
      3.031     0.388    -0.480
      3.039     0.387    -0.480
      3.047     0.386    -0.480
      3.055     0.385    -0.480
      3.063     0.384    -0.480
      3.070     0.383    -0.480
      3.078     0.381    -0.480
      3.085     0.380    -0.480
      3.092     0.379    -0.480
      3.099     0.378    -0.480
      3.107     0.377    -0.480
      3.114     0.376    -0.480
      3.121     0.374    -0.480
      3.128     0.373    -0.480
      3.135     0.372    -0.480
      3.142     0.371    -0.480
      3.150     0.369    -0.480
      3.157     0.368    -0.480
      3.164     0.367    -0.480
      3.170     0.365    -0.480
      3.177     0.364    -0.480
      3.184     0.363    -0.480
      3.191     0.361    -0.480
      3.198     0.360    -0.480
      3.205     0.359    -0.480
      3.212     0.357    -0.480
      3.219     0.356    -0.480
      3.226     0.354    -0.480
      3.233     0.353    -0.480
      3.240     0.351    -0.480
      3.248     0.350    -0.480
      3.256     0.348    -0.480
      3.263     0.346    -0.480
      3.271     0.344    -0.480
      3.279     0.343    -0.480
      3.287     0.341    -0.480
      3.294     0.339    -0.480
      3.302     0.337    -0.480
      3.310     0.335    -0.479
      3.318     0.334    -0.479
      3.325     0.332    -0.479
      3.333     0.330    -0.479
      3.340     0.328    -0.479
      3.348     0.326    -0.479
      3.356     0.324    -0.479
      3.363     0.322    -0.479
      3.371     0.320    -0.479
      3.379     0.318    -0.479
      3.386     0.316    -0.479
      3.394     0.314    -0.479
      3.402     0.312    -0.479
      3.409     0.310    -0.479
      3.417     0.308    -0.479
      3.424     0.306    -0.479
      3.432     0.304    -0.479
      3.440     0.302    -0.479
      3.447     0.300    -0.479
      3.455     0.297    -0.479
      3.463     0.295    -0.479
      3.470     0.293    -0.479
      3.478     0.291    -0.479
      3.486     0.288    -0.479
      3.493     0.286    -0.479
      3.501     0.284    -0.479
      3.508     0.282    -0.479
      3.516     0.279    -0.479
      3.523     0.277    -0.479
      3.531     0.275    -0.479
      3.538     0.272    -0.479
      3.546     0.270    -0.479
      3.553     0.268    -0.479
      3.561     0.265    -0.479
      3.569     0.263    -0.479
      3.576     0.260    -0.479
      3.584     0.258    -0.479
      3.591     0.255    -0.479
      3.599     0.253    -0.479
      3.606     0.250    -0.479
      3.614     0.248    -0.479
      3.622     0.245    -0.479
      3.629     0.243    -0.479
      3.637     0.240    -0.479
      3.644     0.237    -0.479
      3.651     0.235    -0.479
      3.658     0.233    -0.479
      3.665     0.230    -0.479
      3.672     0.228    -0.479
      3.679     0.225    -0.479
      3.685     0.223    -0.479
      3.693     0.220    -0.479
      3.700     0.218    -0.479
      3.708     0.215    -0.479
      3.715     0.212    -0.479
      3.723     0.209    -0.479
      3.730     0.207    -0.479
      3.737     0.204    -0.479
      3.745     0.201    -0.479
      3.752     0.198    -0.479
      3.759     0.196    -0.479
      3.767     0.193    -0.479
      3.774     0.190    -0.479
      3.782     0.187    -0.479
      3.789     0.184    -0.479
      3.797     0.181    -0.479
      3.804     0.178    -0.479
      3.812     0.176    -0.479
      3.819     0.173    -0.478
      3.826     0.170    -0.478
      3.834     0.167    -0.478
      3.841     0.164    -0.478
      3.849     0.161    -0.478
      3.856     0.158    -0.478
      3.863     0.155    -0.478
      3.869     0.152    -0.478
      3.876     0.150    -0.478
      3.883     0.147    -0.478
      3.890     0.144    -0.478
      3.896     0.141    -0.478
      3.904     0.138    -0.478
      3.911     0.135    -0.478
      3.918     0.132    -0.478
      3.926     0.129    -0.478
      3.933     0.126    -0.478
      3.940     0.123    -0.478
      3.948     0.120    -0.478
      3.955     0.117    -0.478
      3.961     0.114    -0.478
      3.968     0.111    -0.478
      3.975     0.108    -0.478
      3.981     0.105    -0.478
      3.988     0.102    -0.478
      3.995     0.099    -0.478
      4.001     0.096    -0.478
      4.008     0.093    -0.478
      4.015     0.090    -0.478
      4.021     0.087    -0.478
      4.028     0.084    -0.478
      4.034     0.082    -0.477
      4.041     0.079    -0.477
      4.047     0.076    -0.477
      4.053     0.073    -0.477
      4.059     0.070    -0.477
      4.067     0.067    -0.477
      4.074     0.064    -0.477
      4.081     0.060    -0.477
      4.088     0.057    -0.477
      4.096     0.054    -0.477
      4.103     0.050    -0.477
      4.110     0.047    -0.477
      4.117     0.044    -0.477
      4.124     0.040    -0.477
      4.131     0.037    -0.477
      4.138     0.034    -0.477
      4.146     0.030    -0.477
      4.153     0.027    -0.477
      4.160     0.024    -0.477
      4.167     0.020    -0.477
      4.174     0.017    -0.477
      4.181     0.013    -0.476
      4.189     0.010    -0.476
      4.196     0.006    -0.476
      4.203     0.003    -0.476
      4.210    -0.001    -0.476
      4.217    -0.004    -0.476
      4.224    -0.008    -0.476
      4.231    -0.011    -0.476
      4.238    -0.014    -0.476
      4.244    -0.017    -0.476
      4.251    -0.020    -0.476
      4.257    -0.024    -0.476
      4.264    -0.027    -0.476
      4.271    -0.030    -0.476
      4.278    -0.034    -0.476
      4.285    -0.038    -0.476
      4.292    -0.041    -0.476
      4.299    -0.045    -0.475
      4.307    -0.048    -0.475
      4.314    -0.052    -0.475
      4.320    -0.055    -0.475
      4.327    -0.058    -0.475
      4.333    -0.062    -0.475
      4.340    -0.065    -0.475
      4.346    -0.068    -0.475
      4.353    -0.072    -0.475
      4.359    -0.075    -0.475
      4.366    -0.078    -0.475
      4.372    -0.082    -0.475
      4.379    -0.085    -0.475
      4.385    -0.088    -0.475
      4.392    -0.092    -0.474
      4.398    -0.095    -0.474
      4.404    -0.098    -0.474
      4.410    -0.101    -0.474
      4.416    -0.104    -0.474
      4.422    -0.107    -0.474
      4.429    -0.111    -0.474
      4.436    -0.115    -0.474
      4.443    -0.119    -0.474
      4.451    -0.122    -0.474
      4.458    -0.126    -0.474
      4.465    -0.130    -0.474
      4.472    -0.133    -0.474
      4.478    -0.137    -0.473
      4.485    -0.140    -0.473
      4.491    -0.144    -0.473
      4.498    -0.147    -0.473
      4.504    -0.150    -0.473
      4.510    -0.154    -0.473
      4.517    -0.157    -0.473
      4.523    -0.161    -0.473
      4.530    -0.164    -0.473
      4.536    -0.168    -0.473
      4.543    -0.171    -0.473
      4.549    -0.174    -0.472
      4.555    -0.178    -0.472
      4.561    -0.181    -0.472
      4.567    -0.184    -0.472
      4.573    -0.187    -0.472
      4.579    -0.191    -0.472
      4.586    -0.194    -0.472
      4.592    -0.198    -0.472
      4.599    -0.201    -0.472
      4.605    -0.205    -0.472
      4.611    -0.208    -0.471
      4.618    -0.212    -0.471
      4.624    -0.215    -0.471
      4.630    -0.218    -0.471
      4.636    -0.221    -0.471
      4.642    -0.225    -0.471
      4.648    -0.228    -0.471
      4.655    -0.232    -0.471
      4.662    -0.235    -0.471
      4.668    -0.239    -0.471
      4.675    -0.243    -0.470
      4.682    -0.246    -0.470
      4.689    -0.250    -0.470
      4.695    -0.254    -0.470
      4.702    -0.257    -0.470
      4.708    -0.261    -0.470
      4.715    -0.264    -0.470
      4.721    -0.268    -0.470
      4.727    -0.271    -0.469
      4.734    -0.275    -0.469
      4.740    -0.278    -0.469
      4.746    -0.282    -0.469
      4.753    -0.286    -0.469
      4.760    -0.290    -0.469
      4.767    -0.293    -0.469
      4.774    -0.297    -0.468
      4.781    -0.301    -0.468
      4.788    -0.305    -0.468
      4.795    -0.309    -0.468
      4.802    -0.313    -0.468
      4.809    -0.317    -0.468
      4.816    -0.320    -0.468
      4.823    -0.324    -0.467
      4.829    -0.328    -0.467
      4.836    -0.332    -0.467
      4.843    -0.336    -0.467
      4.850    -0.339    -0.467
      4.857    -0.343    -0.467
      4.864    -0.347    -0.466
      4.871    -0.351    -0.466
      4.878    -0.355    -0.466
      4.885    -0.359    -0.466
      4.891    -0.362    -0.466
      4.898    -0.366    -0.465
      4.905    -0.370    -0.465
      4.912    -0.374    -0.465
      4.919    -0.378    -0.465
      4.926    -0.382    -0.465
      4.933    -0.386    -0.465
      4.940    -0.390    -0.464
      4.947    -0.393    -0.464
      4.954    -0.397    -0.464
      4.961    -0.401    -0.464
      4.968    -0.405    -0.464
      4.975    -0.409    -0.463
      4.982    -0.413    -0.463
      4.988    -0.417    -0.463
      4.995    -0.420    -0.463
      5.002    -0.424    -0.463
      5.009    -0.428    -0.462
      5.016    -0.432    -0.462
      5.023    -0.436    -0.462
      5.030    -0.440    -0.462
      5.037    -0.444    -0.462
      5.043    -0.447    -0.461
      5.050    -0.451    -0.461
      5.057    -0.455    -0.461
      5.064    -0.459    -0.461
      5.071    -0.463    -0.460
      5.078    -0.467    -0.460
      5.085    -0.471    -0.460
      5.092    -0.475    -0.460
      5.099    -0.478    -0.459
      5.106    -0.482    -0.459
      5.113    -0.486    -0.459
      5.119    -0.490    -0.459
      5.126    -0.493    -0.459
      5.132    -0.497    -0.458
      5.138    -0.500    -0.458
      5.145    -0.504    -0.458
      5.151    -0.508    -0.458
      5.158    -0.511    -0.457
      5.165    -0.515    -0.457
      5.172    -0.519    -0.457
      5.179    -0.523    -0.457
      5.186    -0.527    -0.456
      5.193    -0.531    -0.456
      5.200    -0.534    -0.456
      5.206    -0.538    -0.455
      5.213    -0.542    -0.455
      5.220    -0.546    -0.455
      5.227    -0.550    -0.455
      5.234    -0.554    -0.454
      5.241    -0.557    -0.454
      5.248    -0.561    -0.454
      5.255    -0.565    -0.453
      5.262    -0.569    -0.453
      5.269    -0.573    -0.453
      5.276    -0.577    -0.453
      5.283    -0.580    -0.452
      5.290    -0.584    -0.452
      5.297    -0.588    -0.452
      5.304    -0.592    -0.451
      5.311    -0.596    -0.451
      5.317    -0.599    -0.451
      5.324    -0.603    -0.450
      5.330    -0.606    -0.450
      5.336    -0.610    -0.450
      5.343    -0.613    -0.450
      5.349    -0.617    -0.449
      5.356    -0.621    -0.449
      5.363    -0.624    -0.449
      5.370    -0.628    -0.448
      5.377    -0.632    -0.448
      5.384    -0.636    -0.448
      5.391    -0.640    -0.447
      5.398    -0.643    -0.447
      5.405    -0.647    -0.447
      5.411    -0.650    -0.446
      5.417    -0.654    -0.446
      5.424    -0.657    -0.446
      5.430    -0.661    -0.445
      5.437    -0.664    -0.445
      5.443    -0.668    -0.444
      5.449    -0.671    -0.444
      5.456    -0.675    -0.444
      5.462    -0.678    -0.443
      5.469    -0.682    -0.443
      5.475    -0.685    -0.443
      5.481    -0.688    -0.442
      5.487    -0.692    -0.442
      5.493    -0.695    -0.442
      5.499    -0.698    -0.441
      5.505    -0.701    -0.441
      5.512    -0.705    -0.441
      5.519    -0.709    -0.440
      5.526    -0.713    -0.440
      5.533    -0.716    -0.439
      5.540    -0.720    -0.439
      5.547    -0.724    -0.439
      5.554    -0.727    -0.438
      5.561    -0.731    -0.438
      5.568    -0.735    -0.437
      5.575    -0.738    -0.437
      5.582    -0.742    -0.437
      5.589    -0.746    -0.436
      5.596    -0.749    -0.436
      5.603    -0.753    -0.435
      5.610    -0.757    -0.435
      5.617    -0.761    -0.434
      5.624    -0.764    -0.434
      5.631    -0.768    -0.433
      5.638    -0.772    -0.433
      5.645    -0.775    -0.433
      5.652    -0.779    -0.432
      5.660    -0.783    -0.432
      5.667    -0.786    -0.431
      5.673    -0.790    -0.431
      5.680    -0.793    -0.430
      5.686    -0.796    -0.430
      5.692    -0.800    -0.429
      5.699    -0.803    -0.429
      5.705    -0.806    -0.429
      5.713    -0.810    -0.428
      5.720    -0.814    -0.428
      5.727    -0.817    -0.427
      5.734    -0.821    -0.427
      5.741    -0.824    -0.426
      5.748    -0.828    -0.426
      5.755    -0.832    -0.425
      5.762    -0.835    -0.425
      5.768    -0.838    -0.424
      5.775    -0.842    -0.424
      5.781    -0.845    -0.423
      5.788    -0.848    -0.423
      5.794    -0.851    -0.422
      5.801    -0.855    -0.422
      5.807    -0.858    -0.421
      5.814    -0.861    -0.421
      5.820    -0.864    -0.420
      5.827    -0.868    -0.420
      5.833    -0.871    -0.419
      5.839    -0.874    -0.419
      5.845    -0.877    -0.418
      5.852    -0.880    -0.418
      5.858    -0.883    -0.417
      5.864    -0.886    -0.417
      5.871    -0.890    -0.416
      5.878    -0.893    -0.416
      5.885    -0.897    -0.415
      5.892    -0.900    -0.415
      5.899    -0.904    -0.414
      5.907    -0.907    -0.414
      5.914    -0.911    -0.413
      5.920    -0.914    -0.413
      5.927    -0.917    -0.412
      5.933    -0.920    -0.411
      5.940    -0.924    -0.411
      5.947    -0.927    -0.410
      5.953    -0.930    -0.410
      5.960    -0.933    -0.409
      5.966    -0.936    -0.409
      5.973    -0.939    -0.408
      5.979    -0.943    -0.408
      5.986    -0.946    -0.407
      5.992    -0.949    -0.407
      5.999    -0.952    -0.406
      6.005    -0.955    -0.406
      6.011    -0.958    -0.405
      6.017    -0.961    -0.405
      6.023    -0.964    -0.404
      6.030    -0.967    -0.403
      6.037    -0.970    -0.403
      6.043    -0.973    -0.402
      6.050    -0.976    -0.402
      6.056    -0.979    -0.401
      6.063    -0.982    -0.401
      6.069    -0.985    -0.400
      6.075    -0.988    -0.399
      6.082    -0.991    -0.399
      6.088    -0.994    -0.398
      6.094    -0.997    -0.398
      6.101    -1.000    -0.397
      6.108    -1.003    -0.397
      6.115    -1.006    -0.396
      6.122    -1.010    -0.395
      6.129    -1.013    -0.395
      6.136    -1.016    -0.394
      6.143    -1.019    -0.393
      6.150    -1.022    -0.393
      6.157    -1.026    -0.392
      6.164    -1.029    -0.391
      6.171    -1.032    -0.391
      6.178    -1.036    -0.390
      6.186    -1.039    -0.389
      6.193    -1.042    -0.389
      6.200    -1.045    -0.388
      6.207    -1.048    -0.387
      6.214    -1.052    -0.387
      6.221    -1.055    -0.386
      6.228    -1.058    -0.385
      6.236    -1.061    -0.385
      6.243    -1.065    -0.384
      6.250    -1.068    -0.383
      6.257    -1.071    -0.383
      6.265    -1.074    -0.382
      6.272    -1.077    -0.381
      6.279    -1.081    -0.381
      6.286    -1.084    -0.380
      6.294    -1.087    -0.379
      6.301    -1.090    -0.378
      6.308    -1.093    -0.378
      6.316    -1.096    -0.377
      6.322    -1.099    -0.376
      6.329    -1.102    -0.376
      6.336    -1.105    -0.375
      6.342    -1.108    -0.374
      6.349    -1.111    -0.374
      6.356    -1.114    -0.373
      6.363    -1.117    -0.372
      6.370    -1.120    -0.372
      6.378    -1.123    -0.371
      6.385    -1.126    -0.370
      6.392    -1.129    -0.370
      6.400    -1.132    -0.369
      6.407    -1.135    -0.368
      6.414    -1.138    -0.368
      6.420    -1.141    -0.367
      6.427    -1.144    -0.366
      6.434    -1.146    -0.366
      6.440    -1.149    -0.365
      6.447    -1.152    -0.364
      6.454    -1.155    -0.364
      6.461    -1.157    -0.363
      6.467    -1.160    -0.362
      6.474    -1.163    -0.362
      6.481    -1.166    -0.361
      6.488    -1.168    -0.360
      6.494    -1.171    -0.360
      6.500    -1.173    -0.359
      6.507    -1.176    -0.358
      6.513    -1.178    -0.358
      6.519    -1.181    -0.357
      6.527    -1.184    -0.356
      6.534    -1.187    -0.356
      6.542    -1.190    -0.355
      6.549    -1.193    -0.354
      6.556    -1.196    -0.353
      6.564    -1.198    -0.353
      6.571    -1.201    -0.352
      6.578    -1.204    -0.351
      6.585    -1.207    -0.351
      6.592    -1.209    -0.350
      6.598    -1.212    -0.349
      6.605    -1.214    -0.349
      6.612    -1.217    -0.348
      6.619    -1.220    -0.347
      6.626    -1.222    -0.347
      6.632    -1.225    -0.346
      6.639    -1.227    -0.345
      6.646    -1.230    -0.345
      6.653    -1.232    -0.344
      6.659    -1.235    -0.343
      6.666    -1.237    -0.343
      6.672    -1.239    -0.342
      6.678    -1.242    -0.341
      6.685    -1.244    -0.341
      6.692    -1.247    -0.340
      6.699    -1.249    -0.340
      6.705    -1.252    -0.339
      6.712    -1.254    -0.338
      6.719    -1.257    -0.338
      6.726    -1.259    -0.337
      6.732    -1.261    -0.336
      6.739    -1.264    -0.336
      6.745    -1.266    -0.335
      6.752    -1.268    -0.334
      6.758    -1.270    -0.334
      6.765    -1.273    -0.333
      6.773    -1.275    -0.332
      6.780    -1.278    -0.332
      6.787    -1.281    -0.331
      6.794    -1.283    -0.330
      6.802    -1.285    -0.330
      6.809    -1.288    -0.329
      6.816    -1.290    -0.328
      6.824    -1.293    -0.327
      6.831    -1.295    -0.327
      6.839    -1.298    -0.326
      6.846    -1.301    -0.325
      6.854    -1.303    -0.325
      6.861    -1.306    -0.324
      6.869    -1.308    -0.323
      6.876    -1.310    -0.323
      6.883    -1.313    -0.322
      6.890    -1.315    -0.321
      6.896    -1.317    -0.321
      6.903    -1.319    -0.320
      6.910    -1.321    -0.319
      6.917    -1.324    -0.319
      6.924    -1.326    -0.318
      6.931    -1.328    -0.317
      6.938    -1.330    -0.317
      6.945    -1.332    -0.316
      6.952    -1.335    -0.315
      6.958    -1.337    -0.315
      6.965    -1.339    -0.314
      6.972    -1.341    -0.314
      6.978    -1.343    -0.313
      6.985    -1.345    -0.312
      6.992    -1.347    -0.312
      6.999    -1.349    -0.311
      7.006    -1.351    -0.311
      7.013    -1.353    -0.310
      7.019    -1.355    -0.309
      7.026    -1.357    -0.309
      7.033    -1.359    -0.308
      7.040    -1.361    -0.307
      7.046    -1.363    -0.307
      7.053    -1.365    -0.306
      7.059    -1.367    -0.306
      7.067    -1.369    -0.305
      7.074    -1.371    -0.304
      7.081    -1.373    -0.304
      7.089    -1.375    -0.303
      7.096    -1.377    -0.302
      7.104    -1.379    -0.302
      7.111    -1.381    -0.301
      7.118    -1.383    -0.301
      7.125    -1.385    -0.300
      7.132    -1.387    -0.299
      7.139    -1.389    -0.299
      7.146    -1.391    -0.298
      7.153    -1.393    -0.298
      7.161    -1.394    -0.297
      7.167    -1.396    -0.296
      7.174    -1.398    -0.296
      7.180    -1.400    -0.295
      7.187    -1.401    -0.295
      7.194    -1.403    -0.294
      7.201    -1.405    -0.294
      7.209    -1.407    -0.293
      7.216    -1.409    -0.292
      7.223    -1.411    -0.292
      7.231    -1.412    -0.291
      7.238    -1.414    -0.290
      7.246    -1.416    -0.290
      7.253    -1.418    -0.289
      7.261    -1.420    -0.289
      7.268    -1.421    -0.288
      7.276    -1.423    -0.288
      7.283    -1.425    -0.287
      7.291    -1.427    -0.286
      7.298    -1.429    -0.286
      7.305    -1.430    -0.285
      7.313    -1.432    -0.285
      7.321    -1.434    -0.284
      7.329    -1.435    -0.283
      7.336    -1.437    -0.283
      7.344    -1.439    -0.282
      7.352    -1.441    -0.282
      7.360    -1.442    -0.281
