Count of Points:77

WCS coordinates of Points:
      7.475     0.615    -1.175
      7.467     0.617    -1.177
      7.460     0.619    -1.178
      7.452     0.621    -1.180
      7.445     0.623    -1.182
      7.437     0.625    -1.183
      7.430     0.627    -1.185
      7.423     0.629    -1.187
      7.416     0.631    -1.188
      7.409     0.633    -1.190
      7.402     0.635    -1.191
      7.395     0.637    -1.193
      7.389     0.639    -1.194
      7.382     0.641    -1.196
      7.375     0.643    -1.198
      7.368     0.645    -1.199
      7.361     0.647    -1.201
      7.355     0.649    -1.203
      7.348     0.651    -1.204
      7.341     0.653    -1.206
      7.335     0.655    -1.208
      7.328     0.657    -1.209
      7.322     0.659    -1.211
      7.316     0.661    -1.212
      7.309     0.662    -1.214
      7.302     0.664    -1.216
      7.296     0.666    -1.217
      7.289     0.668    -1.219
      7.282     0.670    -1.221
      7.275     0.672    -1.223
      7.269     0.674    -1.225
      7.262     0.676    -1.226
      7.256     0.678    -1.228
      7.250     0.680    -1.230
      7.243     0.682    -1.231
      7.237     0.684    -1.233
      7.230     0.686    -1.235
      7.223     0.688    -1.237
      7.216     0.690    -1.239
      7.209     0.692    -1.241
      7.202     0.695    -1.243
      7.195     0.697    -1.245
      7.188     0.699    -1.247
      7.180     0.701    -1.249
      7.174     0.703    -1.251
      7.167     0.705    -1.253
      7.160     0.707    -1.255
      7.154     0.709    -1.257
      7.147     0.711    -1.259
      7.140     0.713    -1.261
      7.134     0.715    -1.263
      7.128     0.717    -1.264
      7.121     0.719    -1.266
      7.115     0.721    -1.268
      7.109     0.722    -1.270
      7.102     0.724    -1.272
      7.095     0.727    -1.274
      7.088     0.729    -1.277
      7.081     0.731    -1.279
      7.074     0.733    -1.281
      7.067     0.735    -1.283
      7.060     0.737    -1.285
      7.053     0.739    -1.287
      7.046     0.741    -1.290
      7.039     0.743    -1.292
      7.032     0.745    -1.294
      7.025     0.747    -1.296
      7.018     0.750    -1.298
      7.011     0.752    -1.301
      7.004     0.754    -1.303
      6.997     0.756    -1.305
      6.989     0.758    -1.308
      6.982     0.760    -1.310
      6.975     0.762    -1.312
      6.967     0.764    -1.315
      6.960     0.766    -1.317
      6.953     0.769    -1.320
