Count of Points:874

WCS coordinates of Points:
      7.370    -1.389    -0.313
      7.363    -1.388    -0.314
      7.356    -1.386    -0.315
      7.349    -1.385    -0.315
      7.342    -1.383    -0.316
      7.335    -1.382    -0.317
      7.328    -1.380    -0.317
      7.321    -1.379    -0.318
      7.315    -1.377    -0.318
      7.308    -1.375    -0.319
      7.301    -1.374    -0.320
      7.294    -1.372    -0.320
      7.287    -1.371    -0.321
      7.280    -1.369    -0.321
      7.273    -1.367    -0.322
      7.266    -1.366    -0.323
      7.259    -1.364    -0.323
      7.252    -1.362    -0.324
      7.245    -1.361    -0.325
      7.238    -1.359    -0.325
      7.231    -1.357    -0.326
      7.224    -1.355    -0.326
      7.217    -1.354    -0.327
      7.210    -1.352    -0.328
      7.202    -1.350    -0.328
      7.194    -1.348    -0.329
      7.187    -1.346    -0.330
      7.179    -1.344    -0.331
      7.171    -1.342    -0.331
      7.165    -1.340    -0.332
      7.158    -1.339    -0.333
      7.151    -1.337    -0.333
      7.144    -1.335    -0.334
      7.137    -1.333    -0.334
      7.130    -1.331    -0.335
      7.123    -1.329    -0.336
      7.115    -1.327    -0.337
      7.108    -1.325    -0.337
      7.100    -1.323    -0.338
      7.092    -1.321    -0.339
      7.085    -1.319    -0.339
      7.077    -1.317    -0.340
      7.069    -1.315    -0.341
      7.062    -1.313    -0.342
      7.054    -1.310    -0.342
      7.047    -1.308    -0.343
      7.039    -1.306    -0.344
      7.032    -1.304    -0.345
      7.024    -1.302    -0.345
      7.017    -1.300    -0.346
      7.010    -1.298    -0.347
      7.003    -1.296    -0.348
      6.996    -1.294    -0.348
      6.989    -1.291    -0.349
      6.982    -1.289    -0.350
      6.976    -1.287    -0.350
      6.969    -1.285    -0.351
      6.961    -1.283    -0.352
      6.954    -1.281    -0.353
      6.946    -1.278    -0.353
      6.938    -1.276    -0.354
      6.931    -1.274    -0.355
      6.923    -1.271    -0.356
      6.916    -1.269    -0.356
      6.908    -1.267    -0.357
      6.901    -1.264    -0.358
      6.893    -1.262    -0.359
      6.886    -1.259    -0.360
      6.878    -1.257    -0.360
      6.871    -1.255    -0.361
      6.864    -1.252    -0.362
      6.856    -1.250    -0.363
      6.849    -1.247    -0.363
      6.841    -1.245    -0.364
      6.834    -1.242    -0.365
      6.826    -1.240    -0.366
      6.819    -1.237    -0.367
      6.812    -1.235    -0.367
      6.804    -1.233    -0.368
      6.797    -1.230    -0.369
      6.789    -1.227    -0.370
      6.782    -1.225    -0.371
      6.774    -1.222    -0.371
      6.767    -1.220    -0.372
      6.759    -1.217    -0.373
      6.752    -1.215    -0.374
      6.744    -1.212    -0.375
      6.738    -1.210    -0.375
      6.731    -1.207    -0.376
      6.724    -1.205    -0.377
      6.717    -1.202    -0.378
      6.711    -1.200    -0.378
      6.704    -1.198    -0.379
      6.697    -1.195    -0.380
      6.690    -1.193    -0.381
      6.682    -1.190    -0.381
      6.675    -1.187    -0.382
      6.667    -1.185    -0.383
      6.660    -1.182    -0.384
      6.652    -1.179    -0.385
      6.645    -1.176    -0.386
      6.638    -1.174    -0.386
      6.630    -1.171    -0.387
      6.623    -1.168    -0.388
      6.616    -1.165    -0.389
      6.608    -1.163    -0.390
      6.601    -1.160    -0.390
      6.594    -1.157    -0.391
      6.586    -1.155    -0.392
      6.579    -1.152    -0.393
      6.572    -1.149    -0.394
      6.564    -1.146    -0.395
      6.557    -1.143    -0.395
      6.550    -1.141    -0.396
      6.542    -1.138    -0.397
      6.535    -1.135    -0.398
      6.528    -1.132    -0.399
      6.521    -1.129    -0.399
      6.513    -1.126    -0.400
      6.506    -1.123    -0.401
      6.499    -1.121    -0.402
      6.491    -1.118    -0.403
      6.484    -1.115    -0.403
      6.476    -1.112    -0.404
      6.469    -1.109    -0.405
      6.462    -1.106    -0.406
      6.454    -1.103    -0.407
      6.447    -1.100    -0.408
      6.440    -1.097    -0.408
      6.433    -1.094    -0.409
      6.425    -1.091    -0.410
      6.418    -1.088    -0.411
      6.411    -1.086    -0.412
      6.404    -1.083    -0.412
      6.396    -1.080    -0.413
      6.389    -1.077    -0.414
      6.382    -1.074    -0.415
      6.374    -1.071    -0.416
      6.367    -1.068    -0.416
      6.360    -1.064    -0.417
      6.352    -1.061    -0.418
      6.345    -1.058    -0.419
      6.338    -1.055    -0.420
      6.331    -1.052    -0.420
      6.323    -1.049    -0.421
      6.316    -1.046    -0.422
      6.309    -1.043    -0.423
      6.302    -1.040    -0.424
      6.295    -1.037    -0.424
      6.289    -1.035    -0.425
      6.282    -1.032    -0.426
      6.275    -1.029    -0.427
      6.269    -1.026    -0.427
      6.262    -1.023    -0.428
      6.255    -1.020    -0.429
      6.249    -1.018    -0.429
      6.242    -1.015    -0.430
      6.236    -1.012    -0.431
      6.229    -1.009    -0.432
      6.222    -1.006    -0.432
      6.215    -1.003    -0.433
      6.208    -1.000    -0.434
      6.201    -0.997    -0.435
      6.194    -0.993    -0.435
      6.186    -0.990    -0.436
      6.179    -0.987    -0.437
      6.172    -0.984    -0.438
      6.165    -0.981    -0.438
      6.157    -0.977    -0.439
      6.150    -0.974    -0.440
      6.143    -0.971    -0.441
      6.136    -0.968    -0.441
      6.129    -0.965    -0.442
      6.122    -0.962    -0.443
      6.115    -0.958    -0.444
      6.107    -0.955    -0.444
      6.100    -0.952    -0.445
      6.093    -0.949    -0.446
      6.086    -0.945    -0.447
      6.079    -0.942    -0.447
      6.072    -0.939    -0.448
      6.065    -0.936    -0.449
      6.058    -0.933    -0.449
      6.050    -0.929    -0.450
      6.043    -0.926    -0.451
      6.036    -0.923    -0.452
      6.029    -0.919    -0.452
      6.021    -0.916    -0.453
      6.014    -0.913    -0.454
      6.007    -0.909    -0.454
      6.000    -0.906    -0.455
      5.993    -0.903    -0.456
      5.986    -0.899    -0.457
      5.978    -0.896    -0.457
      5.971    -0.893    -0.458
      5.964    -0.889    -0.459
      5.957    -0.886    -0.459
      5.950    -0.883    -0.460
      5.943    -0.880    -0.461
      5.936    -0.876    -0.461
      5.929    -0.873    -0.462
      5.922    -0.869    -0.463
      5.914    -0.866    -0.463
      5.907    -0.863    -0.464
      5.900    -0.859    -0.465
      5.893    -0.856    -0.465
      5.886    -0.852    -0.466
      5.879    -0.849    -0.467
      5.871    -0.846    -0.467
      5.864    -0.842    -0.468
      5.857    -0.839    -0.469
      5.850    -0.835    -0.469
      5.843    -0.832    -0.470
      5.836    -0.829    -0.470
      5.830    -0.826    -0.471
      5.823    -0.822    -0.472
      5.817    -0.819    -0.472
      5.810    -0.816    -0.473
      5.804    -0.813    -0.473
      5.796    -0.809    -0.474
      5.789    -0.806    -0.475
      5.782    -0.803    -0.475
      5.775    -0.799    -0.476
      5.768    -0.796    -0.476
      5.761    -0.792    -0.477
      5.754    -0.789    -0.478
      5.747    -0.785    -0.478
      5.740    -0.782    -0.479
      5.733    -0.778    -0.479
      5.726    -0.775    -0.480
      5.719    -0.771    -0.480
      5.712    -0.768    -0.481
      5.705    -0.764    -0.482
      5.697    -0.761    -0.482
      5.690    -0.757    -0.483
      5.683    -0.754    -0.483
      5.676    -0.750    -0.484
      5.669    -0.747    -0.484
      5.662    -0.743    -0.485
      5.655    -0.740    -0.486
      5.648    -0.736    -0.486
      5.641    -0.732    -0.487
      5.634    -0.729    -0.487
      5.628    -0.726    -0.488
      5.621    -0.723    -0.488
      5.615    -0.719    -0.489
      5.608    -0.716    -0.489
      5.602    -0.713    -0.490
      5.595    -0.709    -0.490
      5.587    -0.706    -0.491
      5.580    -0.702    -0.491
      5.573    -0.699    -0.492
      5.566    -0.695    -0.492
      5.559    -0.691    -0.493
      5.552    -0.688    -0.493
      5.546    -0.684    -0.494
      5.539    -0.681    -0.494
      5.533    -0.678    -0.494
      5.526    -0.674    -0.495
      5.520    -0.671    -0.495
      5.513    -0.668    -0.496
      5.507    -0.665    -0.496
      5.500    -0.661    -0.497
      5.494    -0.658    -0.497
      5.487    -0.655    -0.497
      5.481    -0.651    -0.498
      5.474    -0.648    -0.498
      5.468    -0.645    -0.499
      5.462    -0.642    -0.499
      5.456    -0.638    -0.500
      5.450    -0.635    -0.500
      5.444    -0.632    -0.500
      5.437    -0.629    -0.501
      5.431    -0.625    -0.501
      5.425    -0.622    -0.501
      5.418    -0.619    -0.502
      5.412    -0.615    -0.502
      5.405    -0.612    -0.503
      5.399    -0.609    -0.503
      5.392    -0.605    -0.503
      5.385    -0.601    -0.504
      5.378    -0.598    -0.504
      5.371    -0.594    -0.505
      5.364    -0.590    -0.505
      5.357    -0.587    -0.505
      5.350    -0.583    -0.506
      5.343    -0.579    -0.506
      5.336    -0.576    -0.507
      5.329    -0.572    -0.507
      5.322    -0.568    -0.507
      5.315    -0.565    -0.508
      5.308    -0.561    -0.508
      5.301    -0.558    -0.508
      5.294    -0.554    -0.509
      5.287    -0.550    -0.509
      5.280    -0.546    -0.510
      5.273    -0.543    -0.510
      5.266    -0.539    -0.510
      5.259    -0.535    -0.511
      5.253    -0.532    -0.511
      5.246    -0.528    -0.511
      5.239    -0.524    -0.512
      5.232    -0.521    -0.512
      5.225    -0.517    -0.512
      5.218    -0.513    -0.513
      5.211    -0.509    -0.513
      5.204    -0.506    -0.513
      5.197    -0.502    -0.514
      5.190    -0.498    -0.514
      5.183    -0.494    -0.514
      5.176    -0.491    -0.515
      5.169    -0.487    -0.515
      5.162    -0.483    -0.515
      5.155    -0.480    -0.516
      5.148    -0.476    -0.516
      5.141    -0.472    -0.516
      5.134    -0.469    -0.516
      5.127    -0.465    -0.517
      5.120    -0.461    -0.517
      5.113    -0.457    -0.517
      5.106    -0.454    -0.518
      5.099    -0.450    -0.518
      5.092    -0.446    -0.518
      5.085    -0.442    -0.518
      5.078    -0.439    -0.519
      5.071    -0.435    -0.519
      5.064    -0.431    -0.519
      5.057    -0.427    -0.520
      5.050    -0.423    -0.520
      5.043    -0.420    -0.520
      5.036    -0.416    -0.520
      5.029    -0.412    -0.521
      5.023    -0.409    -0.521
      5.016    -0.405    -0.521
      5.010    -0.402    -0.521
      5.003    -0.398    -0.522
      4.997    -0.395    -0.522
      4.991    -0.391    -0.522
      4.984    -0.388    -0.522
      4.977    -0.384    -0.523
      4.970    -0.380    -0.523
      4.963    -0.376    -0.523
      4.956    -0.373    -0.523
      4.949    -0.369    -0.523
      4.942    -0.365    -0.524
      4.935    -0.362    -0.524
      4.928    -0.358    -0.524
      4.921    -0.354    -0.524
      4.914    -0.350    -0.525
      4.907    -0.347    -0.525
      4.900    -0.343    -0.525
      4.893    -0.339    -0.525
      4.886    -0.335    -0.525
      4.879    -0.331    -0.526
      4.872    -0.328    -0.526
      4.865    -0.324    -0.526
      4.858    -0.320    -0.526
      4.851    -0.316    -0.527
      4.844    -0.313    -0.527
      4.837    -0.309    -0.527
      4.830    -0.305    -0.527
      4.824    -0.302    -0.527
      4.817    -0.298    -0.527
      4.811    -0.295    -0.528
      4.804    -0.291    -0.528
      4.798    -0.288    -0.528
      4.792    -0.284    -0.528
      4.785    -0.281    -0.528
      4.778    -0.277    -0.529
      4.771    -0.273    -0.529
      4.764    -0.269    -0.529
      4.757    -0.266    -0.529
      4.750    -0.262    -0.529
      4.743    -0.258    -0.529
      4.736    -0.255    -0.530
      4.730    -0.251    -0.530
      4.723    -0.248    -0.530
      4.717    -0.245    -0.530
      4.710    -0.241    -0.530
      4.704    -0.238    -0.530
      4.697    -0.234    -0.531
      4.691    -0.231    -0.531
      4.685    -0.227    -0.531
      4.678    -0.224    -0.531
      4.672    -0.221    -0.531
      4.665    -0.217    -0.531
      4.659    -0.214    -0.531
      4.653    -0.211    -0.532
      4.647    -0.208    -0.532
      4.641    -0.204    -0.532
      4.635    -0.201    -0.532
      4.628    -0.197    -0.532
      4.621    -0.194    -0.532
      4.614    -0.190    -0.532
      4.607    -0.186    -0.532
      4.600    -0.183    -0.533
      4.593    -0.179    -0.533
      4.586    -0.176    -0.533
      4.579    -0.172    -0.533
      4.572    -0.168    -0.533
      4.565    -0.165    -0.533
      4.558    -0.161    -0.533
      4.551    -0.157    -0.534
      4.544    -0.154    -0.534
      4.537    -0.150    -0.534
      4.530    -0.146    -0.534
      4.523    -0.143    -0.534
      4.516    -0.139    -0.534
      4.509    -0.135    -0.534
      4.501    -0.132    -0.534
      4.494    -0.128    -0.535
      4.487    -0.124    -0.535
      4.480    -0.121    -0.535
      4.473    -0.117    -0.535
      4.467    -0.114    -0.535
      4.460    -0.111    -0.535
      4.454    -0.107    -0.535
      4.447    -0.104    -0.535
      4.441    -0.101    -0.535
      4.434    -0.097    -0.536
      4.427    -0.094    -0.536
      4.420    -0.090    -0.536
      4.413    -0.087    -0.536
      4.406    -0.083    -0.536
      4.399    -0.079    -0.536
      4.392    -0.076    -0.536
      4.384    -0.072    -0.536
      4.378    -0.069    -0.536
      4.371    -0.066    -0.536
      4.365    -0.063    -0.536
      4.358    -0.059    -0.537
      4.352    -0.056    -0.537
      4.345    -0.053    -0.537
      4.339    -0.050    -0.537
      4.332    -0.046    -0.537
      4.326    -0.043    -0.537
      4.319    -0.040    -0.537
      4.312    -0.037    -0.537
      4.306    -0.034    -0.537
      4.300    -0.031    -0.537
      4.294    -0.028    -0.537
      4.287    -0.025    -0.537
      4.281    -0.022    -0.538
      4.275    -0.019    -0.538
      4.268    -0.015    -0.538
      4.261    -0.012    -0.538
      4.254    -0.008    -0.538
      4.246    -0.005    -0.538
      4.239    -0.001    -0.538
      4.232     0.002    -0.538
      4.225     0.005    -0.538
      4.218     0.009    -0.538
      4.212     0.012    -0.538
      4.205     0.015    -0.538
      4.198     0.018    -0.538
      4.192     0.021    -0.538
      4.185     0.024    -0.539
      4.179     0.027    -0.539
      4.172     0.030    -0.539
      4.165     0.033    -0.539
      4.159     0.036    -0.539
      4.152     0.039    -0.539
      4.146     0.043    -0.539
      4.139     0.045    -0.539
      4.133     0.048    -0.539
      4.127     0.051    -0.539
      4.121     0.054    -0.539
      4.114     0.057    -0.539
      4.108     0.060    -0.539
      4.101     0.063    -0.539
      4.094     0.066    -0.539
      4.088     0.069    -0.539
      4.081     0.072    -0.539
      4.074     0.075    -0.540
      4.068     0.078    -0.540
      4.062     0.080    -0.540
      4.056     0.083    -0.540
      4.049     0.086    -0.540
      4.043     0.089    -0.540
      4.036     0.092    -0.540
      4.029     0.095    -0.540
      4.022     0.098    -0.540
      4.015     0.101    -0.540
      4.008     0.104    -0.540
      4.001     0.107    -0.540
      3.994     0.110    -0.540
      3.987     0.113    -0.540
      3.980     0.116    -0.540
      3.973     0.119    -0.540
      3.967     0.122    -0.540
      3.960     0.124    -0.540
      3.953     0.127    -0.540
      3.947     0.130    -0.540
      3.940     0.133    -0.540
      3.933     0.136    -0.541
      3.925     0.139    -0.541
      3.918     0.142    -0.541
      3.911     0.145    -0.541
      3.903     0.148    -0.541
      3.896     0.151    -0.541
      3.889     0.154    -0.541
      3.881     0.157    -0.541
      3.874     0.160    -0.541
      3.867     0.163    -0.541
      3.859     0.166    -0.541
      3.852     0.168    -0.541
      3.845     0.171    -0.541
      3.838     0.174    -0.541
      3.830     0.177    -0.541
      3.823     0.180    -0.541
      3.815     0.183    -0.541
      3.808     0.186    -0.541
      3.801     0.188    -0.541
      3.793     0.191    -0.541
      3.786     0.194    -0.541
      3.779     0.197    -0.541
      3.771     0.199    -0.541
      3.764     0.202    -0.541
      3.756     0.205    -0.541
      3.749     0.208    -0.541
      3.741     0.210    -0.542
      3.734     0.213    -0.542
      3.727     0.216    -0.542
      3.719     0.219    -0.542
      3.712     0.221    -0.542
      3.704     0.224    -0.542
      3.697     0.227    -0.542
      3.689     0.229    -0.542
      3.682     0.232    -0.542
      3.674     0.234    -0.542
      3.667     0.237    -0.542
      3.660     0.239    -0.542
      3.652     0.242    -0.542
      3.645     0.245    -0.542
      3.637     0.247    -0.542
      3.630     0.250    -0.542
      3.622     0.252    -0.542
      3.614     0.255    -0.542
      3.607     0.257    -0.542
      3.599     0.260    -0.542
      3.592     0.262    -0.542
      3.584     0.264    -0.542
      3.577     0.267    -0.542
      3.569     0.269    -0.542
      3.561     0.272    -0.542
      3.554     0.274    -0.542
      3.546     0.276    -0.542
      3.539     0.279    -0.542
      3.532     0.281    -0.542
      3.525     0.283    -0.542
      3.518     0.285    -0.542
      3.511     0.287    -0.542
      3.504     0.289    -0.542
      3.497     0.291    -0.542
      3.489     0.294    -0.542
      3.482     0.296    -0.542
      3.474     0.298    -0.542
      3.466     0.300    -0.542
      3.459     0.302    -0.542
      3.451     0.304    -0.542
      3.444     0.307    -0.542
      3.436     0.309    -0.542
      3.429     0.311    -0.542
      3.421     0.313    -0.542
      3.413     0.315    -0.542
      3.406     0.317    -0.542
      3.398     0.319    -0.542
      3.390     0.321    -0.542
      3.382     0.323    -0.542
      3.375     0.325    -0.542
      3.367     0.327    -0.542
      3.359     0.329    -0.543
      3.352     0.331    -0.543
      3.344     0.333    -0.543
      3.336     0.335    -0.543
      3.328     0.336    -0.543
      3.321     0.338    -0.543
      3.314     0.340    -0.543
      3.307     0.341    -0.543
      3.300     0.343    -0.543
      3.293     0.345    -0.543
      3.286     0.346    -0.543
      3.278     0.348    -0.543
      3.270     0.350    -0.543
      3.262     0.351    -0.543
      3.255     0.353    -0.543
      3.247     0.355    -0.543
      3.239     0.356    -0.543
      3.231     0.358    -0.543
      3.224     0.360    -0.543
      3.217     0.361    -0.543
      3.210     0.362    -0.543
      3.203     0.364    -0.543
      3.196     0.365    -0.543
      3.188     0.367    -0.543
      3.181     0.368    -0.543
      3.174     0.369    -0.543
      3.167     0.371    -0.543
      3.160     0.372    -0.543
      3.153     0.373    -0.543
      3.145     0.375    -0.543
      3.139     0.376    -0.543
      3.132     0.377    -0.543
      3.125     0.378    -0.543
      3.118     0.379    -0.543
      3.112     0.380    -0.543
      3.104     0.382    -0.543
      3.096     0.383    -0.543
      3.088     0.384    -0.543
      3.080     0.385    -0.543
      3.072     0.387    -0.543
      3.065     0.388    -0.543
      3.057     0.389    -0.543
      3.049     0.390    -0.543
      3.041     0.391    -0.543
      3.034     0.392    -0.543
      3.026     0.393    -0.543
      3.018     0.394    -0.543
      3.010     0.395    -0.543
      3.002     0.396    -0.543
      2.994     0.397    -0.543
      2.986     0.398    -0.543
      2.978     0.399    -0.543
      2.970     0.400    -0.543
      2.963     0.401    -0.543
      2.955     0.402    -0.543
      2.947     0.403    -0.543
      2.939     0.404    -0.543
      2.931     0.404    -0.543
      2.924     0.405    -0.543
      2.916     0.406    -0.543
      2.909     0.407    -0.543
      2.902     0.407    -0.543
      2.895     0.408    -0.543
      2.887     0.408    -0.543
      2.879     0.409    -0.543
      2.871     0.410    -0.543
      2.864     0.410    -0.543
      2.856     0.411    -0.543
      2.848     0.411    -0.543
      2.840     0.412    -0.543
      2.832     0.413    -0.543
      2.824     0.413    -0.543
      2.817     0.413    -0.543
      2.810     0.414    -0.543
      2.803     0.414    -0.543
      2.795     0.415    -0.543
      2.788     0.415    -0.543
      2.781     0.415    -0.543
      2.773     0.416    -0.543
      2.766     0.416    -0.543
      2.759     0.416    -0.543
      2.752     0.416    -0.543
      2.744     0.417    -0.543
      2.737     0.417    -0.543
      2.731     0.417    -0.543
      2.724     0.417    -0.543
      2.717     0.417    -0.543
      2.710     0.417    -0.543
      2.702     0.418    -0.543
      2.694     0.418    -0.543
      2.686     0.418    -0.543
      2.678     0.418    -0.543
      2.670     0.418    -0.543
      2.662     0.418    -0.543
      2.654     0.418    -0.543
      2.647     0.418    -0.543
      2.640     0.418    -0.543
      2.632     0.418    -0.543
      2.625     0.418    -0.543
      2.618     0.418    -0.543
      2.611     0.417    -0.543
      2.603     0.417    -0.543
      2.596     0.417    -0.543
      2.589     0.417    -0.543
      2.581     0.417    -0.543
      2.574     0.416    -0.543
      2.567     0.416    -0.543
      2.560     0.416    -0.543
      2.553     0.416    -0.543
      2.546     0.415    -0.543
      2.539     0.415    -0.543
      2.532     0.415    -0.543
      2.525     0.414    -0.543
      2.518     0.414    -0.543
      2.511     0.414    -0.543
      2.503     0.413    -0.543
      2.496     0.413    -0.543
      2.489     0.412    -0.543
      2.482     0.412    -0.543
      2.475     0.411    -0.543
      2.468     0.411    -0.543
      2.461     0.410    -0.543
      2.454     0.410    -0.543
      2.447     0.409    -0.543
      2.439     0.408    -0.543
      2.432     0.408    -0.543
      2.424     0.407    -0.543
      2.416     0.406    -0.543
      2.409     0.406    -0.543
      2.401     0.405    -0.543
      2.393     0.404    -0.543
      2.385     0.403    -0.543
      2.378     0.402    -0.543
      2.370     0.402    -0.543
      2.362     0.401    -0.543
      2.354     0.400    -0.543
      2.346     0.399    -0.543
      2.338     0.398    -0.543
      2.331     0.397    -0.543
      2.323     0.396    -0.543
      2.315     0.395    -0.543
      2.307     0.394    -0.543
      2.299     0.393    -0.543
      2.291     0.392    -0.543
      2.283     0.391    -0.543
      2.276     0.389    -0.543
      2.268     0.388    -0.543
      2.260     0.387    -0.543
      2.252     0.386    -0.543
      2.244     0.385    -0.543
      2.236     0.383    -0.543
      2.228     0.382    -0.543
      2.221     0.381    -0.543
      2.213     0.379    -0.543
      2.206     0.378    -0.543
      2.198     0.377    -0.543
      2.191     0.376    -0.543
      2.184     0.374    -0.543
      2.177     0.373    -0.543
      2.170     0.372    -0.543
      2.162     0.370    -0.543
      2.154     0.369    -0.543
      2.146     0.367    -0.543
      2.138     0.366    -0.543
      2.131     0.364    -0.543
      2.123     0.362    -0.543
      2.115     0.361    -0.543
      2.108     0.359    -0.543
      2.101     0.358    -0.543
      2.094     0.356    -0.543
      2.087     0.355    -0.543
      2.079     0.353    -0.543
      2.072     0.352    -0.543
      2.065     0.350    -0.543
      2.058     0.348    -0.543
      2.051     0.347    -0.543
      2.044     0.345    -0.543
      2.037     0.343    -0.543
      2.030     0.342    -0.543
      2.023     0.340    -0.543
      2.016     0.338    -0.543
      2.010     0.337    -0.543
      2.003     0.335    -0.543
      1.996     0.333    -0.543
      1.989     0.331    -0.543
      1.981     0.329    -0.543
      1.973     0.327    -0.543
      1.965     0.325    -0.543
      1.958     0.323    -0.543
      1.950     0.321    -0.543
      1.942     0.319    -0.543
      1.935     0.317    -0.543
      1.928     0.315    -0.543
      1.921     0.313    -0.543
      1.914     0.311    -0.543
      1.907     0.309    -0.543
      1.900     0.307    -0.543
      1.893     0.305    -0.543
      1.886     0.303    -0.543
      1.879     0.301    -0.543
      1.872     0.299    -0.543
      1.865     0.297    -0.543
      1.858     0.295    -0.543
      1.852     0.293    -0.543
      1.845     0.291    -0.543
      1.839     0.289    -0.543
      1.832     0.287    -0.543
      1.826     0.285    -0.543
      1.819     0.282    -0.543
      1.812     0.280    -0.543
      1.805     0.278    -0.543
      1.798     0.276    -0.543
      1.791     0.273    -0.543
      1.784     0.271    -0.543
      1.777     0.269    -0.543
      1.771     0.267    -0.543
      1.764     0.264    -0.543
      1.758     0.262    -0.543
      1.751     0.260    -0.543
      1.744     0.257    -0.543
      1.737     0.255    -0.543
      1.730     0.252    -0.543
      1.722     0.250    -0.543
      1.715     0.247    -0.543
      1.708     0.245    -0.543
      1.701     0.242    -0.543
      1.694     0.239    -0.543
      1.686     0.237    -0.543
      1.679     0.234    -0.543
      1.671     0.231    -0.543
      1.664     0.228    -0.543
      1.656     0.225    -0.543
      1.649     0.223    -0.543
      1.642     0.220    -0.543
      1.635     0.217    -0.543
      1.628     0.214    -0.543
      1.621     0.212    -0.543
      1.614     0.209    -0.543
      1.608     0.206    -0.543
      1.601     0.204    -0.543
      1.594     0.201    -0.543
      1.587     0.198    -0.543
      1.581     0.195    -0.543
      1.574     0.193    -0.543
      1.567     0.190    -0.543
      1.560     0.187    -0.543
      1.554     0.184    -0.543
      1.548     0.182    -0.543
      1.541     0.179    -0.543
      1.535     0.176    -0.543
      1.529     0.173    -0.543
      1.522     0.171    -0.543
      1.515     0.168    -0.543
      1.509     0.165    -0.543
      1.502     0.162    -0.543
      1.495     0.159    -0.543
      1.489     0.156    -0.543
      1.482     0.153    -0.543
      1.476     0.150    -0.543
      1.470     0.147    -0.543
      1.464     0.145    -0.543
      1.457     0.142    -0.543
      1.450     0.139    -0.543
      1.443     0.135    -0.543
      1.436     0.132    -0.543
      1.429     0.129    -0.543
      1.423     0.126    -0.543
      1.416     0.122    -0.543
      1.409     0.119    -0.543
      1.402     0.116    -0.543
      1.395     0.112    -0.543
      1.389     0.109    -0.543
      1.382     0.106    -0.543
      1.375     0.103    -0.543
      1.369     0.100    -0.543
      1.362     0.096    -0.543
      1.356     0.093    -0.543
      1.350     0.090    -0.543
      1.344     0.087    -0.543
      1.338     0.084    -0.543
      1.332     0.081    -0.543
      1.325     0.078    -0.543
      1.318     0.074    -0.543
      1.311     0.071    -0.543
      1.304     0.067    -0.543
      1.298     0.063    -0.543
      1.291     0.060    -0.543
      1.284     0.056    -0.543
      1.277     0.053    -0.543
      1.270     0.049    -0.543
      1.264     0.046    -0.543
      1.257     0.042    -0.543
      1.250     0.038    -0.543
      1.243     0.035    -0.543
      1.237     0.031    -0.543
      1.230     0.027    -0.543
      1.223     0.024    -0.543
      1.216     0.020    -0.543
      1.209     0.016    -0.543
      1.202     0.012    -0.543
      1.195     0.008    -0.543
      1.188     0.004    -0.543
      1.181     0.000    -0.543
