Count of Points:850

WCS coordinates of Points:
      7.500    -0.055    -0.974
      7.492    -0.053    -0.975
      7.485    -0.051    -0.976
      7.478    -0.049    -0.977
      7.470    -0.048    -0.978
      7.463    -0.046    -0.980
      7.456    -0.044    -0.981
      7.448    -0.042    -0.982
      7.441    -0.040    -0.983
      7.433    -0.038    -0.984
      7.426    -0.036    -0.985
      7.418    -0.034    -0.987
      7.410    -0.032    -0.988
      7.403    -0.030    -0.989
      7.395    -0.028    -0.990
      7.387    -0.026    -0.992
      7.380    -0.024    -0.993
      7.372    -0.022    -0.994
      7.364    -0.020    -0.996
      7.357    -0.018    -0.997
      7.349    -0.016    -0.998
      7.342    -0.014    -1.000
      7.335    -0.012    -1.001
      7.328    -0.010    -1.002
      7.320    -0.008    -1.004
      7.313    -0.006    -1.005
      7.306    -0.004    -1.006
      7.298    -0.001    -1.008
      7.290     0.001    -1.009
      7.283     0.003    -1.011
      7.275     0.005    -1.012
      7.268     0.007    -1.014
      7.261     0.009    -1.015
      7.253     0.011    -1.017
      7.246     0.013    -1.018
      7.239     0.015    -1.020
      7.232     0.017    -1.021
      7.225     0.019    -1.023
      7.218     0.021    -1.024
      7.211     0.024    -1.026
      7.204     0.026    -1.027
      7.196     0.028    -1.029
      7.190     0.030    -1.031
      7.183     0.032    -1.032
      7.176     0.034    -1.034
      7.169     0.036    -1.035
      7.161     0.038    -1.037
      7.154     0.040    -1.039
      7.146     0.042    -1.041
      7.139     0.045    -1.042
      7.131     0.047    -1.044
      7.124     0.049    -1.046
      7.117     0.051    -1.048
      7.109     0.053    -1.049
      7.102     0.055    -1.051
      7.095     0.058    -1.053
      7.088     0.060    -1.054
      7.081     0.062    -1.056
      7.074     0.064    -1.058
      7.067     0.066    -1.060
      7.060     0.068    -1.062
      7.053     0.070    -1.063
      7.046     0.072    -1.065
      7.039     0.075    -1.067
      7.032     0.077    -1.069
      7.025     0.079    -1.070
      7.018     0.081    -1.072
      7.011     0.083    -1.074
      7.004     0.085    -1.076
      6.997     0.087    -1.078
      6.990     0.089    -1.080
      6.984     0.092    -1.082
      6.977     0.094    -1.084
      6.970     0.096    -1.085
      6.963     0.098    -1.087
      6.956     0.100    -1.089
      6.949     0.102    -1.091
      6.942     0.104    -1.093
      6.935     0.106    -1.095
      6.928     0.109    -1.097
      6.921     0.111    -1.099
      6.914     0.113    -1.101
      6.906     0.115    -1.103
      6.899     0.117    -1.105
      6.892     0.120    -1.107
      6.884     0.122    -1.110
      6.877     0.124    -1.112
      6.870     0.126    -1.114
      6.863     0.129    -1.116
      6.856     0.131    -1.118
      6.849     0.133    -1.120
      6.842     0.135    -1.122
      6.835     0.137    -1.124
      6.828     0.139    -1.126
      6.821     0.141    -1.128
      6.814     0.144    -1.130
      6.807     0.146    -1.133
      6.800     0.148    -1.135
      6.793     0.150    -1.137
      6.786     0.152    -1.139
      6.780     0.154    -1.141
      6.773     0.156    -1.143
      6.766     0.158    -1.145
      6.759     0.160    -1.147
      6.752     0.162    -1.149
      6.745     0.165    -1.152
      6.738     0.167    -1.154
      6.731     0.169    -1.156
      6.724     0.171    -1.158
      6.718     0.173    -1.160
      6.711     0.175    -1.162
      6.704     0.177    -1.165
      6.697     0.179    -1.167
      6.690     0.181    -1.169
      6.683     0.183    -1.171
      6.676     0.185    -1.173
      6.669     0.187    -1.176
      6.662     0.189    -1.178
      6.655     0.191    -1.180
      6.648     0.193    -1.182
      6.641     0.195    -1.185
      6.634     0.197    -1.187
      6.627     0.199    -1.189
      6.621     0.201    -1.191
      6.614     0.203    -1.194
      6.607     0.205    -1.196
      6.600     0.207    -1.198
      6.593     0.209    -1.200
      6.586     0.211    -1.203
      6.579     0.213    -1.205
      6.573     0.215    -1.207
      6.566     0.217    -1.210
      6.559     0.219    -1.212
      6.552     0.221    -1.214
      6.545     0.223    -1.217
      6.538     0.225    -1.219
      6.531     0.227    -1.221
      6.524     0.229    -1.224
      6.517     0.231    -1.226
      6.510     0.233    -1.228
      6.503     0.235    -1.231
      6.497     0.237    -1.233
      6.490     0.239    -1.235
      6.484     0.241    -1.237
      6.478     0.242    -1.239
      6.471     0.244    -1.242
      6.465     0.246    -1.244
      6.458     0.248    -1.246
      6.450     0.250    -1.249
      6.443     0.252    -1.251
      6.436     0.254    -1.254
      6.428     0.256    -1.256
      6.421     0.258    -1.259
      6.414     0.260    -1.261
      6.407     0.262    -1.264
      6.400     0.264    -1.266
      6.393     0.266    -1.268
      6.386     0.268    -1.271
      6.379     0.270    -1.273
      6.373     0.271    -1.276
      6.366     0.273    -1.278
      6.359     0.275    -1.281
      6.352     0.277    -1.283
      6.345     0.279    -1.285
      6.338     0.281    -1.288
      6.331     0.282    -1.290
      6.325     0.284    -1.293
      6.318     0.286    -1.295
      6.311     0.288    -1.297
      6.304     0.290    -1.300
      6.297     0.291    -1.302
      6.290     0.293    -1.305
      6.283     0.295    -1.307
      6.276     0.297    -1.309
      6.269     0.298    -1.312
      6.263     0.300    -1.314
      6.256     0.302    -1.317
      6.249     0.304    -1.319
      6.242     0.306    -1.322
      6.235     0.307    -1.324
      6.228     0.309    -1.327
      6.221     0.311    -1.329
      6.214     0.313    -1.331
      6.207     0.314    -1.334
      6.200     0.316    -1.336
      6.193     0.318    -1.339
      6.186     0.319    -1.341
      6.179     0.321    -1.344
      6.172     0.323    -1.346
      6.166     0.325    -1.349
      6.159     0.326    -1.351
      6.152     0.328    -1.353
      6.145     0.330    -1.356
      6.138     0.331    -1.358
      6.131     0.333    -1.361
      6.124     0.335    -1.363
      6.117     0.336    -1.366
      6.110     0.338    -1.368
      6.103     0.340    -1.371
      6.096     0.341    -1.373
      6.089     0.343    -1.376
      6.082     0.345    -1.378
      6.075     0.346    -1.381
      6.068     0.348    -1.383
      6.061     0.350    -1.386
      6.054     0.351    -1.388
      6.048     0.353    -1.390
      6.042     0.354    -1.393
      6.035     0.356    -1.395
      6.029     0.357    -1.397
      6.022     0.359    -1.399
      6.016     0.360    -1.402
      6.009     0.362    -1.404
      6.002     0.363    -1.407
      5.995     0.365    -1.409
      5.988     0.366    -1.411
      5.981     0.368    -1.414
      5.974     0.369    -1.416
      5.967     0.371    -1.419
      5.960     0.373    -1.421
      5.954     0.374    -1.424
      5.947     0.376    -1.426
      5.940     0.377    -1.428
      5.933     0.379    -1.431
      5.926     0.380    -1.433
      5.919     0.382    -1.436
      5.912     0.383    -1.438
      5.905     0.385    -1.441
      5.898     0.386    -1.443
      5.891     0.388    -1.446
      5.884     0.389    -1.448
      5.877     0.391    -1.451
      5.869     0.392    -1.453
      5.862     0.394    -1.455
      5.855     0.395    -1.458
      5.849     0.397    -1.460
      5.843     0.398    -1.462
      5.836     0.399    -1.465
      5.830     0.401    -1.467
      5.823     0.402    -1.469
      5.817     0.404    -1.471
      5.810     0.405    -1.474
      5.803     0.406    -1.476
      5.796     0.408    -1.479
      5.789     0.409    -1.481
      5.782     0.411    -1.483
      5.775     0.412    -1.486
      5.768     0.414    -1.488
      5.761     0.415    -1.490
      5.755     0.416    -1.493
      5.748     0.418    -1.495
      5.742     0.419    -1.497
      5.735     0.420    -1.499
      5.729     0.422    -1.501
      5.722     0.423    -1.504
      5.716     0.424    -1.506
      5.709     0.425    -1.508
      5.703     0.427    -1.510
      5.696     0.428    -1.512
      5.690     0.429    -1.515
      5.682     0.431    -1.517
      5.675     0.432    -1.520
      5.667     0.434    -1.522
      5.659     0.435    -1.525
      5.652     0.437    -1.527
      5.644     0.438    -1.530
      5.637     0.440    -1.532
      5.629     0.441    -1.535
      5.622     0.442    -1.537
      5.614     0.444    -1.540
      5.607     0.445    -1.542
      5.600     0.447    -1.544
      5.593     0.448    -1.547
      5.586     0.449    -1.549
      5.579     0.451    -1.551
      5.572     0.452    -1.554
      5.565     0.453    -1.556
      5.558     0.455    -1.558
      5.551     0.456    -1.561
      5.544     0.457    -1.563
      5.537     0.458    -1.565
      5.530     0.460    -1.568
      5.523     0.461    -1.570
      5.516     0.462    -1.572
      5.509     0.464    -1.574
      5.502     0.465    -1.577
      5.495     0.466    -1.579
      5.487     0.467    -1.581
      5.480     0.469    -1.584
      5.473     0.470    -1.586
      5.466     0.471    -1.588
      5.459     0.472    -1.590
      5.452     0.474    -1.592
      5.445     0.475    -1.595
      5.438     0.476    -1.597
      5.431     0.477    -1.599
      5.424     0.479    -1.601
      5.417     0.480    -1.604
      5.410     0.481    -1.606
      5.403     0.482    -1.608
      5.395     0.484    -1.610
      5.388     0.485    -1.612
      5.381     0.486    -1.615
      5.374     0.487    -1.617
      5.367     0.489    -1.619
      5.360     0.490    -1.621
      5.353     0.491    -1.623
      5.346     0.492    -1.625
      5.339     0.493    -1.628
      5.332     0.495    -1.630
      5.324     0.496    -1.632
      5.317     0.497    -1.634
      5.310     0.498    -1.636
      5.303     0.499    -1.638
      5.296     0.500    -1.640
      5.289     0.502    -1.642
      5.281     0.503    -1.645
      5.274     0.504    -1.647
      5.267     0.505    -1.649
      5.260     0.506    -1.651
      5.253     0.508    -1.653
      5.245     0.509    -1.655
      5.238     0.510    -1.657
      5.232     0.511    -1.659
      5.225     0.512    -1.661
      5.218     0.513    -1.663
      5.212     0.514    -1.665
      5.205     0.515    -1.667
      5.199     0.516    -1.668
      5.191     0.517    -1.670
      5.184     0.518    -1.672
      5.177     0.520    -1.674
      5.170     0.521    -1.676
      5.162     0.522    -1.678
      5.155     0.523    -1.680
      5.148     0.524    -1.682
      5.141     0.525    -1.684
      5.134     0.526    -1.686
      5.127     0.527    -1.688
      5.120     0.528    -1.690
      5.112     0.529    -1.692
      5.105     0.531    -1.694
      5.098     0.532    -1.696
      5.091     0.533    -1.698
      5.083     0.534    -1.700
      5.076     0.535    -1.702
      5.069     0.536    -1.704
      5.062     0.537    -1.706
      5.054     0.538    -1.708
      5.047     0.539    -1.709
      5.040     0.540    -1.711
      5.033     0.541    -1.713
      5.026     0.542    -1.715
      5.019     0.543    -1.717
      5.013     0.544    -1.718
      5.006     0.545    -1.720
      4.999     0.546    -1.722
      4.993     0.547    -1.723
      4.985     0.548    -1.725
      4.978     0.549    -1.727
      4.971     0.551    -1.729
      4.963     0.552    -1.731
      4.956     0.553    -1.733
      4.949     0.554    -1.734
      4.942     0.555    -1.736
      4.935     0.556    -1.738
      4.928     0.557    -1.739
      4.922     0.558    -1.741
      4.915     0.559    -1.743
      4.908     0.560    -1.744
      4.901     0.560    -1.746
      4.895     0.561    -1.747
      4.888     0.562    -1.749
      4.881     0.563    -1.751
      4.875     0.564    -1.752
      4.868     0.565    -1.754
      4.861     0.566    -1.755
      4.853     0.567    -1.757
      4.845     0.568    -1.759
      4.838     0.570    -1.761
      4.830     0.571    -1.763
      4.822     0.572    -1.764
      4.815     0.573    -1.766
      4.808     0.574    -1.768
      4.800     0.575    -1.769
      4.793     0.576    -1.771
      4.786     0.577    -1.772
      4.779     0.578    -1.774
      4.772     0.579    -1.776
      4.764     0.580    -1.777
      4.757     0.581    -1.779
      4.750     0.582    -1.780
      4.742     0.583    -1.782
      4.735     0.584    -1.784
      4.728     0.585    -1.785
      4.720     0.586    -1.787
      4.713     0.587    -1.788
      4.706     0.588    -1.790
      4.698     0.589    -1.791
      4.691     0.590    -1.793
      4.683     0.591    -1.794
      4.676     0.592    -1.796
      4.669     0.593    -1.797
      4.661     0.594    -1.799
      4.655     0.595    -1.800
      4.648     0.596    -1.802
      4.641     0.597    -1.803
      4.634     0.598    -1.804
      4.628     0.599    -1.806
      4.621     0.600    -1.807
      4.614     0.601    -1.808
      4.606     0.602    -1.810
      4.599     0.603    -1.811
      4.591     0.604    -1.813
      4.584     0.605    -1.814
      4.577     0.606    -1.816
      4.569     0.607    -1.817
      4.562     0.608    -1.818
      4.556     0.609    -1.819
      4.549     0.610    -1.821
      4.542     0.610    -1.822
      4.535     0.611    -1.823
      4.529     0.612    -1.825
      4.522     0.613    -1.826
      4.515     0.614    -1.827
      4.508     0.615    -1.828
      4.502     0.616    -1.830
      4.495     0.617    -1.831
      4.488     0.618    -1.832
      4.480     0.619    -1.833
      4.472     0.620    -1.835
      4.464     0.621    -1.836
      4.456     0.622    -1.838
      4.449     0.623    -1.839
      4.441     0.624    -1.840
      4.434     0.625    -1.842
      4.426     0.626    -1.843
      4.419     0.627    -1.844
      4.412     0.628    -1.845
      4.404     0.629    -1.847
      4.397     0.630    -1.848
      4.391     0.631    -1.849
      4.384     0.632    -1.850
      4.377     0.633    -1.851
      4.370     0.634    -1.852
      4.363     0.635    -1.853
      4.357     0.636    -1.854
      4.350     0.637    -1.856
      4.343     0.637    -1.857
      4.336     0.638    -1.858
      4.329     0.639    -1.859
      4.323     0.640    -1.860
      4.315     0.641    -1.861
      4.306     0.642    -1.862
      4.298     0.643    -1.864
      4.290     0.644    -1.865
      4.284     0.645    -1.866
      4.277     0.646    -1.867
      4.270     0.647    -1.868
      4.263     0.648    -1.869
      4.256     0.649    -1.870
      4.250     0.650    -1.871
      4.242     0.651    -1.872
      4.233     0.652    -1.873
      4.225     0.653    -1.875
      4.217     0.654    -1.876
      4.210     0.655    -1.877
      4.203     0.656    -1.878
      4.196     0.657    -1.879
      4.189     0.658    -1.880
      4.181     0.659    -1.881
      4.174     0.660    -1.882
      4.167     0.661    -1.883
      4.160     0.661    -1.884
      4.152     0.662    -1.885
      4.144     0.663    -1.886
      4.136     0.664    -1.887
      4.128     0.665    -1.888
      4.120     0.666    -1.889
      4.113     0.667    -1.890
      4.105     0.668    -1.891
      4.098     0.669    -1.892
      4.090     0.670    -1.893
      4.083     0.671    -1.894
      4.075     0.672    -1.894
      4.068     0.673    -1.895
      4.060     0.674    -1.896
      4.053     0.675    -1.897
      4.045     0.676    -1.898
      4.038     0.677    -1.899
      4.031     0.677    -1.900
      4.023     0.678    -1.901
      4.016     0.679    -1.902
      4.009     0.680    -1.902
      4.001     0.681    -1.903
      3.994     0.682    -1.904
      3.986     0.683    -1.905
      3.979     0.684    -1.906
      3.971     0.685    -1.907
      3.964     0.685    -1.907
      3.957     0.686    -1.908
      3.949     0.687    -1.909
      3.942     0.688    -1.910
      3.935     0.689    -1.911
      3.927     0.690    -1.912
      3.920     0.691    -1.912
      3.912     0.692    -1.913
      3.905     0.692    -1.914
      3.897     0.693    -1.915
      3.890     0.694    -1.915
      3.882     0.695    -1.916
      3.875     0.696    -1.917
      3.867     0.697    -1.918
      3.860     0.698    -1.918
      3.852     0.698    -1.919
      3.845     0.699    -1.920
      3.837     0.700    -1.921
      3.830     0.701    -1.921
      3.823     0.702    -1.922
      3.815     0.703    -1.923
      3.808     0.703    -1.923
      3.800     0.704    -1.924
      3.793     0.705    -1.925
      3.785     0.706    -1.926
      3.778     0.707    -1.926
      3.770     0.707    -1.927
      3.763     0.708    -1.928
      3.755     0.709    -1.928
      3.748     0.710    -1.929
      3.740     0.711    -1.930
      3.733     0.711    -1.930
      3.725     0.712    -1.931
      3.718     0.713    -1.931
      3.711     0.714    -1.932
      3.704     0.714    -1.933
      3.697     0.715    -1.933
      3.690     0.716    -1.934
      3.683     0.716    -1.934
      3.676     0.717    -1.935
      3.669     0.718    -1.935
      3.661     0.718    -1.936
      3.654     0.719    -1.937
      3.646     0.720    -1.937
      3.639     0.721    -1.938
      3.631     0.721    -1.938
      3.624     0.722    -1.939
      3.617     0.723    -1.939
      3.609     0.723    -1.940
      3.602     0.724    -1.940
      3.594     0.725    -1.941
      3.587     0.725    -1.942
      3.579     0.726    -1.942
      3.572     0.727    -1.943
      3.564     0.727    -1.943
      3.556     0.728    -1.944
      3.549     0.728    -1.944
      3.541     0.729    -1.945
      3.534     0.730    -1.945
      3.526     0.730    -1.946
      3.519     0.731    -1.946
      3.511     0.731    -1.947
      3.504     0.732    -1.947
      3.497     0.733    -1.948
      3.490     0.733    -1.948
      3.483     0.734    -1.948
      3.476     0.734    -1.949
      3.469     0.735    -1.949
      3.462     0.735    -1.950
      3.455     0.736    -1.950
      3.447     0.736    -1.951
      3.440     0.737    -1.951
      3.432     0.737    -1.951
      3.424     0.738    -1.952
      3.417     0.738    -1.952
      3.409     0.739    -1.953
      3.402     0.739    -1.953
      3.395     0.740    -1.953
      3.389     0.740    -1.954
      3.382     0.741    -1.954
      3.375     0.741    -1.955
      3.368     0.741    -1.955
      3.361     0.742    -1.955
      3.354     0.742    -1.956
      3.347     0.743    -1.956
      3.340     0.743    -1.956
      3.333     0.743    -1.957
      3.326     0.744    -1.957
      3.318     0.744    -1.958
      3.310     0.745    -1.958
      3.302     0.745    -1.958
      3.293     0.745    -1.959
      3.286     0.746    -1.959
      3.278     0.746    -1.960
      3.271     0.746    -1.960
      3.263     0.747    -1.960
      3.256     0.747    -1.961
      3.248     0.747    -1.961
      3.241     0.748    -1.961
      3.233     0.748    -1.962
      3.226     0.748    -1.962
      3.219     0.748    -1.962
      3.211     0.749    -1.963
      3.203     0.749    -1.963
      3.196     0.749    -1.963
      3.188     0.749    -1.964
      3.181     0.750    -1.964
      3.173     0.750    -1.964
      3.165     0.750    -1.965
      3.158     0.750    -1.965
      3.150     0.750    -1.965
      3.143     0.751    -1.966
      3.135     0.751    -1.966
      3.128     0.751    -1.966
      3.120     0.751    -1.967
      3.113     0.751    -1.967
      3.106     0.751    -1.967
      3.099     0.751    -1.967
      3.092     0.751    -1.968
      3.085     0.751    -1.968
      3.078     0.751    -1.968
      3.071     0.751    -1.969
      3.063     0.752    -1.969
      3.056     0.752    -1.969
      3.048     0.752    -1.969
      3.040     0.752    -1.970
      3.033     0.752    -1.970
      3.025     0.752    -1.970
      3.018     0.752    -1.970
      3.011     0.751    -1.971
      3.005     0.751    -1.971
      2.998     0.751    -1.971
      2.991     0.751    -1.971
      2.984     0.751    -1.972
      2.977     0.751    -1.972
      2.970     0.751    -1.972
      2.963     0.751    -1.972
      2.956     0.751    -1.973
      2.949     0.751    -1.973
      2.942     0.750    -1.973
      2.934     0.750    -1.973
      2.926     0.750    -1.974
      2.917     0.750    -1.974
      2.909     0.750    -1.974
      2.902     0.749    -1.974
      2.894     0.749    -1.975
      2.887     0.749    -1.975
      2.879     0.749    -1.975
      2.871     0.748    -1.975
      2.864     0.748    -1.976
      2.856     0.748    -1.976
      2.849     0.747    -1.976
      2.842     0.747    -1.976
      2.835     0.747    -1.976
      2.829     0.746    -1.977
      2.822     0.746    -1.977
      2.815     0.746    -1.977
      2.808     0.745    -1.977
      2.801     0.745    -1.977
      2.794     0.744    -1.978
      2.787     0.744    -1.978
      2.780     0.744    -1.978
      2.773     0.743    -1.978
      2.765     0.743    -1.978
      2.757     0.742    -1.979
      2.749     0.741    -1.979
      2.740     0.741    -1.979
      2.733     0.740    -1.979
      2.726     0.740    -1.979
      2.720     0.739    -1.980
      2.713     0.739    -1.980
      2.706     0.738    -1.980
      2.699     0.737    -1.980
      2.691     0.737    -1.980
      2.682     0.736    -1.981
      2.674     0.735    -1.981
      2.666     0.734    -1.981
      2.659     0.734    -1.981
      2.652     0.733    -1.981
      2.644     0.732    -1.982
      2.637     0.732    -1.982
      2.630     0.731    -1.982
      2.623     0.730    -1.982
      2.615     0.729    -1.982
      2.608     0.728    -1.982
      2.600     0.727    -1.983
      2.593     0.727    -1.983
      2.585     0.726    -1.983
      2.578     0.725    -1.983
      2.570     0.724    -1.983
      2.563     0.723    -1.984
      2.556     0.722    -1.984
      2.548     0.721    -1.984
      2.541     0.720    -1.984
      2.533     0.719    -1.984
      2.526     0.718    -1.984
      2.518     0.717    -1.985
      2.511     0.716    -1.985
      2.503     0.715    -1.985
      2.496     0.714    -1.985
      2.488     0.713    -1.985
      2.481     0.711    -1.985
      2.473     0.710    -1.985
      2.466     0.709    -1.986
      2.459     0.708    -1.986
      2.451     0.707    -1.986
      2.444     0.705    -1.986
      2.436     0.704    -1.986
      2.429     0.703    -1.986
      2.422     0.702    -1.987
      2.416     0.701    -1.987
      2.409     0.699    -1.987
      2.402     0.698    -1.987
      2.395     0.697    -1.987
      2.388     0.695    -1.987
      2.380     0.694    -1.987
      2.373     0.693    -1.988
      2.365     0.691    -1.988
      2.358     0.690    -1.988
      2.350     0.688    -1.988
      2.343     0.687    -1.988
      2.336     0.685    -1.988
      2.329     0.684    -1.988
      2.323     0.683    -1.989
      2.316     0.681    -1.989
      2.309     0.680    -1.989
      2.302     0.678    -1.989
      2.295     0.677    -1.989
      2.289     0.675    -1.989
      2.282     0.674    -1.989
      2.275     0.672    -1.989
      2.268     0.671    -1.990
      2.261     0.669    -1.990
      2.253     0.667    -1.990
      2.246     0.665    -1.990
      2.238     0.663    -1.990
      2.230     0.661    -1.990
      2.222     0.659    -1.990
      2.215     0.658    -1.991
      2.208     0.656    -1.991
      2.200     0.654    -1.991
      2.193     0.652    -1.991
      2.186     0.650    -1.991
      2.178     0.648    -1.991
      2.171     0.646    -1.991
      2.165     0.644    -1.992
      2.158     0.642    -1.992
      2.151     0.641    -1.992
      2.145     0.639    -1.992
      2.138     0.637    -1.992
      2.131     0.635    -1.992
      2.125     0.633    -1.992
      2.118     0.631    -1.993
      2.111     0.629    -1.993
      2.105     0.627    -1.993
      2.098     0.625    -1.993
      2.090     0.623    -1.993
      2.082     0.620    -1.993
      2.075     0.618    -1.993
      2.067     0.615    -1.994
      2.060     0.613    -1.994
      2.054     0.611    -1.994
      2.047     0.609    -1.994
      2.040     0.607    -1.994
      2.034     0.604    -1.994
      2.027     0.602    -1.995
      2.019     0.600    -1.995
      2.012     0.597    -1.995
      2.004     0.594    -1.995
      1.996     0.591    -1.995
      1.989     0.589    -1.995
      1.982     0.586    -1.996
      1.976     0.584    -1.996
      1.969     0.581    -1.996
      1.962     0.579    -1.996
      1.955     0.576    -1.996
      1.948     0.574    -1.996
      1.941     0.571    -1.997
      1.934     0.568    -1.997
      1.927     0.566    -1.997
      1.920     0.563    -1.997
      1.913     0.560    -1.997
      1.906     0.557    -1.998
      1.899     0.554    -1.998
      1.892     0.551    -1.998
      1.886     0.549    -1.998
      1.879     0.546    -1.998
      1.873     0.543    -1.999
      1.867     0.541    -1.999
      1.860     0.538    -1.999
      1.854     0.535    -1.999
      1.847     0.532    -1.999
      1.841     0.530    -2.000
      1.835     0.527    -2.000
      1.828     0.524    -2.000
      1.822     0.521    -2.000
      1.816     0.518    -2.001
      1.808     0.515    -2.001
      1.801     0.511    -2.001
      1.793     0.508    -2.001
      1.786     0.504    -2.002
      1.780     0.501    -2.002
      1.774     0.498    -2.002
      1.767     0.495    -2.002
      1.761     0.492    -2.002
      1.755     0.489    -2.003
      1.749     0.486    -2.003
      1.741     0.482    -2.003
      1.734     0.478    -2.004
      1.727     0.474    -2.004
      1.720     0.471    -2.004
      1.713     0.467    -2.004
      1.707     0.464    -2.005
      1.700     0.460    -2.005
      1.694     0.457    -2.005
      1.688     0.453    -2.005
      1.681     0.449    -2.006
      1.675     0.446    -2.006
      1.668     0.442    -2.006
      1.662     0.439    -2.006
      1.656     0.435    -2.007
      1.650     0.432    -2.007
      1.645     0.428    -2.007
      1.639     0.425    -2.007
      1.633     0.421    -2.008
      1.626     0.417    -2.008
      1.619     0.412    -2.008
      1.612     0.408    -2.009
      1.605     0.404    -2.009
      1.599     0.400    -2.009
      1.593     0.396    -2.010
      1.586     0.392    -2.010
      1.580     0.388    -2.010
      1.574     0.384    -2.010
      1.568     0.380    -2.011
      1.562     0.376    -2.011
      1.556     0.371    -2.011
      1.550     0.367    -2.011
      1.544     0.363    -2.012
      1.538     0.359    -2.012
      1.532     0.355    -2.012
      1.526     0.350    -2.012
      1.520     0.346    -2.013
      1.515     0.342    -2.013
      1.509     0.337    -2.013
      1.503     0.333    -2.014
      1.496     0.328    -2.014
      1.490     0.323    -2.014
      1.484     0.319    -2.014
      1.478     0.314    -2.015
      1.472     0.309    -2.015
