Count of Points:874

WCS coordinates of Points:
      1.181     0.000    -0.417
      1.187     0.003    -0.417
      1.194     0.007    -0.417
      1.200     0.010    -0.417
      1.206     0.014    -0.417
      1.213     0.017    -0.417
      1.219     0.021    -0.417
      1.225     0.024    -0.417
      1.231     0.027    -0.417
      1.238     0.031    -0.417
      1.244     0.034    -0.417
      1.250     0.038    -0.417
      1.257     0.041    -0.417
      1.263     0.044    -0.417
      1.270     0.048    -0.417
      1.276     0.051    -0.417
      1.283     0.054    -0.417
      1.289     0.058    -0.417
      1.295     0.061    -0.417
      1.302     0.064    -0.417
      1.308     0.068    -0.417
      1.315     0.071    -0.417
      1.321     0.074    -0.417
      1.328     0.077    -0.417
      1.335     0.081    -0.417
      1.342     0.084    -0.417
      1.349     0.088    -0.417
      1.356     0.091    -0.417
      1.363     0.095    -0.417
      1.370     0.098    -0.417
      1.376     0.101    -0.417
      1.383     0.104    -0.417
      1.389     0.107    -0.417
      1.396     0.111    -0.417
      1.403     0.114    -0.417
      1.409     0.117    -0.417
      1.416     0.120    -0.417
      1.424     0.123    -0.417
      1.431     0.127    -0.417
      1.438     0.130    -0.417
      1.445     0.133    -0.417
      1.452     0.137    -0.417
      1.460     0.140    -0.417
      1.467     0.143    -0.417
      1.474     0.147    -0.417
      1.481     0.150    -0.417
      1.489     0.153    -0.417
      1.496     0.156    -0.417
      1.503     0.159    -0.417
      1.510     0.162    -0.417
      1.517     0.165    -0.417
      1.523     0.168    -0.417
      1.530     0.171    -0.417
      1.537     0.174    -0.417
      1.543     0.176    -0.417
      1.550     0.179    -0.417
      1.557     0.182    -0.417
      1.564     0.185    -0.417
      1.571     0.188    -0.417
      1.579     0.191    -0.417
      1.586     0.194    -0.417
      1.594     0.197    -0.417
      1.601     0.200    -0.417
      1.608     0.203    -0.417
      1.616     0.206    -0.417
      1.623     0.209    -0.417
      1.631     0.212    -0.417
      1.638     0.214    -0.417
      1.645     0.217    -0.417
      1.653     0.220    -0.417
      1.660     0.223    -0.417
      1.667     0.226    -0.417
      1.675     0.228    -0.417
      1.682     0.231    -0.417
      1.690     0.234    -0.417
      1.697     0.237    -0.417
      1.704     0.239    -0.417
      1.712     0.242    -0.417
      1.719     0.245    -0.417
      1.727     0.247    -0.417
      1.734     0.250    -0.417
      1.742     0.252    -0.417
      1.749     0.255    -0.417
      1.757     0.258    -0.417
      1.764     0.260    -0.417
      1.772     0.263    -0.417
      1.779     0.265    -0.417
      1.786     0.268    -0.417
      1.793     0.270    -0.417
      1.800     0.272    -0.417
      1.807     0.274    -0.417
      1.814     0.276    -0.417
      1.821     0.279    -0.417
      1.828     0.281    -0.417
      1.835     0.283    -0.417
      1.843     0.286    -0.417
      1.850     0.288    -0.417
      1.858     0.290    -0.417
      1.866     0.293    -0.417
      1.873     0.295    -0.417
      1.881     0.297    -0.417
      1.889     0.299    -0.417
      1.896     0.302    -0.417
      1.904     0.304    -0.417
      1.911     0.306    -0.417
      1.919     0.308    -0.417
      1.926     0.310    -0.417
      1.934     0.312    -0.417
      1.942     0.314    -0.417
      1.949     0.316    -0.417
      1.957     0.318    -0.417
      1.965     0.321    -0.417
      1.972     0.323    -0.417
      1.980     0.325    -0.417
      1.987     0.326    -0.417
      1.995     0.328    -0.417
      2.003     0.330    -0.417
      2.010     0.332    -0.417
      2.018     0.334    -0.417
      2.026     0.336    -0.417
      2.034     0.338    -0.417
      2.041     0.340    -0.417
      2.049     0.341    -0.417
      2.057     0.343    -0.417
      2.065     0.345    -0.417
      2.072     0.347    -0.417
      2.080     0.348    -0.417
      2.088     0.350    -0.417
      2.096     0.352    -0.417
      2.103     0.353    -0.417
      2.111     0.355    -0.417
      2.119     0.357    -0.417
      2.126     0.358    -0.417
      2.134     0.360    -0.417
      2.142     0.361    -0.417
      2.150     0.363    -0.417
      2.158     0.364    -0.417
      2.166     0.366    -0.417
      2.173     0.367    -0.417
      2.181     0.369    -0.417
      2.189     0.370    -0.417
      2.197     0.372    -0.417
      2.205     0.373    -0.417
      2.213     0.374    -0.417
      2.220     0.376    -0.417
      2.228     0.377    -0.417
      2.236     0.378    -0.417
      2.243     0.379    -0.417
      2.251     0.380    -0.417
      2.258     0.382    -0.417
      2.265     0.383    -0.417
      2.272     0.384    -0.417
      2.280     0.385    -0.417
      2.287     0.386    -0.417
      2.294     0.387    -0.417
      2.301     0.388    -0.417
      2.308     0.389    -0.417
      2.315     0.390    -0.417
      2.323     0.391    -0.417
      2.330     0.392    -0.417
      2.338     0.393    -0.417
      2.346     0.393    -0.417
      2.353     0.394    -0.417
      2.361     0.395    -0.417
      2.369     0.396    -0.417
      2.377     0.397    -0.417
      2.385     0.398    -0.417
      2.393     0.399    -0.417
      2.401     0.399    -0.417
      2.409     0.400    -0.417
      2.417     0.401    -0.417
      2.424     0.402    -0.417
      2.432     0.402    -0.417
      2.440     0.403    -0.417
      2.448     0.404    -0.417
      2.456     0.404    -0.417
      2.464     0.405    -0.417
      2.472     0.405    -0.417
      2.480     0.406    -0.417
      2.488     0.406    -0.417
      2.495     0.407    -0.417
      2.503     0.407    -0.417
      2.511     0.408    -0.417
      2.519     0.408    -0.417
      2.527     0.409    -0.417
      2.535     0.409    -0.417
      2.543     0.409    -0.417
      2.551     0.410    -0.417
      2.559     0.410    -0.417
      2.567     0.410    -0.417
      2.575     0.411    -0.417
      2.583     0.411    -0.417
      2.591     0.411    -0.417
      2.599     0.411    -0.417
      2.606     0.411    -0.417
      2.614     0.411    -0.417
      2.622     0.412    -0.417
      2.630     0.412    -0.417
      2.638     0.412    -0.417
      2.646     0.412    -0.417
      2.654     0.412    -0.417
      2.662     0.412    -0.417
      2.670     0.412    -0.417
      2.678     0.412    -0.417
      2.686     0.412    -0.417
      2.694     0.411    -0.417
      2.702     0.411    -0.417
      2.710     0.411    -0.417
      2.718     0.411    -0.417
      2.725     0.411    -0.417
      2.733     0.411    -0.417
      2.741     0.410    -0.417
      2.749     0.410    -0.417
      2.757     0.410    -0.417
      2.764     0.409    -0.417
      2.771     0.409    -0.417
      2.779     0.409    -0.417
      2.786     0.408    -0.417
      2.793     0.408    -0.417
      2.801     0.408    -0.417
      2.809     0.407    -0.417
      2.817     0.407    -0.417
      2.825     0.406    -0.417
      2.833     0.406    -0.417
      2.841     0.405    -0.417
      2.849     0.405    -0.417
      2.856     0.404    -0.417
      2.864     0.403    -0.417
      2.872     0.403    -0.417
      2.880     0.402    -0.417
      2.888     0.401    -0.417
      2.896     0.401    -0.417
      2.904     0.400    -0.417
      2.912     0.399    -0.417
      2.920     0.398    -0.417
      2.928     0.398    -0.417
      2.936     0.397    -0.417
      2.944     0.396    -0.417
      2.951     0.395    -0.417
      2.959     0.394    -0.417
      2.967     0.393    -0.417
      2.975     0.392    -0.417
      2.982     0.391    -0.417
      2.990     0.390    -0.417
      2.997     0.389    -0.417
      3.004     0.388    -0.417
      3.011     0.387    -0.417
      3.019     0.386    -0.417
      3.027     0.385    -0.417
      3.034     0.384    -0.417
      3.042     0.383    -0.417
      3.050     0.382    -0.417
      3.058     0.381    -0.417
      3.066     0.380    -0.417
      3.074     0.378    -0.417
      3.081     0.377    -0.417
      3.088     0.376    -0.417
      3.096     0.375    -0.417
      3.103     0.374    -0.417
      3.110     0.372    -0.417
      3.117     0.371    -0.417
      3.124     0.370    -0.417
      3.132     0.369    -0.417
      3.139     0.367    -0.417
      3.146     0.366    -0.417
      3.153     0.365    -0.417
      3.160     0.363    -0.417
      3.167     0.362    -0.417
      3.174     0.361    -0.417
      3.181     0.359    -0.417
      3.187     0.358    -0.417
      3.194     0.357    -0.417
      3.201     0.355    -0.417
      3.208     0.354    -0.417
      3.215     0.352    -0.417
      3.223     0.351    -0.417
      3.230     0.349    -0.417
      3.237     0.348    -0.417
      3.244     0.346    -0.417
      3.252     0.344    -0.417
      3.259     0.343    -0.417
      3.267     0.341    -0.417
      3.275     0.339    -0.417
      3.283     0.337    -0.417
      3.290     0.336    -0.417
      3.298     0.334    -0.417
      3.306     0.332    -0.417
      3.314     0.330    -0.417
      3.321     0.328    -0.417
      3.329     0.326    -0.417
      3.336     0.324    -0.417
      3.344     0.322    -0.417
      3.352     0.320    -0.417
      3.359     0.318    -0.417
      3.367     0.316    -0.417
      3.375     0.314    -0.417
      3.382     0.312    -0.417
      3.390     0.310    -0.417
      3.398     0.308    -0.417
      3.405     0.306    -0.417
      3.413     0.304    -0.417
      3.420     0.302    -0.417
      3.428     0.300    -0.417
      3.436     0.298    -0.417
      3.443     0.295    -0.417
      3.451     0.293    -0.417
      3.458     0.291    -0.417
      3.466     0.289    -0.417
      3.474     0.286    -0.417
      3.481     0.284    -0.417
      3.489     0.282    -0.417
      3.497     0.280    -0.416
      3.504     0.277    -0.416
      3.512     0.275    -0.416
      3.519     0.273    -0.416
      3.527     0.270    -0.416
      3.534     0.268    -0.416
      3.542     0.265    -0.416
      3.549     0.263    -0.416
      3.557     0.261    -0.416
      3.564     0.258    -0.416
      3.572     0.256    -0.416
      3.580     0.253    -0.416
      3.587     0.251    -0.416
      3.595     0.248    -0.416
      3.602     0.245    -0.416
      3.610     0.243    -0.416
      3.617     0.240    -0.416
      3.625     0.238    -0.416
      3.632     0.235    -0.416
      3.640     0.232    -0.416
      3.647     0.230    -0.416
      3.654     0.227    -0.416
      3.661     0.225    -0.416
      3.668     0.222    -0.416
      3.675     0.220    -0.416
      3.682     0.217    -0.416
      3.689     0.215    -0.416
      3.696     0.212    -0.416
      3.704     0.209    -0.416
      3.711     0.207    -0.416
      3.719     0.204    -0.416
      3.726     0.201    -0.416
      3.733     0.198    -0.416
      3.741     0.196    -0.416
      3.748     0.193    -0.416
      3.755     0.190    -0.416
      3.763     0.187    -0.416
      3.770     0.184    -0.416
      3.778     0.181    -0.416
      3.785     0.178    -0.416
      3.792     0.175    -0.416
      3.800     0.172    -0.416
      3.807     0.169    -0.416
      3.815     0.166    -0.416
      3.822     0.164    -0.416
      3.829     0.161    -0.416
      3.837     0.157    -0.416
      3.844     0.154    -0.416
      3.852     0.151    -0.416
      3.859     0.148    -0.416
      3.866     0.146    -0.416
      3.872     0.143    -0.416
      3.879     0.140    -0.416
      3.886     0.137    -0.416
      3.893     0.134    -0.416
      3.899     0.131    -0.416
      3.907     0.128    -0.416
      3.914     0.125    -0.416
      3.921     0.122    -0.416
      3.929     0.119    -0.416
      3.936     0.116    -0.415
      3.943     0.112    -0.415
      3.951     0.109    -0.415
      3.957     0.106    -0.415
      3.964     0.103    -0.415
      3.971     0.100    -0.415
      3.977     0.097    -0.415
      3.984     0.094    -0.415
      3.991     0.091    -0.415
      3.997     0.088    -0.415
      4.004     0.085    -0.415
      4.011     0.082    -0.415
      4.017     0.079    -0.415
      4.024     0.076    -0.415
      4.031     0.073    -0.415
      4.037     0.070    -0.415
      4.043     0.068    -0.415
      4.049     0.065    -0.415
      4.056     0.062    -0.415
      4.062     0.059    -0.415
      4.069     0.055    -0.415
      4.076     0.052    -0.415
      4.084     0.049    -0.415
      4.091     0.045    -0.415
      4.098     0.042    -0.415
      4.105     0.039    -0.415
      4.112     0.035    -0.415
      4.119     0.032    -0.415
      4.126     0.028    -0.415
      4.133     0.025    -0.415
      4.141     0.021    -0.415
      4.148     0.018    -0.414
      4.155     0.015    -0.414
      4.162     0.011    -0.414
      4.169     0.008    -0.414
      4.176     0.004    -0.414
      4.184     0.001    -0.414
      4.191    -0.003    -0.414
      4.198    -0.007    -0.414
      4.205    -0.010    -0.414
      4.212    -0.014    -0.414
      4.219    -0.017    -0.414
      4.226    -0.021    -0.414
      4.233    -0.024    -0.414
      4.239    -0.027    -0.414
      4.246    -0.031    -0.414
      4.253    -0.034    -0.414
      4.259    -0.037    -0.414
      4.266    -0.041    -0.414
      4.273    -0.044    -0.414
      4.280    -0.048    -0.414
      4.287    -0.051    -0.414
      4.294    -0.055    -0.413
      4.301    -0.059    -0.413
      4.308    -0.062    -0.413
      4.315    -0.066    -0.413
      4.322    -0.069    -0.413
      4.328    -0.073    -0.413
      4.335    -0.076    -0.413
      4.341    -0.080    -0.413
      4.348    -0.083    -0.413
      4.354    -0.086    -0.413
      4.361    -0.090    -0.413
      4.367    -0.093    -0.413
      4.374    -0.097    -0.413
      4.380    -0.100    -0.413
      4.386    -0.103    -0.413
      4.393    -0.107    -0.413
      4.399    -0.110    -0.413
      4.405    -0.113    -0.413
      4.411    -0.117    -0.413
      4.417    -0.120    -0.412
      4.423    -0.123    -0.412
      4.430    -0.127    -0.412
      4.437    -0.131    -0.412
      4.444    -0.134    -0.412
      4.451    -0.138    -0.412
      4.458    -0.142    -0.412
      4.465    -0.146    -0.412
      4.472    -0.149    -0.412
      4.479    -0.153    -0.412
      4.485    -0.156    -0.412
      4.492    -0.160    -0.412
      4.498    -0.163    -0.412
      4.505    -0.167    -0.412
      4.511    -0.170    -0.411
      4.517    -0.174    -0.411
      4.524    -0.178    -0.411
      4.530    -0.181    -0.411
      4.537    -0.185    -0.411
      4.543    -0.188    -0.411
      4.549    -0.192    -0.411
      4.555    -0.195    -0.411
      4.561    -0.198    -0.411
      4.568    -0.202    -0.411
      4.574    -0.205    -0.411
      4.580    -0.208    -0.411
      4.586    -0.212    -0.411
      4.592    -0.215    -0.411
      4.599    -0.219    -0.410
      4.605    -0.223    -0.410
      4.612    -0.226    -0.410
      4.618    -0.230    -0.410
      4.624    -0.233    -0.410
      4.630    -0.236    -0.410
      4.636    -0.240    -0.410
      4.642    -0.243    -0.410
      4.648    -0.247    -0.410
      4.655    -0.250    -0.410
      4.661    -0.254    -0.410
      4.668    -0.258    -0.410
      4.675    -0.262    -0.409
      4.681    -0.265    -0.409
      4.688    -0.269    -0.409
      4.695    -0.273    -0.409
      4.702    -0.277    -0.409
      4.708    -0.280    -0.409
      4.714    -0.284    -0.409
      4.720    -0.288    -0.409
      4.727    -0.291    -0.409
      4.733    -0.295    -0.409
      4.739    -0.298    -0.408
      4.746    -0.302    -0.408
      4.752    -0.306    -0.408
      4.759    -0.310    -0.408
      4.766    -0.314    -0.408
      4.773    -0.318    -0.408
      4.780    -0.322    -0.408
      4.787    -0.326    -0.408
      4.794    -0.329    -0.407
      4.801    -0.333    -0.407
      4.808    -0.337    -0.407
      4.815    -0.341    -0.407
      4.821    -0.345    -0.407
      4.828    -0.349    -0.407
      4.835    -0.353    -0.407
      4.842    -0.357    -0.407
      4.849    -0.361    -0.406
      4.855    -0.365    -0.406
      4.862    -0.369    -0.406
      4.869    -0.373    -0.406
      4.876    -0.377    -0.406
      4.883    -0.381    -0.406
      4.890    -0.385    -0.406
      4.896    -0.389    -0.406
      4.903    -0.392    -0.405
      4.910    -0.396    -0.405
      4.917    -0.400    -0.405
      4.924    -0.404    -0.405
      4.931    -0.408    -0.405
      4.938    -0.412    -0.405
      4.945    -0.416    -0.404
      4.952    -0.420    -0.404
      4.958    -0.424    -0.404
      4.965    -0.428    -0.404
      4.972    -0.432    -0.404
      4.979    -0.436    -0.404
      4.986    -0.440    -0.404
      4.993    -0.444    -0.403
      5.000    -0.448    -0.403
      5.006    -0.452    -0.403
      5.013    -0.456    -0.403
      5.020    -0.460    -0.403
      5.027    -0.464    -0.402
      5.034    -0.468    -0.402
      5.041    -0.472    -0.402
      5.048    -0.476    -0.402
      5.054    -0.480    -0.402
      5.061    -0.484    -0.402
      5.068    -0.488    -0.401
      5.075    -0.492    -0.401
      5.082    -0.496    -0.401
      5.089    -0.500    -0.401
      5.096    -0.504    -0.401
      5.103    -0.508    -0.400
      5.110    -0.512    -0.400
      5.116    -0.516    -0.400
      5.122    -0.519    -0.400
      5.129    -0.523    -0.400
      5.135    -0.527    -0.400
      5.141    -0.530    -0.399
      5.148    -0.534    -0.399
      5.154    -0.538    -0.399
      5.161    -0.542    -0.399
      5.168    -0.546    -0.399
      5.175    -0.550    -0.398
      5.182    -0.554    -0.398
      5.189    -0.558    -0.398
      5.196    -0.562    -0.398
      5.202    -0.566    -0.397
      5.209    -0.569    -0.397
      5.216    -0.573    -0.397
      5.223    -0.577    -0.397
      5.230    -0.581    -0.397
      5.237    -0.585    -0.396
      5.244    -0.589    -0.396
      5.251    -0.593    -0.396
      5.257    -0.597    -0.396
      5.264    -0.601    -0.395
      5.271    -0.605    -0.395
      5.278    -0.609    -0.395
      5.285    -0.613    -0.395
      5.292    -0.617    -0.394
      5.299    -0.621    -0.394
      5.306    -0.625    -0.394
      5.312    -0.629    -0.394
      5.319    -0.632    -0.393
      5.325    -0.636    -0.393
      5.331    -0.639    -0.393
      5.338    -0.643    -0.393
      5.344    -0.647    -0.392
      5.351    -0.651    -0.392
      5.358    -0.654    -0.392
      5.365    -0.658    -0.392
      5.372    -0.662    -0.391
      5.379    -0.666    -0.391
      5.386    -0.670    -0.391
      5.393    -0.674    -0.390
      5.399    -0.678    -0.390
      5.405    -0.681    -0.390
      5.412    -0.685    -0.390
      5.418    -0.688    -0.389
      5.424    -0.692    -0.389
      5.431    -0.696    -0.389
      5.437    -0.699    -0.389
      5.444    -0.703    -0.388
      5.450    -0.706    -0.388
      5.456    -0.710    -0.388
      5.463    -0.714    -0.387
      5.469    -0.717    -0.387
      5.475    -0.720    -0.387
      5.481    -0.724    -0.387
      5.487    -0.727    -0.386
      5.493    -0.730    -0.386
      5.499    -0.734    -0.386
      5.506    -0.738    -0.385
      5.513    -0.742    -0.385
      5.520    -0.745    -0.385
      5.527    -0.749    -0.384
      5.534    -0.753    -0.384
      5.541    -0.757    -0.384
      5.548    -0.761    -0.383
      5.554    -0.764    -0.383
      5.561    -0.768    -0.383
      5.568    -0.772    -0.382
      5.575    -0.776    -0.382
      5.582    -0.780    -0.382
      5.589    -0.784    -0.381
      5.596    -0.787    -0.381
      5.603    -0.791    -0.381
      5.610    -0.795    -0.380
      5.617    -0.799    -0.380
      5.624    -0.803    -0.379
      5.631    -0.806    -0.379
      5.638    -0.810    -0.379
      5.645    -0.814    -0.378
      5.652    -0.818    -0.378
      5.659    -0.822    -0.378
      5.666    -0.825    -0.377
      5.672    -0.828    -0.377
      5.678    -0.832    -0.377
      5.685    -0.835    -0.376
      5.691    -0.839    -0.376
      5.698    -0.842    -0.375
      5.705    -0.846    -0.375
      5.712    -0.850    -0.375
      5.719    -0.854    -0.374
      5.726    -0.857    -0.374
      5.733    -0.861    -0.373
      5.740    -0.865    -0.373
      5.747    -0.868    -0.373
      5.753    -0.872    -0.372
      5.760    -0.875    -0.372
      5.766    -0.879    -0.371
      5.773    -0.882    -0.371
      5.779    -0.885    -0.371
      5.786    -0.889    -0.370
      5.792    -0.892    -0.370
      5.799    -0.896    -0.369
      5.805    -0.899    -0.369
      5.812    -0.902    -0.369
      5.818    -0.906    -0.368
      5.825    -0.909    -0.368
      5.831    -0.912    -0.367
      5.837    -0.915    -0.367
      5.843    -0.919    -0.367
      5.849    -0.922    -0.366
      5.855    -0.925    -0.366
      5.862    -0.928    -0.365
      5.869    -0.932    -0.365
      5.876    -0.936    -0.365
      5.884    -0.939    -0.364
      5.891    -0.943    -0.364
      5.898    -0.947    -0.363
      5.905    -0.950    -0.363
      5.911    -0.954    -0.362
      5.918    -0.957    -0.362
      5.924    -0.960    -0.361
      5.931    -0.963    -0.361
      5.937    -0.967    -0.360
      5.944    -0.970    -0.360
      5.950    -0.973    -0.360
      5.957    -0.976    -0.359
      5.963    -0.980    -0.359
      5.970    -0.983    -0.358
      5.977    -0.986    -0.358
      5.983    -0.989    -0.357
      5.989    -0.993    -0.357
      5.995    -0.996    -0.356
      6.002    -0.999    -0.356
      6.008    -1.002    -0.356
      6.014    -1.005    -0.355
      6.020    -1.008    -0.355
      6.027    -1.011    -0.354
      6.034    -1.014    -0.354
      6.040    -1.018    -0.353
      6.047    -1.021    -0.353
      6.053    -1.024    -0.352
      6.059    -1.027    -0.352
      6.066    -1.030    -0.351
      6.072    -1.033    -0.351
      6.078    -1.036    -0.350
      6.084    -1.039    -0.350
      6.091    -1.042    -0.349
      6.098    -1.046    -0.349
      6.105    -1.049    -0.348
      6.112    -1.052    -0.348
      6.119    -1.056    -0.347
      6.126    -1.059    -0.347
      6.133    -1.062    -0.346
      6.140    -1.065    -0.346
      6.147    -1.069    -0.345
      6.154    -1.072    -0.344
      6.161    -1.076    -0.344
      6.168    -1.079    -0.343
      6.175    -1.082    -0.343
      6.183    -1.086    -0.342
      6.190    -1.089    -0.342
      6.197    -1.092    -0.341
      6.204    -1.095    -0.341
      6.211    -1.099    -0.340
      6.218    -1.102    -0.339
      6.225    -1.105    -0.339
      6.233    -1.109    -0.338
      6.240    -1.112    -0.338
      6.247    -1.115    -0.337
      6.254    -1.119    -0.336
      6.262    -1.122    -0.336
      6.269    -1.125    -0.335
      6.276    -1.128    -0.335
      6.283    -1.132    -0.334
      6.291    -1.135    -0.333
      6.298    -1.138    -0.333
      6.305    -1.141    -0.332
      6.312    -1.144    -0.332
      6.318    -1.147    -0.331
      6.325    -1.150    -0.331
      6.332    -1.153    -0.330
      6.338    -1.156    -0.330
      6.345    -1.159    -0.329
      6.352    -1.162    -0.328
      6.360    -1.166    -0.328
      6.367    -1.169    -0.327
      6.374    -1.172    -0.327
      6.382    -1.175    -0.326
      6.389    -1.178    -0.325
      6.396    -1.181    -0.325
      6.403    -1.184    -0.324
      6.410    -1.187    -0.324
      6.416    -1.190    -0.323
      6.423    -1.193    -0.322
      6.430    -1.196    -0.322
      6.437    -1.198    -0.321
      6.443    -1.201    -0.321
      6.450    -1.204    -0.320
      6.457    -1.207    -0.320
      6.463    -1.210    -0.319
      6.470    -1.212    -0.318
      6.477    -1.215    -0.318
      6.483    -1.218    -0.317
      6.490    -1.220    -0.317
      6.496    -1.223    -0.316
      6.502    -1.226    -0.316
      6.509    -1.228    -0.315
      6.516    -1.231    -0.315
      6.523    -1.234    -0.314
      6.531    -1.237    -0.313
      6.538    -1.240    -0.313
      6.546    -1.243    -0.312
      6.553    -1.246    -0.311
      6.560    -1.249    -0.311
      6.567    -1.252    -0.310
      6.574    -1.254    -0.310
      6.581    -1.257    -0.309
      6.587    -1.260    -0.308
      6.594    -1.262    -0.308
      6.601    -1.265    -0.307
      6.608    -1.268    -0.307
      6.615    -1.270    -0.306
      6.621    -1.273    -0.306
      6.628    -1.276    -0.305
      6.635    -1.278    -0.304
      6.642    -1.281    -0.304
      6.648    -1.283    -0.303
      6.655    -1.286    -0.303
      6.661    -1.288    -0.302
      6.668    -1.291    -0.302
      6.674    -1.293    -0.301
      6.681    -1.295    -0.300
      6.688    -1.298    -0.300
      6.695    -1.301    -0.299
      6.701    -1.303    -0.299
      6.708    -1.306    -0.298
      6.715    -1.308    -0.298
      6.721    -1.310    -0.297
      6.728    -1.313    -0.296
      6.734    -1.315    -0.296
      6.741    -1.317    -0.295
      6.747    -1.320    -0.295
      6.755    -1.322    -0.294
      6.762    -1.325    -0.294
      6.769    -1.328    -0.293
      6.776    -1.330    -0.292
      6.783    -1.333    -0.292
      6.791    -1.335    -0.291
      6.798    -1.338    -0.291
      6.805    -1.340    -0.290
      6.813    -1.343    -0.289
      6.820    -1.345    -0.289
      6.828    -1.348    -0.288
      6.835    -1.351    -0.287
      6.843    -1.353    -0.287
      6.850    -1.356    -0.286
      6.858    -1.358    -0.286
      6.865    -1.360    -0.285
      6.872    -1.363    -0.284
      6.879    -1.365    -0.284
      6.886    -1.367    -0.283
      6.892    -1.370    -0.283
      6.899    -1.372    -0.282
      6.906    -1.374    -0.282
      6.913    -1.376    -0.281
      6.920    -1.379    -0.280
      6.927    -1.381    -0.280
      6.934    -1.383    -0.279
      6.941    -1.385    -0.279
      6.948    -1.387    -0.278
      6.954    -1.389    -0.278
      6.961    -1.391    -0.277
      6.967    -1.394    -0.277
      6.974    -1.396    -0.276
      6.981    -1.398    -0.276
      6.988    -1.400    -0.275
      6.995    -1.402    -0.275
      7.002    -1.404    -0.274
      7.009    -1.406    -0.273
      7.016    -1.408    -0.273
      7.022    -1.410    -0.272
      7.029    -1.412    -0.272
      7.035    -1.414    -0.271
      7.042    -1.416    -0.271
      7.049    -1.418    -0.270
      7.056    -1.420    -0.270
      7.063    -1.422    -0.269
      7.071    -1.424    -0.269
      7.078    -1.427    -0.268
      7.085    -1.429    -0.267
      7.093    -1.431    -0.267
      7.100    -1.433    -0.266
      7.108    -1.435    -0.266
      7.115    -1.437    -0.265
      7.122    -1.439    -0.265
      7.129    -1.441    -0.264
      7.136    -1.443    -0.264
      7.143    -1.445    -0.263
      7.150    -1.446    -0.263
      7.156    -1.448    -0.262
      7.163    -1.450    -0.262
      7.170    -1.452    -0.261
      7.176    -1.454    -0.261
      7.183    -1.455    -0.260
      7.190    -1.457    -0.260
      7.198    -1.459    -0.259
      7.205    -1.461    -0.258
      7.213    -1.463    -0.258
      7.220    -1.465    -0.257
      7.228    -1.467    -0.257
      7.235    -1.469    -0.256
      7.243    -1.470    -0.256
      7.250    -1.472    -0.255
      7.257    -1.474    -0.255
      7.265    -1.476    -0.254
      7.272    -1.478    -0.254
      7.280    -1.479    -0.253
      7.287    -1.481    -0.253
      7.295    -1.483    -0.252
      7.302    -1.485    -0.252
      7.310    -1.487    -0.251
      7.318    -1.488    -0.251
      7.326    -1.490    -0.250
      7.334    -1.492    -0.250
      7.342    -1.494    -0.249
      7.349    -1.495    -0.249
