Count of Points:874

WCS coordinates of Points:
      1.181     0.000    -0.921
      1.187     0.004    -0.921
      1.193     0.008    -0.921
      1.199     0.012    -0.921
      1.205     0.015    -0.921
      1.211     0.019    -0.921
      1.217     0.023    -0.921
      1.223     0.027    -0.921
      1.229     0.030    -0.921
      1.235     0.034    -0.921
      1.241     0.038    -0.921
      1.248     0.042    -0.921
      1.254     0.045    -0.921
      1.260     0.049    -0.921
      1.266     0.053    -0.921
      1.272     0.056    -0.921
      1.278     0.060    -0.921
      1.285     0.064    -0.921
      1.291     0.067    -0.921
      1.297     0.071    -0.921
      1.303     0.074    -0.921
      1.309     0.078    -0.921
      1.316     0.082    -0.921
      1.322     0.085    -0.921
      1.329     0.089    -0.921
      1.336     0.093    -0.921
      1.343     0.097    -0.921
      1.350     0.100    -0.921
      1.357     0.104    -0.921
      1.363     0.108    -0.921
      1.369     0.111    -0.921
      1.375     0.114    -0.921
      1.382     0.118    -0.921
      1.388     0.121    -0.921
      1.395     0.125    -0.921
      1.401     0.128    -0.921
      1.408     0.132    -0.921
      1.415     0.135    -0.921
      1.422     0.139    -0.921
      1.429     0.142    -0.921
      1.436     0.146    -0.921
      1.443     0.150    -0.921
      1.450     0.153    -0.921
      1.457     0.157    -0.921
      1.464     0.160    -0.921
      1.471     0.164    -0.921
      1.478     0.167    -0.921
      1.485     0.170    -0.921
      1.492     0.174    -0.921
      1.499     0.177    -0.921
      1.506     0.180    -0.921
      1.512     0.183    -0.921
      1.519     0.186    -0.921
      1.525     0.189    -0.921
      1.532     0.192    -0.921
      1.538     0.195    -0.921
      1.545     0.198    -0.921
      1.552     0.201    -0.921
      1.559     0.205    -0.921
      1.567     0.208    -0.921
      1.574     0.211    -0.921
      1.581     0.214    -0.921
      1.588     0.217    -0.920
      1.596     0.220    -0.920
      1.603     0.224    -0.920
      1.610     0.227    -0.920
      1.617     0.230    -0.920
      1.625     0.233    -0.920
      1.632     0.236    -0.920
      1.639     0.239    -0.920
      1.646     0.242    -0.920
      1.653     0.245    -0.920
      1.661     0.248    -0.920
      1.668     0.251    -0.920
      1.675     0.253    -0.920
      1.683     0.256    -0.920
      1.690     0.259    -0.920
      1.697     0.262    -0.920
      1.704     0.265    -0.920
      1.712     0.268    -0.920
      1.719     0.270    -0.920
      1.727     0.273    -0.920
      1.734     0.276    -0.920
      1.741     0.279    -0.920
      1.749     0.281    -0.920
      1.756     0.284    -0.920
      1.764     0.287    -0.920
      1.770     0.289    -0.920
      1.777     0.292    -0.920
      1.784     0.294    -0.920
      1.791     0.296    -0.920
      1.798     0.299    -0.920
      1.804     0.301    -0.920
      1.811     0.303    -0.920
      1.819     0.306    -0.920
      1.826     0.308    -0.920
      1.834     0.311    -0.920
      1.841     0.313    -0.920
      1.849     0.316    -0.920
      1.856     0.318    -0.920
      1.864     0.321    -0.920
      1.871     0.323    -0.920
      1.879     0.325    -0.920
      1.886     0.328    -0.920
      1.894     0.330    -0.920
      1.901     0.332    -0.920
      1.909     0.335    -0.920
      1.916     0.337    -0.920
      1.924     0.339    -0.920
      1.931     0.341    -0.920
      1.939     0.343    -0.920
      1.946     0.346    -0.920
      1.954     0.348    -0.920
      1.961     0.350    -0.920
      1.969     0.352    -0.920
      1.976     0.354    -0.920
      1.984     0.356    -0.920
      1.992     0.358    -0.920
      1.999     0.360    -0.920
      2.007     0.362    -0.920
      2.015     0.364    -0.920
      2.022     0.366    -0.920
      2.030     0.368    -0.920
      2.038     0.370    -0.920
      2.045     0.372    -0.920
      2.053     0.374    -0.920
      2.061     0.376    -0.920
      2.068     0.377    -0.920
      2.076     0.379    -0.920
      2.084     0.381    -0.920
      2.091     0.383    -0.920
      2.099     0.384    -0.920
      2.106     0.386    -0.920
      2.114     0.388    -0.920
      2.122     0.389    -0.920
      2.129     0.391    -0.920
      2.137     0.393    -0.920
      2.145     0.394    -0.920
      2.153     0.396    -0.920
      2.160     0.398    -0.920
      2.168     0.399    -0.920
      2.176     0.401    -0.920
      2.184     0.402    -0.920
      2.192     0.404    -0.920
      2.199     0.405    -0.920
      2.207     0.407    -0.920
      2.215     0.408    -0.920
      2.222     0.409    -0.920
      2.229     0.411    -0.920
      2.236     0.412    -0.920
      2.244     0.413    -0.920
      2.251     0.414    -0.920
      2.258     0.415    -0.920
      2.265     0.417    -0.920
      2.272     0.418    -0.920
      2.279     0.419    -0.920
      2.286     0.420    -0.920
      2.293     0.421    -0.920
      2.300     0.422    -0.920
      2.308     0.423    -0.920
      2.315     0.424    -0.920
      2.323     0.425    -0.920
      2.331     0.426    -0.920
      2.339     0.427    -0.920
      2.347     0.428    -0.920
      2.355     0.429    -0.920
      2.362     0.430    -0.920
      2.370     0.431    -0.920
      2.378     0.432    -0.920
      2.386     0.433    -0.920
      2.394     0.434    -0.920
      2.401     0.435    -0.920
      2.409     0.436    -0.920
      2.417     0.437    -0.920
      2.425     0.437    -0.920
      2.433     0.438    -0.920
      2.440     0.439    -0.920
      2.448     0.440    -0.920
      2.456     0.440    -0.920
      2.464     0.441    -0.920
      2.472     0.442    -0.920
      2.479     0.442    -0.920
      2.487     0.443    -0.920
      2.495     0.444    -0.920
      2.503     0.444    -0.920
      2.511     0.445    -0.920
      2.519     0.445    -0.920
      2.527     0.446    -0.920
      2.534     0.446    -0.920
      2.542     0.447    -0.920
      2.550     0.447    -0.920
      2.558     0.448    -0.920
      2.566     0.448    -0.920
      2.574     0.448    -0.920
      2.582     0.449    -0.920
      2.590     0.449    -0.920
      2.597     0.449    -0.919
      2.605     0.450    -0.919
      2.613     0.450    -0.919
      2.621     0.450    -0.919
      2.629     0.450    -0.919
      2.637     0.451    -0.919
      2.645     0.451    -0.919
      2.652     0.451    -0.919
      2.660     0.451    -0.919
      2.668     0.451    -0.919
      2.676     0.451    -0.919
      2.684     0.451    -0.919
      2.692     0.451    -0.919
      2.700     0.451    -0.919
      2.708     0.451    -0.919
      2.716     0.451    -0.919
      2.724     0.451    -0.919
      2.731     0.451    -0.919
      2.738     0.451    -0.919
      2.745     0.451    -0.919
      2.753     0.451    -0.919
      2.760     0.451    -0.919
      2.767     0.450    -0.919
      2.775     0.450    -0.919
      2.783     0.450    -0.919
      2.791     0.450    -0.919
      2.799     0.450    -0.919
      2.807     0.449    -0.919
      2.814     0.449    -0.919
      2.822     0.449    -0.919
      2.830     0.448    -0.919
      2.838     0.448    -0.919
      2.846     0.448    -0.919
      2.853     0.447    -0.919
      2.861     0.447    -0.919
      2.869     0.446    -0.919
      2.877     0.446    -0.919
      2.885     0.445    -0.919
      2.893     0.445    -0.919
      2.901     0.444    -0.919
      2.909     0.444    -0.919
      2.917     0.443    -0.919
      2.925     0.442    -0.919
      2.933     0.442    -0.919
      2.940     0.441    -0.919
      2.948     0.441    -0.919
      2.956     0.440    -0.919
      2.963     0.439    -0.919
      2.970     0.439    -0.919
      2.977     0.438    -0.919
      2.985     0.437    -0.919
      2.992     0.436    -0.919
      3.000     0.436    -0.919
      3.008     0.435    -0.919
      3.015     0.434    -0.919
      3.023     0.433    -0.919
      3.031     0.432    -0.919
      3.039     0.431    -0.919
      3.047     0.430    -0.919
      3.054     0.430    -0.919
      3.061     0.429    -0.919
      3.069     0.428    -0.919
      3.076     0.427    -0.919
      3.083     0.426    -0.919
      3.090     0.425    -0.919
      3.097     0.424    -0.919
      3.105     0.423    -0.919
      3.112     0.422    -0.919
      3.119     0.421    -0.919
      3.126     0.420    -0.919
      3.133     0.419    -0.919
      3.140     0.418    -0.919
      3.147     0.417    -0.919
      3.154     0.416    -0.918
      3.160     0.415    -0.918
      3.167     0.414    -0.918
      3.174     0.413    -0.918
      3.181     0.412    -0.918
      3.188     0.410    -0.918
      3.195     0.409    -0.918
      3.203     0.408    -0.918
      3.210     0.407    -0.918
      3.217     0.406    -0.918
      3.224     0.404    -0.918
      3.232     0.403    -0.918
      3.240     0.402    -0.918
      3.248     0.400    -0.918
      3.256     0.399    -0.918
      3.263     0.397    -0.918
      3.271     0.396    -0.918
      3.279     0.394    -0.918
      3.287     0.393    -0.918
      3.294     0.391    -0.918
      3.302     0.390    -0.918
      3.310     0.388    -0.918
      3.317     0.387    -0.918
      3.325     0.385    -0.918
      3.333     0.384    -0.918
      3.340     0.382    -0.918
      3.348     0.380    -0.918
      3.356     0.379    -0.918
      3.363     0.377    -0.918
      3.371     0.375    -0.918
      3.379     0.374    -0.918
      3.386     0.372    -0.918
      3.394     0.370    -0.918
      3.401     0.369    -0.918
      3.409     0.367    -0.917
      3.417     0.365    -0.917
      3.425     0.363    -0.917
      3.432     0.362    -0.917
      3.440     0.360    -0.917
      3.448     0.358    -0.917
      3.455     0.356    -0.917
      3.463     0.354    -0.917
      3.471     0.352    -0.917
      3.478     0.351    -0.917
      3.486     0.349    -0.917
      3.494     0.347    -0.917
      3.501     0.345    -0.917
      3.509     0.343    -0.917
      3.516     0.341    -0.917
      3.524     0.339    -0.917
      3.531     0.337    -0.917
      3.539     0.335    -0.917
      3.547     0.333    -0.917
      3.554     0.331    -0.917
      3.562     0.329    -0.916
      3.570     0.327    -0.916
      3.577     0.325    -0.916
      3.585     0.323    -0.916
      3.593     0.321    -0.916
      3.600     0.319    -0.916
      3.608     0.316    -0.916
      3.616     0.314    -0.916
      3.623     0.312    -0.916
      3.630     0.310    -0.916
      3.637     0.308    -0.916
      3.644     0.306    -0.916
      3.651     0.304    -0.916
      3.658     0.302    -0.916
      3.665     0.300    -0.916
      3.673     0.298    -0.916
      3.680     0.296    -0.915
      3.688     0.293    -0.915
      3.695     0.291    -0.915
      3.703     0.289    -0.915
      3.710     0.287    -0.915
      3.718     0.284    -0.915
      3.725     0.282    -0.915
      3.733     0.280    -0.915
      3.740     0.278    -0.915
      3.748     0.275    -0.915
      3.755     0.273    -0.915
      3.763     0.270    -0.915
      3.771     0.268    -0.914
      3.778     0.266    -0.914
      3.786     0.263    -0.914
      3.793     0.261    -0.914
      3.801     0.258    -0.914
      3.808     0.256    -0.914
      3.816     0.254    -0.914
      3.823     0.251    -0.914
      3.831     0.249    -0.914
      3.838     0.246    -0.914
      3.845     0.244    -0.914
      3.852     0.242    -0.913
      3.859     0.239    -0.913
      3.866     0.237    -0.913
      3.873     0.235    -0.913
      3.880     0.232    -0.913
      3.887     0.230    -0.913
      3.895     0.227    -0.913
      3.902     0.225    -0.913
      3.910     0.222    -0.913
      3.917     0.220    -0.912
      3.925     0.217    -0.912
      3.932     0.215    -0.912
      3.939     0.212    -0.912
      3.946     0.210    -0.912
      3.953     0.207    -0.912
      3.960     0.205    -0.912
      3.967     0.203    -0.912
      3.974     0.200    -0.911
      3.980     0.198    -0.911
      3.987     0.195    -0.911
      3.994     0.193    -0.911
      4.001     0.191    -0.911
      4.008     0.188    -0.911
      4.015     0.186    -0.911
      4.021     0.183    -0.911
      4.027     0.181    -0.910
      4.034     0.179    -0.910
      4.040     0.176    -0.910
      4.047     0.174    -0.910
      4.054     0.171    -0.910
      4.062     0.169    -0.910
      4.069     0.166    -0.910
      4.076     0.163    -0.909
      4.084     0.160    -0.909
      4.091     0.158    -0.909
      4.098     0.155    -0.909
      4.106     0.152    -0.909
      4.113     0.150    -0.909
      4.120     0.147    -0.909
      4.128     0.144    -0.908
      4.135     0.141    -0.908
      4.143     0.138    -0.908
      4.150     0.136    -0.908
      4.157     0.133    -0.908
      4.165     0.130    -0.907
      4.172     0.127    -0.907
      4.180     0.124    -0.907
      4.187     0.122    -0.907
      4.194     0.119    -0.907
      4.202     0.116    -0.907
      4.209     0.113    -0.906
      4.216     0.110    -0.906
      4.223     0.108    -0.906
      4.230     0.105    -0.906
      4.237     0.102    -0.906
      4.243     0.100    -0.905
      4.250     0.097    -0.905
      4.257     0.095    -0.905
      4.264     0.092    -0.905
      4.272     0.089    -0.905
      4.279     0.086    -0.904
      4.286     0.083    -0.904
      4.294     0.080    -0.904
      4.301     0.077    -0.904
      4.309     0.074    -0.904
      4.315     0.072    -0.903
      4.322     0.069    -0.903
      4.329     0.066    -0.903
      4.336     0.064    -0.903
      4.342     0.061    -0.902
      4.349     0.058    -0.902
      4.356     0.056    -0.902
      4.363     0.053    -0.902
      4.369     0.050    -0.902
      4.376     0.048    -0.901
      4.383     0.045    -0.901
      4.390     0.042    -0.901
      4.396     0.040    -0.901
      4.402     0.037    -0.901
      4.409     0.035    -0.900
      4.415     0.032    -0.900
      4.421     0.029    -0.900
      4.429     0.027    -0.900
      4.436     0.024    -0.899
      4.443     0.021    -0.899
      4.451     0.018    -0.899
      4.458     0.015    -0.899
      4.465     0.012    -0.898
      4.473     0.009    -0.898
      4.479     0.006    -0.898
      4.486     0.003    -0.897
      4.493     0.001    -0.897
      4.500    -0.002    -0.897
      4.506    -0.005    -0.897
      4.513    -0.008    -0.896
      4.520    -0.010    -0.896
      4.526    -0.013    -0.896
      4.533    -0.016    -0.895
      4.540    -0.019    -0.895
      4.547    -0.021    -0.895
      4.553    -0.024    -0.895
      4.560    -0.027    -0.894
      4.566    -0.029    -0.894
      4.572    -0.032    -0.894
      4.579    -0.034    -0.893
      4.585    -0.037    -0.893
      4.592    -0.040    -0.893
      4.598    -0.043    -0.893
      4.605    -0.045    -0.892
      4.612    -0.048    -0.892
      4.618    -0.051    -0.892
      4.625    -0.054    -0.891
      4.631    -0.056    -0.891
      4.638    -0.059    -0.891
      4.644    -0.061    -0.890
      4.650    -0.064    -0.890
      4.657    -0.067    -0.890
      4.664    -0.070    -0.889
      4.671    -0.073    -0.889
      4.678    -0.075    -0.889
      4.685    -0.078    -0.888
      4.692    -0.081    -0.888
      4.699    -0.084    -0.887
      4.706    -0.087    -0.887
      4.713    -0.090    -0.887
      4.720    -0.093    -0.886
      4.726    -0.095    -0.886
      4.733    -0.098    -0.885
      4.740    -0.101    -0.885
      4.746    -0.104    -0.885
      4.753    -0.106    -0.884
      4.760    -0.109    -0.884
      4.767    -0.112    -0.884
      4.774    -0.115    -0.883
      4.781    -0.118    -0.883
      4.789    -0.121    -0.882
      4.796    -0.124    -0.882
      4.803    -0.127    -0.881
      4.811    -0.130    -0.881
      4.818    -0.133    -0.880
      4.825    -0.136    -0.880
      4.832    -0.139    -0.879
      4.840    -0.142    -0.879
      4.847    -0.145    -0.878
      4.854    -0.148    -0.878
      4.861    -0.151    -0.877
      4.868    -0.154    -0.877
      4.876    -0.157    -0.876
      4.883    -0.160    -0.876
      4.890    -0.163    -0.875
      4.897    -0.166    -0.875
      4.905    -0.169    -0.874
      4.912    -0.172    -0.874
      4.919    -0.175    -0.873
      4.926    -0.178    -0.873
      4.933    -0.181    -0.872
      4.941    -0.184    -0.872
      4.948    -0.187    -0.871
      4.955    -0.190    -0.871
      4.963    -0.193    -0.870
      4.970    -0.196    -0.869
      4.977    -0.199    -0.869
      4.984    -0.202    -0.868
      4.992    -0.205    -0.868
      4.999    -0.208    -0.867
      5.006    -0.211    -0.866
      5.014    -0.214    -0.866
      5.021    -0.217    -0.865
      5.028    -0.220    -0.865
      5.035    -0.223    -0.864
      5.042    -0.226    -0.863
      5.050    -0.229    -0.863
      5.057    -0.232    -0.862
      5.064    -0.235    -0.861
      5.071    -0.238    -0.861
      5.079    -0.241    -0.860
      5.086    -0.244    -0.860
      5.093    -0.247    -0.859
      5.101    -0.250    -0.858
      5.108    -0.253    -0.858
      5.115    -0.256    -0.857
      5.123    -0.259    -0.856
      5.130    -0.262    -0.855
      5.137    -0.265    -0.855
      5.144    -0.268    -0.854
      5.151    -0.271    -0.853
      5.158    -0.274    -0.853
      5.165    -0.276    -0.852
      5.171    -0.279    -0.851
      5.178    -0.282    -0.851
      5.185    -0.284    -0.850
      5.192    -0.287    -0.849
      5.199    -0.290    -0.849
      5.206    -0.293    -0.848
      5.214    -0.296    -0.847
      5.221    -0.299    -0.846
      5.228    -0.302    -0.846
      5.235    -0.305    -0.845
      5.242    -0.308    -0.844
      5.250    -0.311    -0.843
      5.257    -0.314    -0.843
      5.264    -0.317    -0.842
      5.272    -0.320    -0.841
      5.279    -0.323    -0.840
      5.286    -0.326    -0.839
      5.293    -0.329    -0.839
      5.301    -0.332    -0.838
      5.308    -0.335    -0.837
      5.315    -0.338    -0.836
      5.323    -0.341    -0.835
      5.330    -0.343    -0.834
      5.337    -0.346    -0.834
      5.345    -0.349    -0.833
      5.352    -0.352    -0.832
      5.359    -0.355    -0.831
      5.365    -0.358    -0.830
      5.372    -0.360    -0.829
      5.379    -0.363    -0.829
      5.385    -0.366    -0.828
      5.392    -0.368    -0.827
      5.399    -0.371    -0.826
      5.407    -0.374    -0.825
      5.414    -0.377    -0.824
      5.421    -0.380    -0.823
      5.428    -0.383    -0.822
      5.436    -0.386    -0.822
      5.443    -0.389    -0.821
      5.450    -0.392    -0.820
      5.456    -0.394    -0.819
      5.463    -0.397    -0.818
      5.470    -0.400    -0.817
      5.477    -0.402    -0.816
      5.483    -0.405    -0.815
      5.490    -0.408    -0.815
      5.497    -0.410    -0.814
      5.503    -0.413    -0.813
      5.510    -0.416    -0.812
      5.517    -0.418    -0.811
      5.523    -0.421    -0.810
      5.530    -0.424    -0.809
      5.536    -0.426    -0.808
      5.542    -0.429    -0.808
      5.549    -0.431    -0.807
      5.555    -0.434    -0.806
      5.562    -0.436    -0.805
      5.570    -0.439    -0.804
      5.577    -0.442    -0.803
      5.584    -0.445    -0.802
      5.591    -0.448    -0.801
      5.599    -0.451    -0.800
      5.606    -0.454    -0.799
      5.613    -0.456    -0.798
      5.620    -0.459    -0.797
      5.627    -0.462    -0.796
      5.635    -0.465    -0.795
      5.642    -0.468    -0.794
      5.649    -0.471    -0.792
      5.657    -0.474    -0.791
      5.664    -0.476    -0.790
      5.671    -0.479    -0.789
      5.678    -0.482    -0.788
      5.686    -0.485    -0.787
      5.693    -0.488    -0.786
      5.700    -0.491    -0.785
      5.708    -0.494    -0.784
      5.715    -0.496    -0.783
      5.722    -0.499    -0.782
      5.729    -0.502    -0.781
      5.736    -0.505    -0.780
      5.742    -0.507    -0.779
      5.749    -0.510    -0.778
      5.756    -0.512    -0.776
      5.762    -0.515    -0.775
      5.770    -0.518    -0.774
      5.777    -0.521    -0.773
      5.784    -0.524    -0.772
      5.792    -0.526    -0.771
      5.799    -0.529    -0.770
      5.806    -0.532    -0.769
      5.814    -0.535    -0.767
      5.820    -0.537    -0.766
      5.827    -0.540    -0.765
      5.834    -0.543    -0.764
      5.840    -0.545    -0.763
      5.847    -0.548    -0.762
      5.854    -0.550    -0.761
      5.860    -0.553    -0.760
      5.867    -0.556    -0.759
      5.874    -0.558    -0.758
      5.881    -0.561    -0.757
      5.887    -0.563    -0.756
      5.894    -0.566    -0.754
      5.900    -0.569    -0.753
      5.906    -0.571    -0.752
      5.913    -0.573    -0.751
      5.919    -0.576    -0.750
      5.925    -0.578    -0.749
      5.933    -0.581    -0.748
      5.940    -0.584    -0.747
      5.947    -0.587    -0.746
      5.955    -0.590    -0.744
      5.962    -0.592    -0.743
      5.969    -0.595    -0.742
      5.976    -0.598    -0.741
      5.983    -0.601    -0.740
      5.990    -0.603    -0.738
      5.997    -0.606    -0.737
      6.003    -0.608    -0.736
      6.010    -0.611    -0.735
      6.017    -0.614    -0.734
      6.023    -0.616    -0.733
      6.030    -0.619    -0.731
      6.037    -0.621    -0.730
      6.043    -0.624    -0.729
      6.050    -0.626    -0.728
      6.057    -0.629    -0.727
      6.063    -0.631    -0.726
      6.069    -0.634    -0.725
      6.076    -0.636    -0.723
      6.082    -0.639    -0.722
      6.088    -0.641    -0.721
      6.095    -0.644    -0.720
      6.102    -0.646    -0.719
      6.108    -0.649    -0.718
      6.115    -0.651    -0.717
      6.122    -0.654    -0.715
      6.128    -0.657    -0.714
      6.135    -0.659    -0.713
      6.141    -0.661    -0.712
      6.147    -0.664    -0.711
      6.154    -0.666    -0.710
      6.160    -0.669    -0.709
      6.167    -0.671    -0.707
      6.174    -0.674    -0.706
      6.181    -0.677    -0.705
      6.188    -0.679    -0.703
      6.195    -0.682    -0.702
      6.202    -0.685    -0.701
      6.209    -0.687    -0.700
      6.216    -0.690    -0.698
      6.223    -0.693    -0.697
      6.231    -0.696    -0.696
      6.238    -0.698    -0.694
      6.245    -0.701    -0.693
      6.253    -0.704    -0.692
      6.260    -0.707    -0.691
      6.267    -0.709    -0.689
      6.274    -0.712    -0.688
      6.281    -0.715    -0.687
      6.289    -0.717    -0.685
      6.296    -0.720    -0.684
      6.303    -0.723    -0.683
      6.311    -0.726    -0.681
      6.318    -0.728    -0.680
      6.325    -0.731    -0.679
      6.332    -0.734    -0.677
      6.340    -0.737    -0.676
      6.347    -0.739    -0.675
      6.354    -0.742    -0.673
      6.362    -0.745    -0.672
      6.369    -0.748    -0.671
      6.376    -0.750    -0.669
      6.384    -0.753    -0.668
      6.390    -0.756    -0.667
      6.397    -0.758    -0.666
      6.404    -0.761    -0.664
      6.410    -0.763    -0.663
      6.417    -0.765    -0.662
      6.424    -0.768    -0.661
      6.431    -0.771    -0.660
      6.439    -0.773    -0.658
      6.446    -0.776    -0.657
      6.453    -0.779    -0.656
      6.461    -0.781    -0.654
      6.468    -0.784    -0.653
      6.475    -0.787    -0.652
      6.482    -0.789    -0.650
      6.489    -0.792    -0.649
      6.495    -0.794    -0.648
      6.502    -0.797    -0.647
      6.509    -0.799    -0.646
      6.516    -0.801    -0.644
      6.522    -0.804    -0.643
      6.529    -0.806    -0.642
      6.536    -0.809    -0.641
      6.543    -0.811    -0.640
      6.549    -0.814    -0.638
      6.556    -0.816    -0.637
      6.562    -0.818    -0.636
      6.569    -0.820    -0.635
      6.575    -0.823    -0.634
      6.581    -0.825    -0.633
      6.588    -0.827    -0.632
      6.595    -0.830    -0.630
      6.603    -0.832    -0.629
      6.610    -0.835    -0.628
      6.617    -0.838    -0.627
      6.625    -0.840    -0.625
      6.632    -0.843    -0.624
      6.639    -0.845    -0.623
      6.646    -0.848    -0.622
      6.653    -0.850    -0.620
      6.660    -0.852    -0.619
      6.667    -0.855    -0.618
      6.673    -0.857    -0.617
      6.680    -0.859    -0.616
      6.687    -0.862    -0.615
      6.694    -0.864    -0.613
      6.700    -0.866    -0.612
      6.707    -0.869    -0.611
      6.714    -0.871    -0.610
      6.721    -0.873    -0.609
      6.727    -0.876    -0.608
      6.734    -0.878    -0.607
      6.740    -0.880    -0.606
      6.746    -0.882    -0.604
      6.753    -0.884    -0.603
      6.760    -0.886    -0.602
      6.766    -0.889    -0.601
      6.773    -0.891    -0.600
      6.780    -0.893    -0.599
      6.787    -0.895    -0.598
      6.794    -0.898    -0.597
      6.800    -0.900    -0.596
      6.807    -0.902    -0.595
      6.813    -0.904    -0.593
      6.819    -0.906    -0.592
      6.826    -0.908    -0.591
      6.833    -0.910    -0.590
      6.840    -0.913    -0.589
      6.847    -0.915    -0.588
      6.855    -0.917    -0.587
      6.862    -0.920    -0.586
      6.869    -0.922    -0.584
      6.876    -0.924    -0.583
      6.883    -0.926    -0.582
      6.891    -0.929    -0.581
      6.898    -0.931    -0.580
      6.906    -0.933    -0.579
      6.913    -0.936    -0.577
      6.921    -0.938    -0.576
      6.928    -0.940    -0.575
      6.936    -0.943    -0.574
      6.943    -0.945    -0.573
      6.950    -0.947    -0.572
      6.956    -0.949    -0.571
      6.963    -0.951    -0.570
      6.970    -0.953    -0.569
      6.977    -0.955    -0.568
      6.984    -0.957    -0.566
      6.991    -0.959    -0.565
      6.998    -0.961    -0.564
      7.005    -0.963    -0.563
      7.011    -0.965    -0.562
      7.018    -0.967    -0.561
      7.025    -0.969    -0.560
      7.031    -0.971    -0.559
      7.038    -0.973    -0.558
      7.044    -0.975    -0.557
      7.051    -0.977    -0.556
      7.058    -0.979    -0.555
      7.065    -0.980    -0.554
      7.072    -0.982    -0.553
      7.079    -0.984    -0.552
      7.086    -0.986    -0.551
      7.092    -0.988    -0.550
      7.099    -0.990    -0.549
      7.106    -0.992    -0.548
      7.112    -0.994    -0.548
      7.119    -0.995    -0.547
      7.125    -0.997    -0.546
      7.132    -0.999    -0.545
      7.140    -1.001    -0.544
      7.147    -1.003    -0.543
      7.154    -1.005    -0.542
      7.162    -1.007    -0.540
      7.169    -1.009    -0.539
      7.176    -1.011    -0.538
      7.184    -1.012    -0.537
      7.191    -1.014    -0.536
      7.198    -1.016    -0.536
      7.205    -1.018    -0.535
      7.212    -1.019    -0.534
      7.219    -1.021    -0.533
      7.226    -1.023    -0.532
      7.232    -1.025    -0.531
      7.239    -1.026    -0.530
      7.245    -1.028    -0.529
      7.252    -1.029    -0.528
      7.259    -1.031    -0.527
      7.266    -1.033    -0.526
      7.273    -1.034    -0.525
      7.281    -1.036    -0.524
      7.288    -1.038    -0.524
      7.295    -1.040    -0.523
      7.303    -1.041    -0.522
      7.310    -1.043    -0.521
      7.318    -1.045    -0.520
      7.325    -1.046    -0.519
      7.332    -1.048    -0.518
      7.340    -1.050    -0.517
      7.347    -1.051    -0.516
      7.355    -1.053    -0.515
      7.362    -1.054    -0.514
      7.370    -1.056    -0.513
      7.377    -1.058    -0.512
      7.385    -1.059    -0.511
      7.392    -1.061    -0.511
      7.400    -1.063    -0.510
      7.408    -1.064    -0.509
      7.416    -1.066    -0.508
      7.424    -1.067    -0.507
