Count of Points:82

WCS coordinates of Points:
      7.477     0.582    -1.166
      7.470     0.584    -1.167
      7.463     0.586    -1.169
      7.456     0.588    -1.170
      7.448     0.590    -1.172
      7.441     0.592    -1.173
      7.434     0.594    -1.175
      7.427     0.597    -1.177
      7.419     0.599    -1.178
      7.412     0.601    -1.180
      7.404     0.603    -1.182
      7.397     0.605    -1.184
      7.389     0.607    -1.185
      7.382     0.610    -1.187
      7.374     0.612    -1.189
      7.366     0.614    -1.191
      7.359     0.616    -1.192
      7.351     0.618    -1.194
      7.344     0.620    -1.196
      7.336     0.623    -1.198
      7.329     0.625    -1.200
      7.322     0.627    -1.202
      7.315     0.629    -1.203
      7.308     0.631    -1.205
      7.300     0.633    -1.207
      7.293     0.635    -1.209
      7.286     0.638    -1.211
      7.278     0.640    -1.213
      7.271     0.642    -1.215
      7.263     0.644    -1.217
      7.256     0.646    -1.219
      7.248     0.649    -1.221
      7.241     0.651    -1.223
      7.234     0.653    -1.225
      7.227     0.655    -1.226
      7.220     0.657    -1.228
      7.213     0.659    -1.230
      7.206     0.661    -1.232
      7.199     0.663    -1.234
      7.192     0.665    -1.236
      7.185     0.667    -1.238
      7.178     0.669    -1.240
      7.171     0.672    -1.242
      7.164     0.674    -1.244
      7.157     0.676    -1.246
      7.150     0.678    -1.248
      7.143     0.680    -1.250
      7.135     0.682    -1.253
      7.128     0.684    -1.255
      7.121     0.687    -1.257
      7.113     0.689    -1.259
      7.106     0.691    -1.261
      7.099     0.693    -1.264
      7.092     0.695    -1.266
      7.085     0.697    -1.268
      7.078     0.699    -1.270
      7.071     0.701    -1.272
      7.064     0.703    -1.274
      7.057     0.706    -1.276
      7.050     0.708    -1.279
      7.043     0.710    -1.281
      7.036     0.712    -1.283
      7.029     0.714    -1.285
      7.022     0.716    -1.287
      7.015     0.718    -1.289
      7.008     0.720    -1.292
      7.001     0.722    -1.294
      6.994     0.724    -1.296
      6.987     0.726    -1.298
      6.981     0.728    -1.301
      6.974     0.730    -1.303
      6.967     0.732    -1.305
      6.960     0.734    -1.307
      6.953     0.736    -1.310
      6.946     0.738    -1.312
      6.939     0.740    -1.314
      6.932     0.742    -1.317
      6.925     0.744    -1.319
      6.918     0.747    -1.321
      6.911     0.749    -1.324
      6.904     0.751    -1.326
      6.898     0.753    -1.328
