Count of Points:874

WCS coordinates of Points:
      1.181     0.000    -0.511
      1.187     0.004    -0.511
      1.194     0.007    -0.511
      1.200     0.011    -0.511
      1.206     0.014    -0.511
      1.213     0.018    -0.511
      1.219     0.021    -0.511
      1.225     0.024    -0.511
      1.231     0.028    -0.511
      1.237     0.031    -0.511
      1.244     0.035    -0.511
      1.250     0.038    -0.511
      1.256     0.041    -0.511
      1.263     0.045    -0.511
      1.269     0.048    -0.511
      1.276     0.052    -0.511
      1.282     0.055    -0.511
      1.288     0.058    -0.511
      1.295     0.062    -0.511
      1.301     0.065    -0.511
      1.308     0.068    -0.511
      1.314     0.072    -0.511
      1.320     0.075    -0.511
      1.327     0.078    -0.511
      1.334     0.082    -0.511
      1.341     0.085    -0.511
      1.348     0.089    -0.511
      1.355     0.092    -0.511
      1.362     0.096    -0.511
      1.369     0.099    -0.511
      1.375     0.102    -0.511
      1.382     0.105    -0.511
      1.388     0.109    -0.511
      1.395     0.112    -0.511
      1.401     0.115    -0.511
      1.408     0.118    -0.511
      1.415     0.121    -0.511
      1.422     0.125    -0.511
      1.429     0.128    -0.511
      1.437     0.131    -0.511
      1.444     0.135    -0.511
      1.451     0.138    -0.511
      1.458     0.141    -0.511
      1.466     0.145    -0.511
      1.473     0.148    -0.511
      1.480     0.151    -0.511
      1.487     0.154    -0.511
      1.494     0.158    -0.511
      1.501     0.161    -0.511
      1.509     0.164    -0.511
      1.515     0.167    -0.511
      1.522     0.170    -0.511
      1.528     0.172    -0.511
      1.535     0.175    -0.511
      1.542     0.178    -0.511
      1.548     0.181    -0.511
      1.555     0.184    -0.511
      1.562     0.187    -0.511
      1.570     0.190    -0.511
      1.577     0.193    -0.511
      1.584     0.196    -0.511
      1.592     0.199    -0.511
      1.599     0.202    -0.511
      1.606     0.205    -0.511
      1.614     0.208    -0.511
      1.621     0.211    -0.511
      1.629     0.214    -0.511
      1.636     0.216    -0.511
      1.643     0.219    -0.511
      1.650     0.222    -0.511
      1.658     0.225    -0.511
      1.665     0.228    -0.511
      1.673     0.230    -0.511
      1.680     0.233    -0.511
      1.687     0.236    -0.511
      1.695     0.239    -0.511
      1.702     0.241    -0.511
      1.710     0.244    -0.511
      1.717     0.247    -0.511
      1.724     0.249    -0.511
      1.732     0.252    -0.511
      1.739     0.255    -0.511
      1.747     0.257    -0.511
      1.754     0.260    -0.511
      1.762     0.262    -0.511
      1.769     0.265    -0.511
      1.777     0.267    -0.511
      1.784     0.270    -0.511
      1.791     0.272    -0.511
      1.798     0.274    -0.511
      1.804     0.277    -0.511
      1.811     0.279    -0.511
      1.818     0.281    -0.511
      1.825     0.283    -0.511
      1.833     0.286    -0.511
      1.840     0.288    -0.511
      1.848     0.290    -0.511
      1.855     0.293    -0.511
      1.863     0.295    -0.511
      1.871     0.297    -0.511
      1.878     0.300    -0.511
      1.886     0.302    -0.511
      1.893     0.304    -0.511
      1.901     0.306    -0.511
      1.909     0.308    -0.511
      1.916     0.311    -0.511
      1.924     0.313    -0.511
      1.931     0.315    -0.511
      1.939     0.317    -0.511
      1.946     0.319    -0.511
      1.954     0.321    -0.511
      1.962     0.323    -0.511
      1.969     0.325    -0.511
      1.977     0.327    -0.511
      1.984     0.329    -0.511
      1.992     0.331    -0.511
      2.000     0.333    -0.511
      2.007     0.335    -0.511
      2.015     0.337    -0.511
      2.023     0.339    -0.511
      2.030     0.341    -0.511
      2.038     0.342    -0.511
      2.046     0.344    -0.511
      2.054     0.346    -0.511
      2.061     0.348    -0.511
      2.069     0.350    -0.511
      2.077     0.351    -0.511
      2.085     0.353    -0.511
      2.092     0.355    -0.511
      2.100     0.356    -0.511
      2.108     0.358    -0.511
      2.115     0.360    -0.511
      2.123     0.361    -0.511
      2.131     0.363    -0.511
      2.139     0.364    -0.511
      2.146     0.366    -0.511
      2.154     0.367    -0.511
      2.162     0.369    -0.511
      2.170     0.370    -0.511
      2.178     0.372    -0.511
      2.186     0.373    -0.511
      2.193     0.375    -0.511
      2.201     0.376    -0.511
      2.209     0.377    -0.511
      2.217     0.379    -0.511
      2.225     0.380    -0.511
      2.233     0.381    -0.511
      2.240     0.382    -0.511
      2.247     0.384    -0.511
      2.254     0.385    -0.511
      2.261     0.386    -0.511
      2.269     0.387    -0.511
      2.276     0.388    -0.511
      2.283     0.389    -0.511
      2.290     0.390    -0.511
      2.297     0.391    -0.511
      2.304     0.392    -0.511
      2.312     0.393    -0.511
      2.319     0.394    -0.511
      2.326     0.395    -0.511
      2.334     0.396    -0.511
      2.342     0.397    -0.511
      2.350     0.398    -0.511
      2.357     0.399    -0.511
      2.365     0.400    -0.511
      2.373     0.400    -0.511
      2.381     0.401    -0.511
      2.389     0.402    -0.511
      2.397     0.403    -0.511
      2.405     0.404    -0.511
      2.413     0.404    -0.511
      2.420     0.405    -0.511
      2.428     0.406    -0.511
      2.436     0.407    -0.511
      2.444     0.407    -0.511
      2.452     0.408    -0.511
      2.460     0.409    -0.511
      2.468     0.409    -0.511
      2.476     0.410    -0.511
      2.483     0.410    -0.511
      2.491     0.411    -0.511
      2.499     0.411    -0.511
      2.507     0.412    -0.511
      2.515     0.412    -0.511
      2.523     0.413    -0.511
      2.531     0.413    -0.511
      2.538     0.413    -0.511
      2.546     0.414    -0.511
      2.554     0.414    -0.511
      2.562     0.414    -0.511
      2.570     0.415    -0.511
      2.578     0.415    -0.511
      2.586     0.415    -0.511
      2.594     0.415    -0.511
      2.602     0.416    -0.511
      2.610     0.416    -0.511
      2.618     0.416    -0.511
      2.625     0.416    -0.511
      2.633     0.416    -0.511
      2.641     0.416    -0.511
      2.649     0.416    -0.511
      2.657     0.416    -0.511
      2.665     0.416    -0.511
      2.673     0.416    -0.511
      2.681     0.416    -0.511
      2.689     0.416    -0.511
      2.697     0.416    -0.511
      2.705     0.416    -0.511
      2.713     0.416    -0.511
      2.721     0.415    -0.511
      2.729     0.415    -0.511
      2.737     0.415    -0.511
      2.745     0.415    -0.511
      2.752     0.415    -0.511
      2.759     0.414    -0.511
      2.767     0.414    -0.511
      2.774     0.414    -0.511
      2.781     0.413    -0.511
      2.788     0.413    -0.511
      2.796     0.413    -0.511
      2.804     0.412    -0.511
      2.812     0.412    -0.511
      2.820     0.411    -0.511
      2.828     0.411    -0.511
      2.836     0.410    -0.511
      2.844     0.410    -0.511
      2.851     0.409    -0.511
      2.859     0.409    -0.511
      2.867     0.408    -0.511
      2.875     0.407    -0.511
      2.883     0.407    -0.511
      2.891     0.406    -0.511
      2.899     0.405    -0.511
      2.907     0.405    -0.511
      2.915     0.404    -0.511
      2.923     0.403    -0.511
      2.931     0.402    -0.511
      2.938     0.402    -0.511
      2.946     0.401    -0.511
      2.954     0.400    -0.511
      2.962     0.399    -0.511
      2.970     0.398    -0.511
      2.977     0.397    -0.511
      2.985     0.396    -0.511
      2.992     0.395    -0.511
      2.999     0.395    -0.511
      3.006     0.394    -0.511
      3.014     0.393    -0.511
      3.021     0.392    -0.511
      3.029     0.391    -0.511
      3.037     0.389    -0.511
      3.045     0.388    -0.511
      3.053     0.387    -0.511
      3.061     0.386    -0.511
      3.069     0.385    -0.511
      3.076     0.384    -0.511
      3.083     0.383    -0.511
      3.090     0.382    -0.511
      3.098     0.380    -0.511
      3.105     0.379    -0.511
      3.112     0.378    -0.511
      3.119     0.377    -0.511
      3.126     0.376    -0.511
      3.134     0.374    -0.511
      3.141     0.373    -0.511
      3.148     0.372    -0.511
      3.155     0.370    -0.511
      3.162     0.369    -0.511
      3.169     0.368    -0.511
      3.175     0.367    -0.511
      3.182     0.365    -0.511
      3.189     0.364    -0.511
      3.196     0.363    -0.511
      3.203     0.361    -0.511
      3.210     0.360    -0.511
      3.217     0.358    -0.511
      3.224     0.357    -0.511
      3.231     0.356    -0.511
      3.238     0.354    -0.511
      3.246     0.352    -0.511
      3.254     0.351    -0.511
      3.262     0.349    -0.511
      3.269     0.347    -0.511
      3.277     0.346    -0.511
      3.285     0.344    -0.511
      3.293     0.342    -0.511
      3.300     0.340    -0.511
      3.308     0.338    -0.511
      3.316     0.337    -0.511
      3.324     0.335    -0.511
      3.331     0.333    -0.511
      3.339     0.331    -0.511
      3.346     0.329    -0.511
      3.354     0.327    -0.511
      3.362     0.325    -0.511
      3.369     0.323    -0.511
      3.377     0.321    -0.511
      3.385     0.319    -0.511
      3.392     0.317    -0.511
      3.400     0.315    -0.511
      3.407     0.313    -0.511
      3.415     0.311    -0.511
      3.423     0.309    -0.511
      3.430     0.307    -0.511
      3.438     0.305    -0.511
      3.446     0.303    -0.511
      3.453     0.301    -0.511
      3.461     0.299    -0.511
      3.469     0.296    -0.511
      3.476     0.294    -0.511
      3.484     0.292    -0.511
      3.491     0.290    -0.511
      3.499     0.287    -0.511
      3.507     0.285    -0.511
      3.514     0.283    -0.511
      3.522     0.281    -0.511
      3.529     0.278    -0.511
      3.536     0.276    -0.511
      3.544     0.274    -0.511
      3.552     0.271    -0.511
      3.559     0.269    -0.511
      3.567     0.267    -0.511
      3.574     0.264    -0.511
      3.582     0.262    -0.511
      3.590     0.259    -0.510
      3.597     0.257    -0.510
      3.605     0.254    -0.510
      3.612     0.252    -0.510
      3.620     0.249    -0.510
      3.627     0.247    -0.510
      3.635     0.244    -0.510
      3.642     0.242    -0.510
      3.649     0.239    -0.510
      3.656     0.237    -0.510
      3.663     0.234    -0.510
      3.670     0.232    -0.510
      3.677     0.230    -0.510
      3.684     0.227    -0.510
      3.691     0.225    -0.510
      3.699     0.222    -0.510
      3.706     0.219    -0.510
      3.714     0.216    -0.510
      3.721     0.214    -0.510
      3.729     0.211    -0.510
      3.736     0.208    -0.510
      3.743     0.206    -0.510
      3.750     0.203    -0.510
      3.758     0.200    -0.510
      3.765     0.197    -0.510
      3.773     0.195    -0.510
      3.780     0.192    -0.510
      3.788     0.189    -0.510
      3.795     0.186    -0.510
      3.803     0.183    -0.510
      3.810     0.180    -0.510
      3.817     0.177    -0.510
      3.825     0.175    -0.510
      3.832     0.172    -0.510
      3.840     0.169    -0.510
      3.847     0.166    -0.510
      3.854     0.163    -0.510
      3.861     0.160    -0.510
      3.868     0.157    -0.510
      3.875     0.155    -0.510
      3.882     0.152    -0.510
      3.888     0.149    -0.509
      3.895     0.146    -0.509
      3.902     0.143    -0.509
      3.910     0.140    -0.509
      3.917     0.137    -0.509
      3.924     0.134    -0.509
      3.932     0.131    -0.509
      3.939     0.128    -0.509
      3.946     0.125    -0.509
      3.953     0.122    -0.509
      3.960     0.119    -0.509
      3.967     0.116    -0.509
      3.973     0.113    -0.509
      3.980     0.111    -0.509
      3.987     0.108    -0.509
      3.993     0.105    -0.509
      4.000     0.102    -0.509
      4.007     0.099    -0.509
      4.013     0.096    -0.509
      4.020     0.093    -0.509
      4.027     0.090    -0.509
      4.033     0.087    -0.509
      4.039     0.085    -0.509
      4.046     0.082    -0.509
      4.052     0.079    -0.509
      4.058     0.076    -0.508
      4.066     0.073    -0.508
      4.073     0.070    -0.508
      4.080     0.066    -0.508
      4.087     0.063    -0.508
      4.094     0.060    -0.508
      4.102     0.057    -0.508
      4.109     0.053    -0.508
      4.116     0.050    -0.508
      4.123     0.047    -0.508
      4.130     0.043    -0.508
      4.137     0.040    -0.508
      4.144     0.037    -0.508
      4.152     0.033    -0.508
      4.159     0.030    -0.508
      4.166     0.027    -0.508
      4.173     0.023    -0.508
      4.180     0.020    -0.508
      4.188     0.016    -0.507
      4.195     0.013    -0.507
      4.202     0.010    -0.507
      4.209     0.006    -0.507
      4.216     0.003    -0.507
      4.224    -0.001    -0.507
      4.230    -0.004    -0.507
      4.237    -0.007    -0.507
      4.243    -0.010    -0.507
      4.250    -0.013    -0.507
      4.256    -0.017    -0.507
      4.263    -0.020    -0.507
      4.270    -0.023    -0.507
      4.277    -0.027    -0.507
      4.284    -0.030    -0.507
      4.292    -0.034    -0.506
      4.299    -0.037    -0.506
      4.306    -0.041    -0.506
      4.313    -0.044    -0.506
      4.320    -0.048    -0.506
      4.326    -0.051    -0.506
      4.333    -0.054    -0.506
      4.339    -0.057    -0.506
      4.346    -0.061    -0.506
      4.352    -0.064    -0.506
      4.359    -0.067    -0.506
      4.365    -0.071    -0.506
      4.372    -0.074    -0.506
      4.378    -0.077    -0.505
      4.385    -0.080    -0.505
      4.391    -0.084    -0.505
      4.397    -0.087    -0.505
      4.403    -0.090    -0.505
      4.410    -0.093    -0.505
      4.416    -0.096    -0.505
      4.422    -0.099    -0.505
      4.429    -0.103    -0.505
      4.436    -0.107    -0.505
      4.443    -0.110    -0.505
      4.450    -0.114    -0.505
      4.457    -0.118    -0.504
      4.464    -0.121    -0.504
      4.471    -0.125    -0.504
      4.478    -0.128    -0.504
      4.484    -0.132    -0.504
      4.491    -0.135    -0.504
      4.497    -0.138    -0.504
      4.504    -0.142    -0.504
      4.510    -0.145    -0.504
      4.517    -0.148    -0.504
      4.523    -0.152    -0.503
      4.530    -0.155    -0.503
      4.536    -0.159    -0.503
      4.542    -0.162    -0.503
      4.549    -0.165    -0.503
      4.555    -0.169    -0.503
      4.561    -0.172    -0.503
      4.567    -0.175    -0.503
      4.573    -0.178    -0.503
      4.579    -0.182    -0.503
      4.586    -0.185    -0.502
      4.592    -0.188    -0.502
      4.599    -0.192    -0.502
      4.605    -0.195    -0.502
      4.612    -0.199    -0.502
      4.618    -0.202    -0.502
      4.624    -0.205    -0.502
      4.630    -0.209    -0.502
      4.636    -0.212    -0.502
      4.642    -0.215    -0.501
      4.648    -0.218    -0.501
      4.655    -0.222    -0.501
      4.662    -0.226    -0.501
      4.669    -0.229    -0.501
      4.675    -0.233    -0.501
      4.682    -0.236    -0.501
      4.689    -0.240    -0.501
      4.696    -0.244    -0.500
      4.702    -0.247    -0.500
      4.709    -0.251    -0.500
      4.715    -0.254    -0.500
      4.721    -0.258    -0.500
      4.728    -0.261    -0.500
      4.734    -0.265    -0.500
      4.741    -0.268    -0.499
      4.747    -0.271    -0.499
      4.754    -0.275    -0.499
      4.761    -0.279    -0.499
      4.768    -0.283    -0.499
      4.775    -0.287    -0.499
      4.782    -0.290    -0.498
      4.789    -0.294    -0.498
      4.796    -0.298    -0.498
      4.803    -0.302    -0.498
      4.810    -0.306    -0.498
      4.817    -0.309    -0.498
      4.823    -0.313    -0.497
      4.830    -0.317    -0.497
      4.837    -0.321    -0.497
      4.844    -0.324    -0.497
      4.851    -0.328    -0.497
      4.858    -0.332    -0.497
      4.865    -0.336    -0.496
      4.872    -0.340    -0.496
      4.879    -0.343    -0.496
      4.886    -0.347    -0.496
      4.892    -0.351    -0.496
      4.899    -0.355    -0.495
      4.906    -0.358    -0.495
      4.913    -0.362    -0.495
      4.920    -0.366    -0.495
      4.927    -0.370    -0.495
      4.934    -0.374    -0.494
      4.941    -0.378    -0.494
      4.948    -0.381    -0.494
      4.955    -0.385    -0.494
      4.962    -0.389    -0.494
      4.969    -0.393    -0.493
      4.976    -0.397    -0.493
      4.983    -0.401    -0.493
      4.990    -0.404    -0.493
      4.997    -0.408    -0.492
      5.003    -0.412    -0.492
      5.010    -0.416    -0.492
      5.017    -0.419    -0.492
      5.024    -0.423    -0.491
      5.031    -0.427    -0.491
      5.038    -0.431    -0.491
      5.045    -0.435    -0.491
      5.052    -0.438    -0.490
      5.059    -0.442    -0.490
      5.066    -0.446    -0.490
      5.073    -0.450    -0.490
      5.080    -0.454    -0.489
      5.087    -0.458    -0.489
      5.094    -0.461    -0.489
      5.101    -0.465    -0.489
      5.108    -0.469    -0.488
      5.115    -0.473    -0.488
      5.121    -0.476    -0.488
      5.128    -0.480    -0.488
      5.134    -0.483    -0.487
      5.140    -0.487    -0.487
      5.147    -0.490    -0.487
      5.153    -0.494    -0.487
      5.160    -0.498    -0.486
      5.167    -0.501    -0.486
      5.174    -0.505    -0.486
      5.181    -0.509    -0.485
      5.188    -0.513    -0.485
      5.195    -0.517    -0.485
      5.202    -0.520    -0.485
      5.209    -0.524    -0.484
      5.215    -0.528    -0.484
      5.222    -0.532    -0.484
      5.229    -0.535    -0.483
      5.236    -0.539    -0.483
      5.243    -0.543    -0.483
      5.250    -0.547    -0.482
      5.257    -0.551    -0.482
      5.264    -0.554    -0.482
      5.271    -0.558    -0.481
      5.278    -0.562    -0.481
      5.285    -0.566    -0.481
      5.292    -0.569    -0.480
      5.299    -0.573    -0.480
      5.306    -0.577    -0.480
      5.313    -0.581    -0.479
      5.320    -0.584    -0.479
      5.326    -0.588    -0.479
      5.333    -0.591    -0.478
      5.339    -0.595    -0.478
      5.345    -0.598    -0.478
      5.352    -0.601    -0.477
      5.359    -0.605    -0.477
      5.366    -0.609    -0.477
      5.373    -0.613    -0.476
      5.380    -0.616    -0.476
      5.387    -0.620    -0.476
      5.394    -0.624    -0.475
      5.401    -0.628    -0.475
      5.407    -0.631    -0.474
      5.414    -0.634    -0.474
      5.420    -0.638    -0.474
      5.427    -0.641    -0.473
      5.433    -0.645    -0.473
      5.440    -0.648    -0.473
      5.446    -0.652    -0.472
      5.452    -0.655    -0.472
      5.459    -0.658    -0.471
      5.465    -0.662    -0.471
      5.472    -0.665    -0.471
      5.478    -0.669    -0.470
      5.484    -0.672    -0.470
      5.490    -0.675    -0.470
      5.497    -0.678    -0.469
      5.503    -0.681    -0.469
      5.509    -0.685    -0.468
      5.516    -0.688    -0.468
      5.523    -0.692    -0.468
      5.530    -0.696    -0.467
      5.537    -0.699    -0.467
      5.544    -0.703    -0.466
      5.551    -0.706    -0.466
      5.558    -0.710    -0.465
      5.565    -0.714    -0.465
      5.571    -0.717    -0.464
      5.579    -0.721    -0.464
      5.586    -0.725    -0.463
      5.593    -0.728    -0.463
      5.600    -0.732    -0.463
      5.607    -0.735    -0.462
      5.614    -0.739    -0.462
      5.621    -0.743    -0.461
      5.628    -0.746    -0.461
      5.635    -0.750    -0.460
      5.642    -0.754    -0.460
      5.649    -0.757    -0.459
      5.656    -0.761    -0.459
      5.663    -0.764    -0.458
      5.670    -0.768    -0.458
      5.677    -0.771    -0.457
      5.683    -0.775    -0.457
      5.690    -0.778    -0.456
      5.696    -0.781    -0.456
      5.703    -0.784    -0.455
      5.709    -0.788    -0.455
      5.716    -0.791    -0.454
      5.724    -0.795    -0.454
      5.731    -0.798    -0.453
      5.738    -0.802    -0.453
      5.745    -0.806    -0.452
      5.752    -0.809    -0.452
      5.759    -0.813    -0.451
      5.766    -0.816    -0.450
      5.772    -0.819    -0.450
      5.779    -0.822    -0.449
      5.785    -0.826    -0.449
      5.792    -0.829    -0.448
      5.798    -0.832    -0.448
      5.805    -0.835    -0.447
      5.811    -0.839    -0.447
      5.818    -0.842    -0.446
      5.824    -0.845    -0.446
      5.831    -0.848    -0.445
      5.837    -0.851    -0.445
      5.844    -0.854    -0.444
      5.850    -0.857    -0.444
      5.856    -0.860    -0.443
      5.862    -0.863    -0.443
      5.868    -0.866    -0.442
      5.875    -0.870    -0.442
      5.883    -0.873    -0.441
      5.890    -0.877    -0.440
      5.897    -0.880    -0.440
      5.904    -0.884    -0.439
      5.911    -0.887    -0.439
      5.918    -0.891    -0.438
      5.925    -0.894    -0.437
      5.931    -0.897    -0.437
      5.938    -0.900    -0.436
      5.945    -0.903    -0.436
      5.951    -0.906    -0.435
      5.958    -0.909    -0.435
      5.964    -0.912    -0.434
      5.971    -0.916    -0.433
      5.977    -0.919    -0.433
      5.984    -0.922    -0.432
      5.991    -0.925    -0.432
      5.997    -0.928    -0.431
      6.003    -0.931    -0.430
      6.010    -0.934    -0.430
      6.016    -0.937    -0.429
      6.022    -0.940    -0.429
      6.028    -0.943    -0.428
      6.035    -0.946    -0.427
      6.041    -0.949    -0.427
      6.048    -0.952    -0.426
      6.055    -0.955    -0.426
      6.061    -0.958    -0.425
      6.068    -0.961    -0.424
      6.074    -0.964    -0.424
      6.080    -0.967    -0.423
      6.086    -0.970    -0.423
      6.093    -0.972    -0.422
      6.099    -0.975    -0.421
      6.106    -0.978    -0.421
      6.113    -0.982    -0.420
      6.120    -0.985    -0.419
      6.127    -0.988    -0.419
      6.134    -0.991    -0.418
      6.141    -0.994    -0.417
      6.148    -0.997    -0.417
      6.155    -1.001    -0.416
      6.162    -1.004    -0.415
      6.169    -1.007    -0.415
      6.176    -1.010    -0.414
      6.183    -1.014    -0.413
      6.191    -1.017    -0.412
      6.198    -1.020    -0.412
      6.205    -1.023    -0.411
      6.212    -1.026    -0.410
      6.219    -1.029    -0.410
      6.226    -1.033    -0.409
      6.234    -1.036    -0.408
      6.241    -1.039    -0.407
      6.248    -1.042    -0.407
      6.255    -1.045    -0.406
      6.263    -1.048    -0.405
      6.270    -1.052    -0.404
      6.277    -1.055    -0.404
      6.284    -1.058    -0.403
      6.292    -1.061    -0.402
      6.299    -1.064    -0.401
      6.306    -1.067    -0.401
      6.314    -1.070    -0.400
      6.321    -1.073    -0.399
      6.327    -1.076    -0.398
      6.334    -1.079    -0.398
      6.341    -1.082    -0.397
      6.348    -1.085    -0.396
      6.354    -1.088    -0.396
      6.361    -1.090    -0.395
      6.368    -1.094    -0.394
      6.376    -1.097    -0.393
      6.383    -1.100    -0.393
      6.390    -1.103    -0.392
      6.398    -1.106    -0.391
      6.405    -1.109    -0.390
      6.412    -1.112    -0.390
      6.419    -1.115    -0.389
      6.426    -1.117    -0.388
      6.432    -1.120    -0.388
      6.439    -1.123    -0.387
      6.446    -1.126    -0.386
      6.453    -1.128    -0.385
      6.459    -1.131    -0.385
      6.466    -1.134    -0.384
      6.473    -1.136    -0.383
      6.479    -1.139    -0.383
      6.486    -1.142    -0.382
      6.493    -1.144    -0.381
      6.499    -1.147    -0.381
      6.506    -1.150    -0.380
      6.512    -1.152    -0.379
      6.518    -1.155    -0.379
      6.525    -1.157    -0.378
      6.532    -1.160    -0.377
      6.540    -1.163    -0.376
      6.547    -1.166    -0.376
      6.554    -1.169    -0.375
      6.562    -1.171    -0.374
      6.569    -1.174    -0.373
      6.577    -1.177    -0.372
      6.583    -1.180    -0.372
      6.590    -1.182    -0.371
      6.597    -1.185    -0.370
      6.604    -1.187    -0.370
      6.610    -1.190    -0.369
      6.617    -1.193    -0.368
      6.624    -1.195    -0.367
      6.631    -1.198    -0.367
      6.638    -1.200    -0.366
      6.645    -1.203    -0.365
      6.651    -1.205    -0.365
      6.658    -1.208    -0.364
      6.665    -1.210    -0.363
      6.671    -1.212    -0.363
      6.677    -1.215    -0.362
      6.684    -1.217    -0.361
      6.690    -1.220    -0.361
      6.697    -1.222    -0.360
      6.704    -1.224    -0.359
      6.711    -1.227    -0.358
      6.718    -1.229    -0.358
      6.724    -1.232    -0.357
      6.731    -1.234    -0.356
      6.738    -1.236    -0.356
      6.744    -1.239    -0.355
      6.751    -1.241    -0.354
      6.757    -1.243    -0.354
      6.764    -1.246    -0.353
      6.771    -1.248    -0.352
      6.778    -1.251    -0.352
      6.785    -1.253    -0.351
      6.793    -1.255    -0.350
      6.800    -1.258    -0.349
      6.807    -1.260    -0.349
      6.814    -1.263    -0.348
      6.821    -1.265    -0.347
      6.829    -1.268    -0.346
      6.836    -1.270    -0.346
      6.844    -1.273    -0.345
      6.852    -1.275    -0.344
      6.859    -1.278    -0.343
      6.867    -1.280    -0.343
      6.874    -1.283    -0.342
      6.881    -1.285    -0.341
      6.888    -1.287    -0.340
      6.895    -1.289    -0.340
      6.902    -1.292    -0.339
      6.909    -1.294    -0.338
      6.916    -1.296    -0.338
      6.923    -1.298    -0.337
      6.929    -1.300    -0.336
      6.936    -1.303    -0.336
      6.943    -1.305    -0.335
      6.950    -1.307    -0.334
      6.957    -1.309    -0.334
      6.964    -1.311    -0.333
      6.970    -1.313    -0.332
      6.977    -1.315    -0.332
      6.983    -1.317    -0.331
      6.990    -1.319    -0.330
      6.997    -1.321    -0.330
      7.004    -1.323    -0.329
      7.011    -1.325    -0.328
      7.018    -1.327    -0.328
      7.025    -1.329    -0.327
      7.032    -1.331    -0.326
      7.038    -1.333    -0.326
      7.045    -1.335    -0.325
      7.052    -1.337    -0.325
      7.058    -1.339    -0.324
      7.065    -1.341    -0.323
      7.072    -1.343    -0.323
      7.079    -1.345    -0.322
      7.087    -1.347    -0.321
      7.094    -1.349    -0.321
      7.101    -1.351    -0.320
      7.109    -1.353    -0.319
      7.116    -1.355    -0.319
      7.124    -1.357    -0.318
      7.131    -1.359    -0.317
      7.138    -1.361    -0.317
      7.145    -1.363    -0.316
      7.152    -1.365    -0.315
      7.159    -1.367    -0.315
      7.166    -1.368    -0.314
      7.172    -1.370    -0.313
      7.179    -1.372    -0.313
      7.186    -1.374    -0.312
      7.192    -1.375    -0.312
      7.199    -1.377    -0.311
      7.206    -1.379    -0.310
      7.214    -1.381    -0.310
      7.221    -1.383    -0.309
      7.229    -1.384    -0.309
      7.236    -1.386    -0.308
      7.244    -1.388    -0.307
      7.251    -1.390    -0.307
      7.258    -1.392    -0.306
      7.266    -1.393    -0.305
      7.273    -1.395    -0.305
      7.281    -1.397    -0.304
      7.288    -1.399    -0.303
      7.296    -1.400    -0.303
      7.303    -1.402    -0.302
      7.311    -1.404    -0.302
      7.318    -1.405    -0.301
      7.326    -1.407    -0.300
      7.334    -1.409    -0.300
      7.342    -1.411    -0.299
      7.349    -1.412    -0.299
      7.357    -1.414    -0.298
      7.365    -1.416    -0.297
