Count of Points:866

WCS coordinates of Points:
      7.499    -0.148    -0.944
      7.492    -0.146    -0.945
      7.485    -0.145    -0.946
      7.478    -0.143    -0.947
      7.471    -0.141    -0.948
      7.465    -0.140    -0.949
      7.458    -0.138    -0.950
      7.451    -0.136    -0.951
      7.445    -0.134    -0.952
      7.438    -0.133    -0.953
      7.430    -0.131    -0.954
      7.422    -0.129    -0.955
      7.414    -0.127    -0.956
      7.406    -0.125    -0.957
      7.399    -0.123    -0.959
      7.391    -0.120    -0.960
      7.383    -0.118    -0.961
      7.375    -0.116    -0.962
      7.367    -0.114    -0.964
      7.359    -0.112    -0.965
      7.351    -0.110    -0.966
      7.344    -0.108    -0.968
      7.336    -0.106    -0.969
      7.329    -0.104    -0.970
      7.321    -0.102    -0.971
      7.314    -0.100    -0.973
      7.307    -0.098    -0.974
      7.299    -0.096    -0.976
      7.291    -0.093    -0.977
      7.283    -0.091    -0.978
      7.275    -0.089    -0.980
      7.268    -0.087    -0.981
      7.260    -0.085    -0.983
      7.252    -0.083    -0.984
      7.245    -0.080    -0.986
      7.238    -0.078    -0.987
      7.230    -0.076    -0.989
      7.223    -0.074    -0.990
      7.216    -0.072    -0.992
      7.208    -0.070    -0.993
      7.201    -0.068    -0.995
      7.194    -0.066    -0.996
      7.186    -0.063    -0.998
      7.179    -0.061    -0.999
      7.172    -0.059    -1.001
      7.165    -0.057    -1.002
      7.158    -0.055    -1.004
      7.150    -0.053    -1.005
      7.142    -0.051    -1.007
      7.135    -0.048    -1.009
      7.127    -0.046    -1.011
      7.119    -0.044    -1.012
      7.111    -0.041    -1.014
      7.104    -0.039    -1.016
      7.097    -0.037    -1.017
      7.090    -0.035    -1.019
      7.082    -0.033    -1.021
      7.075    -0.030    -1.023
      7.068    -0.028    -1.024
      7.061    -0.026    -1.026
      7.053    -0.024    -1.028
      7.046    -0.022    -1.030
      7.039    -0.019    -1.031
      7.032    -0.017    -1.033
      7.025    -0.015    -1.035
      7.018    -0.013    -1.037
      7.010    -0.011    -1.038
      7.003    -0.009    -1.040
      6.996    -0.006    -1.042
      6.989    -0.004    -1.044
      6.982    -0.002    -1.046
      6.974     0.000    -1.048
      6.967     0.002    -1.050
      6.960     0.005    -1.051
      6.953     0.007    -1.053
      6.946     0.009    -1.055
      6.939     0.011    -1.057
      6.932     0.013    -1.059
      6.924     0.016    -1.061
      6.917     0.018    -1.063
      6.910     0.020    -1.065
      6.903     0.022    -1.067
      6.896     0.024    -1.069
      6.888     0.027    -1.071
      6.880     0.029    -1.073
      6.873     0.032    -1.075
      6.865     0.034    -1.077
      6.858     0.036    -1.079
      6.850     0.039    -1.082
      6.843     0.041    -1.084
      6.836     0.043    -1.086
      6.829     0.045    -1.088
      6.821     0.047    -1.090
      6.814     0.050    -1.092
      6.807     0.052    -1.094
      6.800     0.054    -1.096
      6.793     0.056    -1.098
      6.786     0.058    -1.100
      6.778     0.061    -1.102
      6.771     0.063    -1.104
      6.764     0.065    -1.106
      6.757     0.067    -1.109
      6.750     0.069    -1.111
      6.743     0.071    -1.113
      6.736     0.074    -1.115
      6.729     0.076    -1.117
      6.722     0.078    -1.119
      6.715     0.080    -1.121
      6.708     0.082    -1.124
      6.701     0.084    -1.126
      6.694     0.087    -1.128
      6.687     0.089    -1.130
      6.680     0.091    -1.132
      6.672     0.093    -1.134
      6.665     0.095    -1.137
      6.658     0.097    -1.139
      6.651     0.099    -1.141
      6.644     0.102    -1.143
      6.637     0.104    -1.146
      6.630     0.106    -1.148
      6.622     0.108    -1.150
      6.615     0.110    -1.152
      6.608     0.112    -1.155
      6.601     0.114    -1.157
      6.594     0.116    -1.159
      6.587     0.118    -1.161
      6.580     0.121    -1.164
      6.573     0.123    -1.166
      6.566     0.125    -1.168
      6.559     0.127    -1.170
      6.552     0.129    -1.173
      6.545     0.131    -1.175
      6.537     0.133    -1.177
      6.530     0.135    -1.180
      6.523     0.137    -1.182
      6.516     0.139    -1.184
      6.509     0.141    -1.187
      6.502     0.143    -1.189
      6.495     0.145    -1.191
      6.487     0.148    -1.194
      6.480     0.150    -1.196
      6.473     0.152    -1.198
      6.467     0.154    -1.201
      6.460     0.155    -1.203
      6.454     0.157    -1.205
      6.447     0.159    -1.207
      6.440     0.161    -1.209
      6.434     0.163    -1.211
      6.426     0.165    -1.214
      6.419     0.167    -1.217
      6.411     0.169    -1.219
      6.404     0.171    -1.222
      6.396     0.173    -1.224
      6.389     0.176    -1.227
      6.382     0.178    -1.229
      6.374     0.179    -1.231
      6.367     0.181    -1.234
      6.360     0.183    -1.236
      6.353     0.185    -1.239
      6.346     0.187    -1.241
      6.339     0.189    -1.243
      6.332     0.191    -1.246
      6.325     0.193    -1.248
      6.317     0.195    -1.251
      6.310     0.197    -1.253
      6.303     0.199    -1.256
      6.296     0.201    -1.258
      6.289     0.203    -1.260
      6.282     0.204    -1.263
      6.275     0.206    -1.265
      6.268     0.208    -1.268
      6.261     0.210    -1.270
      6.254     0.212    -1.272
      6.247     0.214    -1.275
      6.240     0.216    -1.277
      6.233     0.218    -1.280
      6.226     0.219    -1.282
      6.219     0.221    -1.284
      6.211     0.223    -1.287
      6.204     0.225    -1.289
      6.197     0.227    -1.292
      6.190     0.229    -1.294
      6.183     0.230    -1.297
      6.176     0.232    -1.299
      6.168     0.234    -1.302
      6.161     0.236    -1.304
      6.154     0.238    -1.307
      6.147     0.240    -1.309
      6.140     0.241    -1.311
      6.133     0.243    -1.314
      6.126     0.245    -1.316
      6.119     0.247    -1.319
      6.112     0.248    -1.321
      6.105     0.250    -1.323
      6.097     0.252    -1.326
      6.090     0.254    -1.328
      6.083     0.255    -1.331
      6.076     0.257    -1.333
      6.069     0.259    -1.336
      6.062     0.261    -1.338
      6.054     0.262    -1.341
      6.047     0.264    -1.343
      6.040     0.266    -1.346
      6.033     0.268    -1.348
      6.026     0.269    -1.350
      6.018     0.271    -1.353
      6.011     0.273    -1.355
      6.005     0.274    -1.358
      5.998     0.276    -1.360
      5.991     0.277    -1.362
      5.985     0.279    -1.364
      5.978     0.281    -1.367
      5.972     0.282    -1.369
      5.964     0.284    -1.371
      5.957     0.285    -1.374
      5.950     0.287    -1.376
      5.943     0.289    -1.379
      5.936     0.290    -1.381
      5.929     0.292    -1.383
      5.922     0.294    -1.386
      5.915     0.295    -1.388
      5.907     0.297    -1.391
      5.900     0.299    -1.393
      5.893     0.300    -1.395
      5.886     0.302    -1.398
      5.879     0.303    -1.400
      5.871     0.305    -1.403
      5.864     0.307    -1.405
      5.857     0.308    -1.408
      5.850     0.310    -1.410
      5.842     0.311    -1.412
      5.835     0.313    -1.415
      5.828     0.315    -1.417
      5.821     0.316    -1.420
      5.814     0.318    -1.422
      5.806     0.319    -1.424
      5.800     0.321    -1.427
      5.793     0.322    -1.429
      5.786     0.324    -1.431
      5.780     0.325    -1.433
      5.773     0.327    -1.435
      5.766     0.328    -1.438
      5.759     0.329    -1.440
      5.752     0.331    -1.442
      5.745     0.333    -1.445
      5.737     0.334    -1.447
      5.730     0.336    -1.450
      5.723     0.337    -1.452
      5.716     0.339    -1.454
      5.709     0.340    -1.456
      5.702     0.341    -1.459
      5.696     0.343    -1.461
      5.689     0.344    -1.463
      5.682     0.346    -1.465
      5.676     0.347    -1.467
      5.669     0.348    -1.469
      5.662     0.350    -1.472
      5.656     0.351    -1.474
      5.649     0.352    -1.476
      5.642     0.354    -1.478
      5.636     0.355    -1.480
      5.629     0.356    -1.482
      5.623     0.358    -1.484
      5.617     0.359    -1.486
      5.611     0.360    -1.488
      5.604     0.362    -1.490
      5.596     0.363    -1.493
      5.589     0.365    -1.495
      5.581     0.366    -1.497
      5.573     0.368    -1.500
      5.566     0.369    -1.502
      5.558     0.371    -1.505
      5.551     0.372    -1.507
      5.543     0.374    -1.509
      5.536     0.375    -1.512
      5.529     0.377    -1.514
      5.521     0.378    -1.516
      5.514     0.379    -1.518
      5.507     0.381    -1.521
      5.500     0.382    -1.523
      5.492     0.384    -1.525
      5.485     0.385    -1.527
      5.478     0.386    -1.529
      5.471     0.388    -1.532
      5.463     0.389    -1.534
      5.456     0.391    -1.536
      5.449     0.392    -1.538
      5.442     0.393    -1.540
      5.434     0.395    -1.543
      5.427     0.396    -1.545
      5.420     0.397    -1.547
      5.412     0.399    -1.549
      5.405     0.400    -1.551
      5.398     0.401    -1.553
      5.391     0.403    -1.556
      5.383     0.404    -1.558
      5.376     0.406    -1.560
      5.369     0.407    -1.562
      5.361     0.408    -1.564
      5.354     0.410    -1.566
      5.347     0.411    -1.568
      5.339     0.412    -1.571
      5.332     0.414    -1.573
      5.325     0.415    -1.575
      5.317     0.416    -1.577
      5.310     0.418    -1.579
      5.302     0.419    -1.581
      5.295     0.420    -1.583
      5.288     0.421    -1.585
      5.281     0.423    -1.587
      5.273     0.424    -1.589
      5.266     0.425    -1.591
      5.259     0.427    -1.593
      5.251     0.428    -1.595
      5.244     0.429    -1.597
      5.236     0.431    -1.599
      5.229     0.432    -1.601
      5.222     0.433    -1.604
      5.214     0.434    -1.606
      5.207     0.436    -1.608
      5.199     0.437    -1.610
      5.192     0.438    -1.611
      5.185     0.440    -1.613
      5.177     0.441    -1.615
      5.170     0.442    -1.617
      5.163     0.443    -1.619
      5.156     0.444    -1.621
      5.149     0.446    -1.623
      5.142     0.447    -1.625
      5.136     0.448    -1.626
      5.129     0.449    -1.628
      5.121     0.450    -1.630
      5.114     0.452    -1.632
      5.107     0.453    -1.634
      5.099     0.454    -1.636
      5.092     0.455    -1.638
      5.084     0.456    -1.639
      5.077     0.458    -1.641
      5.070     0.459    -1.643
      5.062     0.460    -1.645
      5.055     0.461    -1.647
      5.047     0.463    -1.649
      5.040     0.464    -1.650
      5.033     0.465    -1.652
      5.025     0.466    -1.654
      5.018     0.467    -1.656
      5.010     0.469    -1.658
      5.003     0.470    -1.659
      4.995     0.471    -1.661
      4.988     0.472    -1.663
      4.980     0.474    -1.665
      4.973     0.475    -1.666
      4.965     0.476    -1.668
      4.958     0.477    -1.670
      4.951     0.478    -1.672
      4.944     0.479    -1.673
      4.937     0.481    -1.675
      4.930     0.482    -1.676
      4.923     0.483    -1.678
      4.916     0.484    -1.679
      4.909     0.485    -1.681
      4.901     0.486    -1.683
      4.894     0.487    -1.684
      4.886     0.489    -1.686
      4.879     0.490    -1.688
      4.871     0.491    -1.689
      4.864     0.492    -1.691
      4.857     0.493    -1.693
      4.850     0.494    -1.694
      4.843     0.495    -1.696
      4.836     0.496    -1.697
      4.829     0.498    -1.699
      4.823     0.499    -1.700
      4.816     0.500    -1.701
      4.809     0.501    -1.703
      4.802     0.502    -1.704
      4.795     0.503    -1.706
      4.788     0.504    -1.707
      4.781     0.505    -1.709
      4.775     0.506    -1.710
      4.768     0.507    -1.711
      4.762     0.508    -1.713
      4.755     0.509    -1.714
      4.748     0.510    -1.715
      4.741     0.511    -1.717
      4.733     0.513    -1.718
      4.726     0.514    -1.720
      4.718     0.515    -1.721
      4.711     0.516    -1.723
      4.703     0.517    -1.724
      4.696     0.518    -1.726
      4.689     0.519    -1.727
      4.681     0.521    -1.728
      4.674     0.522    -1.730
      4.666     0.523    -1.731
      4.658     0.524    -1.733
      4.651     0.525    -1.734
      4.643     0.526    -1.736
      4.636     0.528    -1.737
      4.628     0.529    -1.738
      4.621     0.530    -1.740
      4.613     0.531    -1.741
      4.605     0.532    -1.742
      4.598     0.533    -1.744
      4.590     0.535    -1.745
      4.583     0.536    -1.746
      4.575     0.537    -1.748
      4.568     0.538    -1.749
      4.561     0.539    -1.750
      4.554     0.540    -1.751
      4.547     0.541    -1.753
      4.540     0.542    -1.754
      4.533     0.543    -1.755
      4.526     0.544    -1.756
      4.518     0.546    -1.758
      4.511     0.547    -1.759
      4.503     0.548    -1.760
      4.495     0.549    -1.761
      4.488     0.550    -1.763
      4.480     0.551    -1.764
      4.473     0.553    -1.765
      4.466     0.554    -1.766
      4.459     0.555    -1.767
      4.452     0.556    -1.768
      4.445     0.557    -1.770
      4.438     0.558    -1.771
      4.431     0.559    -1.772
      4.425     0.560    -1.773
      4.418     0.561    -1.774
      4.411     0.562    -1.775
      4.404     0.563    -1.776
      4.397     0.564    -1.777
      4.390     0.565    -1.778
      4.383     0.566    -1.779
      4.377     0.567    -1.780
      4.370     0.568    -1.781
      4.364     0.569    -1.782
      4.356     0.570    -1.783
      4.348     0.571    -1.784
      4.341     0.573    -1.785
      4.333     0.574    -1.787
      4.326     0.575    -1.788
      4.318     0.576    -1.789
      4.310     0.577    -1.790
      4.303     0.578    -1.791
      4.296     0.579    -1.792
      4.289     0.580    -1.793
      4.282     0.581    -1.794
      4.275     0.582    -1.795
      4.268     0.584    -1.796
      4.261     0.585    -1.797
      4.254     0.586    -1.798
      4.247     0.587    -1.798
      4.240     0.588    -1.799
      4.233     0.589    -1.800
      4.226     0.590    -1.801
      4.220     0.591    -1.802
      4.213     0.592    -1.803
      4.207     0.593    -1.804
      4.200     0.594    -1.805
      4.193     0.595    -1.806
      4.186     0.596    -1.806
      4.179     0.597    -1.807
      4.172     0.598    -1.808
      4.165     0.599    -1.809
      4.158     0.600    -1.810
      4.151     0.601    -1.811
      4.145     0.602    -1.812
      4.138     0.603    -1.812
      4.131     0.604    -1.813
      4.125     0.605    -1.814
      4.118     0.606    -1.815
      4.111     0.607    -1.816
      4.103     0.608    -1.817
      4.096     0.609    -1.817
      4.089     0.610    -1.818
      4.081     0.611    -1.819
      4.074     0.612    -1.820
      4.067     0.613    -1.821
      4.059     0.614    -1.822
      4.051     0.615    -1.822
      4.043     0.616    -1.823
      4.035     0.617    -1.824
      4.027     0.619    -1.825
      4.019     0.620    -1.826
      4.010     0.621    -1.827
      4.003     0.622    -1.828
      3.995     0.623    -1.828
      3.987     0.624    -1.829
      3.980     0.625    -1.830
      3.972     0.626    -1.831
      3.965     0.627    -1.832
      3.957     0.628    -1.832
      3.949     0.629    -1.833
      3.942     0.630    -1.834
      3.934     0.631    -1.835
      3.926     0.632    -1.835
      3.919     0.633    -1.836
      3.911     0.634    -1.837
      3.904     0.635    -1.837
      3.896     0.636    -1.838
      3.888     0.637    -1.839
      3.881     0.638    -1.840
      3.873     0.639    -1.840
      3.865     0.640    -1.841
      3.858     0.641    -1.842
      3.850     0.642    -1.842
      3.843     0.643    -1.843
      3.835     0.644    -1.844
      3.828     0.645    -1.844
      3.820     0.646    -1.845
      3.812     0.647    -1.846
      3.804     0.648    -1.846
      3.797     0.649    -1.847
      3.789     0.650    -1.847
      3.781     0.651    -1.848
      3.774     0.652    -1.849
      3.766     0.653    -1.849
      3.758     0.654    -1.850
      3.751     0.655    -1.850
      3.743     0.656    -1.851
      3.735     0.657    -1.852
      3.728     0.658    -1.852
      3.720     0.659    -1.853
      3.713     0.659    -1.853
      3.705     0.660    -1.854
      3.697     0.661    -1.854
      3.690     0.662    -1.855
      3.682     0.663    -1.856
      3.674     0.664    -1.856
      3.666     0.665    -1.857
      3.659     0.666    -1.857
      3.651     0.667    -1.858
      3.643     0.667    -1.858
      3.635     0.668    -1.859
      3.628     0.669    -1.859
      3.620     0.670    -1.860
      3.612     0.671    -1.860
      3.605     0.672    -1.861
      3.597     0.672    -1.861
      3.590     0.673    -1.862
      3.583     0.674    -1.862
      3.576     0.675    -1.862
      3.569     0.675    -1.863
      3.562     0.676    -1.863
      3.554     0.677    -1.864
      3.547     0.678    -1.864
      3.539     0.678    -1.865
      3.531     0.679    -1.865
      3.523     0.680    -1.866
      3.516     0.680    -1.866
      3.508     0.681    -1.866
      3.501     0.682    -1.867
      3.493     0.683    -1.867
      3.485     0.683    -1.868
      3.478     0.684    -1.868
      3.470     0.685    -1.869
      3.462     0.685    -1.869
      3.454     0.686    -1.869
      3.447     0.687    -1.870
      3.439     0.687    -1.870
      3.431     0.688    -1.870
      3.423     0.689    -1.871
      3.416     0.689    -1.871
      3.408     0.690    -1.872
      3.400     0.691    -1.872
      3.392     0.691    -1.872
      3.385     0.692    -1.873
      3.378     0.692    -1.873
      3.370     0.693    -1.873
      3.363     0.693    -1.874
      3.356     0.694    -1.874
      3.349     0.694    -1.874
      3.342     0.695    -1.875
      3.334     0.695    -1.875
      3.326     0.696    -1.875
      3.319     0.696    -1.876
      3.311     0.697    -1.876
      3.303     0.697    -1.876
      3.295     0.698    -1.877
      3.288     0.698    -1.877
      3.281     0.699    -1.877
      3.273     0.699    -1.878
      3.266     0.700    -1.878
      3.259     0.700    -1.878
      3.252     0.700    -1.878
      3.245     0.701    -1.879
      3.238     0.701    -1.879
      3.231     0.702    -1.879
      3.224     0.702    -1.880
      3.216     0.702    -1.880
      3.209     0.703    -1.880
      3.202     0.703    -1.880
      3.195     0.703    -1.881
      3.189     0.703    -1.881
      3.182     0.704    -1.881
      3.175     0.704    -1.881
      3.169     0.704    -1.882
      3.161     0.705    -1.882
      3.153     0.705    -1.882
      3.145     0.705    -1.882
      3.138     0.705    -1.883
      3.130     0.706    -1.883
      3.122     0.706    -1.883
      3.115     0.706    -1.884
      3.107     0.706    -1.884
      3.099     0.706    -1.884
      3.091     0.707    -1.884
      3.084     0.707    -1.885
      3.076     0.707    -1.885
      3.068     0.707    -1.885
      3.060     0.707    -1.885
      3.053     0.707    -1.886
      3.045     0.707    -1.886
      3.037     0.708    -1.886
      3.029     0.708    -1.886
      3.021     0.708    -1.887
      3.014     0.708    -1.887
      3.006     0.708    -1.887
      2.998     0.708    -1.887
      2.990     0.708    -1.887
      2.983     0.708    -1.888
      2.976     0.708    -1.888
      2.969     0.708    -1.888
      2.962     0.708    -1.888
      2.955     0.708    -1.888
      2.947     0.708    -1.889
      2.940     0.707    -1.889
      2.932     0.707    -1.889
      2.924     0.707    -1.889
      2.916     0.707    -1.890
      2.909     0.707    -1.890
      2.901     0.707    -1.890
      2.893     0.707    -1.890
      2.886     0.706    -1.890
      2.879     0.706    -1.891
      2.872     0.706    -1.891
      2.864     0.706    -1.891
      2.857     0.706    -1.891
      2.850     0.705    -1.891
      2.843     0.705    -1.891
      2.836     0.705    -1.892
      2.829     0.705    -1.892
      2.822     0.704    -1.892
      2.815     0.704    -1.892
      2.807     0.704    -1.892
      2.801     0.703    -1.892
      2.794     0.703    -1.893
      2.787     0.703    -1.893
      2.781     0.702    -1.893
      2.774     0.702    -1.893
      2.766     0.702    -1.893
      2.758     0.701    -1.893
      2.751     0.701    -1.894
      2.743     0.700    -1.894
      2.735     0.700    -1.894
      2.727     0.699    -1.894
      2.719     0.699    -1.894
      2.712     0.698    -1.894
      2.705     0.697    -1.895
      2.698     0.697    -1.895
      2.691     0.696    -1.895
      2.684     0.696    -1.895
      2.677     0.695    -1.895
      2.670     0.695    -1.895
      2.663     0.694    -1.895
      2.655     0.693    -1.896
      2.648     0.693    -1.896
      2.641     0.692    -1.896
      2.634     0.691    -1.896
      2.627     0.691    -1.896
      2.621     0.690    -1.896
      2.614     0.689    -1.896
      2.607     0.689    -1.896
      2.601     0.688    -1.897
      2.594     0.687    -1.897
      2.586     0.686    -1.897
      2.579     0.686    -1.897
      2.572     0.685    -1.897
      2.565     0.684    -1.897
      2.558     0.683    -1.897
      2.551     0.682    -1.897
      2.545     0.681    -1.898
      2.538     0.681    -1.898
      2.531     0.680    -1.898
      2.525     0.679    -1.898
      2.517     0.678    -1.898
      2.510     0.677    -1.898
      2.502     0.676    -1.898
      2.495     0.675    -1.898
      2.488     0.674    -1.899
      2.480     0.673    -1.899
      2.473     0.672    -1.899
      2.465     0.670    -1.899
      2.458     0.669    -1.899
      2.450     0.668    -1.899
      2.442     0.667    -1.899
      2.435     0.666    -1.899
      2.427     0.664    -1.900
      2.419     0.663    -1.900
      2.412     0.662    -1.900
      2.404     0.661    -1.900
      2.397     0.659    -1.900
      2.389     0.658    -1.900
      2.381     0.657    -1.900
      2.374     0.655    -1.900
      2.366     0.654    -1.900
      2.359     0.652    -1.901
      2.351     0.651    -1.901
      2.343     0.649    -1.901
      2.336     0.648    -1.901
      2.328     0.646    -1.901
      2.320     0.645    -1.901
      2.313     0.643    -1.901
      2.305     0.642    -1.901
      2.297     0.640    -1.902
      2.290     0.638    -1.902
      2.283     0.637    -1.902
      2.276     0.635    -1.902
      2.269     0.634    -1.902
      2.262     0.632    -1.902
      2.255     0.631    -1.902
      2.248     0.629    -1.902
      2.240     0.627    -1.902
      2.233     0.626    -1.903
      2.225     0.624    -1.903
      2.218     0.622    -1.903
      2.210     0.620    -1.903
      2.203     0.618    -1.903
      2.195     0.616    -1.903
      2.188     0.615    -1.903
      2.181     0.613    -1.903
      2.174     0.611    -1.903
      2.167     0.609    -1.904
      2.161     0.607    -1.904
      2.154     0.606    -1.904
      2.147     0.604    -1.904
      2.140     0.602    -1.904
      2.133     0.600    -1.904
      2.126     0.598    -1.904
      2.119     0.596    -1.904
      2.112     0.594    -1.905
      2.106     0.592    -1.905
      2.099     0.590    -1.905
      2.093     0.588    -1.905
      2.086     0.587    -1.905
      2.080     0.585    -1.905
      2.073     0.582    -1.905
      2.065     0.580    -1.905
      2.058     0.578    -1.905
      2.050     0.575    -1.906
      2.043     0.573    -1.906
      2.035     0.571    -1.906
      2.028     0.568    -1.906
      2.021     0.566    -1.906
      2.014     0.564    -1.906
      2.008     0.562    -1.906
      2.001     0.559    -1.907
      1.994     0.557    -1.907
      1.987     0.555    -1.907
      1.981     0.552    -1.907
      1.974     0.550    -1.907
      1.967     0.548    -1.907
      1.960     0.545    -1.907
      1.954     0.543    -1.908
      1.947     0.540    -1.908
      1.941     0.538    -1.908
      1.934     0.536    -1.908
      1.928     0.533    -1.908
      1.922     0.531    -1.908
      1.916     0.528    -1.908
      1.909     0.526    -1.908
      1.902     0.523    -1.909
      1.896     0.521    -1.909
      1.889     0.518    -1.909
      1.882     0.515    -1.909
      1.876     0.513    -1.909
      1.870     0.510    -1.909
      1.863     0.508    -1.909
      1.857     0.505    -1.910
      1.851     0.502    -1.910
      1.845     0.500    -1.910
      1.838     0.497    -1.910
      1.831     0.494    -1.910
      1.824     0.491    -1.910
      1.817     0.488    -1.911
      1.810     0.485    -1.911
      1.804     0.482    -1.911
      1.797     0.478    -1.911
      1.790     0.475    -1.911
      1.783     0.472    -1.912
      1.776     0.469    -1.912
      1.769     0.465    -1.912
      1.762     0.462    -1.912
      1.755     0.459    -1.912
      1.748     0.455    -1.913
      1.741     0.452    -1.913
      1.734     0.449    -1.913
      1.728     0.445    -1.913
      1.722     0.442    -1.913
      1.715     0.439    -1.913
      1.709     0.436    -1.914
      1.703     0.432    -1.914
      1.696     0.429    -1.914
      1.690     0.426    -1.914
      1.684     0.422    -1.914
      1.677     0.419    -1.915
      1.671     0.416    -1.915
      1.665     0.412    -1.915
      1.659     0.409    -1.915
      1.653     0.406    -1.915
      1.647     0.402    -1.916
      1.641     0.399    -1.916
      1.636     0.396    -1.916
      1.629     0.392    -1.916
      1.623     0.388    -1.916
      1.617     0.385    -1.917
      1.611     0.381    -1.917
      1.605     0.377    -1.917
      1.599     0.374    -1.917
      1.593     0.370    -1.918
      1.587     0.367    -1.918
      1.582     0.363    -1.918
      1.576     0.359    -1.918
      1.570     0.356    -1.918
      1.564     0.352    -1.919
      1.558     0.348    -1.919
      1.551     0.344    -1.919
      1.545     0.339    -1.919
      1.539     0.335    -1.920
      1.533     0.331    -1.920
      1.526     0.327    -1.920
      1.520     0.323    -1.920
      1.514     0.319    -1.920
      1.509     0.314    -1.921
      1.503     0.310    -1.921
      1.497     0.306    -1.921
      1.491     0.302    -1.921
      1.485     0.298    -1.921
      1.480     0.294    -1.922
      1.475     0.290    -1.922
      1.469     0.286    -1.922
      1.464     0.282    -1.922
      1.458     0.278    -1.922
      1.452     0.273    -1.923
      1.447     0.268    -1.923
      1.441     0.264    -1.923
      1.435     0.259    -1.923
      1.429     0.254    -1.923
      1.423     0.250    -1.924
      1.417     0.245    -1.924
      1.412     0.240    -1.924
      1.406     0.235    -1.924
      1.400     0.230    -1.924
      1.394     0.226    -1.925
      1.389     0.221    -1.925
      1.383     0.216    -1.925
      1.377     0.211    -1.925
      1.372     0.206    -1.925
      1.366     0.201    -1.925
      1.360     0.195    -1.926
      1.355     0.190    -1.926
      1.349     0.185    -1.926
      1.343     0.179    -1.926
      1.337     0.174    -1.926
      1.332     0.168    -1.926
