Count of Points:874

WCS coordinates of Points:
      1.181     0.000    -1.236
      1.187     0.004    -1.236
      1.193     0.009    -1.236
      1.198     0.013    -1.236
      1.204     0.017    -1.236
      1.210     0.021    -1.236
      1.216     0.026    -1.236
      1.221     0.030    -1.236
      1.227     0.034    -1.236
      1.233     0.038    -1.236
      1.239     0.042    -1.236
      1.245     0.046    -1.236
      1.250     0.050    -1.236
      1.256     0.054    -1.236
      1.262     0.058    -1.236
      1.268     0.062    -1.236
      1.274     0.066    -1.236
      1.280     0.070    -1.236
      1.286     0.074    -1.236
      1.292     0.078    -1.236
      1.298     0.082    -1.236
      1.304     0.086    -1.236
      1.310     0.090    -1.236
      1.316     0.094    -1.236
      1.323     0.098    -1.236
      1.330     0.103    -1.235
      1.336     0.107    -1.235
      1.343     0.111    -1.235
      1.350     0.115    -1.235
      1.356     0.119    -1.235
      1.362     0.123    -1.235
      1.368     0.126    -1.235
      1.374     0.130    -1.235
      1.380     0.134    -1.235
      1.386     0.137    -1.235
      1.393     0.141    -1.235
      1.400     0.145    -1.235
      1.406     0.149    -1.235
      1.413     0.153    -1.235
      1.420     0.157    -1.235
      1.427     0.161    -1.235
      1.434     0.165    -1.235
      1.441     0.169    -1.235
      1.448     0.172    -1.235
      1.455     0.176    -1.235
      1.461     0.180    -1.235
      1.468     0.184    -1.235
      1.475     0.187    -1.235
      1.482     0.191    -1.235
      1.489     0.195    -1.235
      1.495     0.198    -1.235
      1.502     0.201    -1.235
      1.508     0.205    -1.235
      1.514     0.208    -1.235
      1.521     0.211    -1.235
      1.527     0.215    -1.235
      1.534     0.218    -1.235
      1.541     0.221    -1.235
      1.548     0.225    -1.235
      1.555     0.228    -1.235
      1.562     0.232    -1.234
      1.569     0.235    -1.234
      1.576     0.239    -1.234
      1.583     0.242    -1.234
      1.590     0.245    -1.234
      1.598     0.249    -1.234
      1.605     0.252    -1.234
      1.612     0.255    -1.234
      1.619     0.259    -1.234
      1.626     0.262    -1.234
      1.633     0.265    -1.234
      1.640     0.268    -1.234
      1.647     0.271    -1.234
      1.655     0.275    -1.234
      1.662     0.278    -1.234
      1.669     0.281    -1.234
      1.676     0.284    -1.234
      1.683     0.287    -1.234
      1.691     0.290    -1.234
      1.698     0.293    -1.234
      1.705     0.296    -1.234
      1.712     0.299    -1.234
      1.720     0.302    -1.234
      1.727     0.305    -1.234
      1.734     0.308    -1.234
      1.742     0.311    -1.234
      1.749     0.314    -1.234
      1.756     0.316    -1.233
      1.763     0.319    -1.233
      1.769     0.322    -1.233
      1.776     0.324    -1.233
      1.783     0.327    -1.233
      1.789     0.329    -1.233
      1.796     0.332    -1.233
      1.804     0.334    -1.233
      1.811     0.337    -1.233
      1.818     0.340    -1.233
      1.826     0.342    -1.233
      1.833     0.345    -1.233
      1.841     0.348    -1.233
      1.848     0.350    -1.233
      1.856     0.353    -1.233
      1.863     0.355    -1.233
      1.871     0.358    -1.233
      1.878     0.360    -1.233
      1.885     0.363    -1.233
      1.893     0.365    -1.233
      1.900     0.368    -1.233
      1.908     0.370    -1.233
      1.915     0.373    -1.233
      1.923     0.375    -1.233
      1.930     0.377    -1.233
      1.938     0.380    -1.233
      1.945     0.382    -1.233
      1.953     0.384    -1.233
      1.960     0.386    -1.233
      1.968     0.389    -1.233
      1.975     0.391    -1.233
      1.983     0.393    -1.233
      1.990     0.395    -1.233
      1.998     0.397    -1.233
      2.006     0.400    -1.233
      2.013     0.402    -1.233
      2.021     0.404    -1.233
      2.029     0.406    -1.233
      2.036     0.408    -1.233
      2.044     0.410    -1.233
      2.052     0.412    -1.232
      2.059     0.414    -1.232
      2.067     0.416    -1.232
      2.074     0.418    -1.232
      2.082     0.420    -1.232
      2.089     0.421    -1.232
      2.097     0.423    -1.232
      2.105     0.425    -1.232
      2.112     0.427    -1.232
      2.120     0.429    -1.232
      2.128     0.431    -1.232
      2.136     0.432    -1.232
      2.143     0.434    -1.232
      2.151     0.436    -1.232
      2.159     0.437    -1.232
      2.167     0.439    -1.232
      2.174     0.441    -1.232
      2.182     0.442    -1.232
      2.190     0.444    -1.232
      2.198     0.446    -1.232
      2.205     0.447    -1.232
      2.212     0.448    -1.232
      2.219     0.450    -1.232
      2.226     0.451    -1.232
      2.233     0.453    -1.232
      2.240     0.454    -1.232
      2.247     0.455    -1.232
      2.254     0.456    -1.232
      2.262     0.458    -1.232
      2.269     0.459    -1.232
      2.276     0.460    -1.232
      2.283     0.461    -1.232
      2.290     0.463    -1.232
      2.298     0.464    -1.232
      2.305     0.465    -1.232
      2.313     0.466    -1.232
      2.321     0.468    -1.232
      2.329     0.469    -1.232
      2.337     0.470    -1.232
      2.345     0.471    -1.232
      2.352     0.472    -1.232
      2.360     0.473    -1.232
      2.368     0.474    -1.232
      2.376     0.475    -1.232
      2.383     0.476    -1.232
      2.391     0.477    -1.232
      2.399     0.478    -1.232
      2.407     0.479    -1.232
      2.414     0.480    -1.232
      2.422     0.481    -1.232
      2.430     0.482    -1.232
      2.438     0.483    -1.232
      2.446     0.484    -1.232
      2.453     0.485    -1.231
      2.461     0.485    -1.231
      2.469     0.486    -1.231
      2.477     0.487    -1.231
      2.485     0.488    -1.231
      2.493     0.489    -1.231
      2.500     0.489    -1.231
      2.508     0.490    -1.231
      2.516     0.491    -1.231
      2.524     0.491    -1.231
      2.532     0.492    -1.231
      2.540     0.492    -1.231
      2.548     0.493    -1.231
      2.556     0.494    -1.231
      2.564     0.494    -1.231
      2.571     0.495    -1.231
      2.579     0.495    -1.231
      2.587     0.495    -1.231
      2.595     0.496    -1.231
      2.602     0.496    -1.231
      2.610     0.497    -1.231
      2.618     0.497    -1.231
      2.626     0.497    -1.231
      2.634     0.498    -1.231
      2.642     0.498    -1.231
      2.650     0.498    -1.231
      2.658     0.499    -1.231
      2.666     0.499    -1.231
      2.674     0.499    -1.231
      2.682     0.499    -1.231
      2.690     0.499    -1.231
      2.697     0.500    -1.231
      2.705     0.500    -1.231
      2.713     0.500    -1.231
      2.720     0.500    -1.230
      2.727     0.500    -1.230
      2.734     0.500    -1.230
      2.742     0.500    -1.230
      2.749     0.500    -1.230
      2.757     0.500    -1.230
      2.765     0.500    -1.230
      2.773     0.500    -1.230
      2.781     0.500    -1.230
      2.789     0.500    -1.230
      2.796     0.500    -1.230
      2.804     0.500    -1.230
      2.812     0.500    -1.230
      2.820     0.499    -1.230
      2.827     0.499    -1.230
      2.835     0.499    -1.230
      2.843     0.499    -1.230
      2.851     0.499    -1.230
      2.859     0.498    -1.230
      2.867     0.498    -1.230
      2.875     0.498    -1.230
      2.883     0.497    -1.230
      2.891     0.497    -1.230
      2.899     0.497    -1.230
      2.907     0.496    -1.230
      2.915     0.496    -1.230
      2.922     0.496    -1.230
      2.930     0.495    -1.230
      2.938     0.495    -1.230
      2.945     0.494    -1.230
      2.952     0.494    -1.230
      2.959     0.493    -1.230
      2.967     0.493    -1.230
      2.974     0.492    -1.230
      2.982     0.492    -1.230
      2.990     0.491    -1.229
      2.997     0.491    -1.229
      3.005     0.490    -1.229
      3.013     0.489    -1.229
      3.021     0.489    -1.229
      3.029     0.488    -1.229
      3.036     0.487    -1.229
      3.044     0.487    -1.229
      3.051     0.486    -1.229
      3.058     0.485    -1.229
      3.065     0.485    -1.229
      3.072     0.484    -1.229
      3.080     0.483    -1.229
      3.087     0.482    -1.229
      3.094     0.482    -1.229
      3.101     0.481    -1.229
      3.109     0.480    -1.229
      3.116     0.479    -1.229
      3.123     0.479    -1.229
      3.129     0.478    -1.229
      3.136     0.477    -1.229
      3.143     0.476    -1.229
      3.150     0.475    -1.229
      3.157     0.474    -1.228
      3.164     0.474    -1.228
      3.171     0.473    -1.228
      3.178     0.472    -1.228
      3.185     0.471    -1.228
      3.193     0.470    -1.228
      3.200     0.469    -1.228
      3.208     0.468    -1.228
      3.215     0.467    -1.228
      3.223     0.466    -1.228
      3.231     0.465    -1.228
      3.239     0.463    -1.228
      3.247     0.462    -1.228
      3.255     0.461    -1.228
      3.262     0.460    -1.228
      3.270     0.459    -1.228
      3.278     0.458    -1.227
      3.286     0.456    -1.227
      3.293     0.455    -1.227
      3.301     0.454    -1.227
      3.309     0.453    -1.227
      3.316     0.451    -1.227
      3.324     0.450    -1.227
      3.332     0.449    -1.227
      3.340     0.447    -1.227
      3.348     0.446    -1.227
      3.355     0.445    -1.227
      3.363     0.443    -1.227
      3.370     0.442    -1.227
      3.378     0.441    -1.226
      3.386     0.439    -1.226
      3.394     0.438    -1.226
      3.401     0.436    -1.226
      3.409     0.435    -1.226
      3.417     0.433    -1.226
      3.425     0.432    -1.226
      3.433     0.430    -1.226
      3.440     0.429    -1.226
      3.448     0.427    -1.226
      3.456     0.426    -1.226
      3.464     0.424    -1.225
      3.471     0.423    -1.225
      3.479     0.421    -1.225
      3.487     0.420    -1.225
      3.494     0.418    -1.225
      3.502     0.416    -1.225
      3.509     0.415    -1.225
      3.517     0.413    -1.225
      3.525     0.412    -1.225
      3.533     0.410    -1.224
      3.540     0.408    -1.224
      3.548     0.407    -1.224
      3.556     0.405    -1.224
      3.564     0.403    -1.224
      3.571     0.401    -1.224
      3.579     0.400    -1.224
      3.587     0.398    -1.224
      3.595     0.396    -1.223
      3.602     0.394    -1.223
      3.610     0.393    -1.223
      3.617     0.391    -1.223
      3.624     0.389    -1.223
      3.631     0.388    -1.223
      3.638     0.386    -1.223
      3.645     0.384    -1.222
      3.652     0.383    -1.222
      3.660     0.381    -1.222
      3.668     0.379    -1.222
      3.676     0.377    -1.222
      3.683     0.375    -1.222
      3.691     0.373    -1.222
      3.698     0.372    -1.221
      3.706     0.370    -1.221
      3.713     0.368    -1.221
      3.721     0.366    -1.221
      3.729     0.364    -1.221
      3.736     0.362    -1.221
      3.744     0.360    -1.220
      3.752     0.358    -1.220
      3.759     0.356    -1.220
      3.767     0.354    -1.220
      3.775     0.352    -1.220
      3.782     0.350    -1.219
      3.790     0.348    -1.219
      3.798     0.346    -1.219
      3.805     0.344    -1.219
      3.813     0.342    -1.219
      3.821     0.340    -1.218
      3.828     0.338    -1.218
      3.835     0.336    -1.218
      3.842     0.334    -1.218
      3.849     0.333    -1.218
      3.856     0.331    -1.217
      3.863     0.329    -1.217
      3.870     0.327    -1.217
      3.878     0.325    -1.217
      3.886     0.323    -1.217
      3.893     0.321    -1.216
      3.901     0.318    -1.216
      3.909     0.316    -1.216
      3.916     0.314    -1.216
      3.924     0.312    -1.215
      3.931     0.310    -1.215
      3.938     0.308    -1.215
      3.945     0.306    -1.215
      3.952     0.304    -1.214
      3.959     0.302    -1.214
      3.966     0.300    -1.214
      3.973     0.298    -1.214
      3.980     0.296    -1.213
      3.987     0.294    -1.213
      3.994     0.292    -1.213
      4.001     0.290    -1.213
      4.008     0.288    -1.212
      4.014     0.286    -1.212
      4.021     0.284    -1.212
      4.027     0.282    -1.212
      4.034     0.281    -1.211
      4.041     0.279    -1.211
      4.048     0.276    -1.211
      4.056     0.274    -1.210
      4.063     0.272    -1.210
      4.071     0.270    -1.210
      4.078     0.268    -1.209
      4.086     0.265    -1.209
      4.093     0.263    -1.209
      4.101     0.261    -1.209
      4.108     0.259    -1.208
      4.116     0.256    -1.208
      4.123     0.254    -1.208
      4.131     0.252    -1.207
      4.138     0.250    -1.207
      4.146     0.247    -1.206
      4.154     0.245    -1.206
      4.161     0.243    -1.206
      4.169     0.240    -1.205
      4.176     0.238    -1.205
      4.184     0.236    -1.205
      4.191     0.234    -1.204
      4.199     0.231    -1.204
      4.207     0.229    -1.203
      4.214     0.227    -1.203
      4.221     0.225    -1.203
      4.228     0.222    -1.202
      4.235     0.220    -1.202
      4.242     0.218    -1.202
      4.249     0.216    -1.201
      4.256     0.214    -1.201
      4.263     0.212    -1.200
      4.271     0.209    -1.200
      4.278     0.207    -1.200
      4.286     0.204    -1.199
      4.294     0.202    -1.199
      4.301     0.200    -1.198
      4.309     0.197    -1.198
      4.316     0.195    -1.197
      4.322     0.193    -1.197
      4.329     0.191    -1.197
      4.336     0.189    -1.196
      4.343     0.187    -1.196
      4.350     0.184    -1.195
      4.357     0.182    -1.195
      4.364     0.180    -1.195
      4.371     0.178    -1.194
      4.378     0.176    -1.194
      4.385     0.174    -1.193
      4.392     0.171    -1.193
      4.398     0.169    -1.192
      4.405     0.167    -1.192
      4.411     0.165    -1.192
      4.418     0.163    -1.191
      4.424     0.161    -1.191
      4.432     0.159    -1.190
      4.439     0.156    -1.190
      4.447     0.154    -1.189
      4.454     0.152    -1.189
      4.462     0.149    -1.188
      4.469     0.147    -1.187
      4.477     0.145    -1.187
      4.484     0.142    -1.186
      4.491     0.140    -1.186
      4.498     0.138    -1.185
      4.505     0.136    -1.185
      4.512     0.134    -1.184
      4.518     0.131    -1.184
      4.525     0.129    -1.183
      4.532     0.127    -1.183
      4.539     0.125    -1.182
      4.546     0.123    -1.182
      4.553     0.120    -1.181
      4.560     0.118    -1.181
      4.566     0.116    -1.180
      4.573     0.114    -1.180
      4.579     0.112    -1.179
      4.586     0.110    -1.179
      4.592     0.108    -1.178
      4.599     0.106    -1.177
      4.606     0.103    -1.177
      4.613     0.101    -1.176
      4.620     0.099    -1.176
      4.627     0.097    -1.175
      4.634     0.095    -1.175
      4.640     0.093    -1.174
      4.647     0.091    -1.173
      4.653     0.089    -1.173
      4.660     0.086    -1.172
      4.666     0.084    -1.172
      4.674     0.082    -1.171
      4.681     0.080    -1.170
      4.688     0.078    -1.170
      4.695     0.075    -1.169
      4.703     0.073    -1.169
      4.710     0.071    -1.168
      4.717     0.068    -1.167
      4.724     0.066    -1.167
      4.731     0.064    -1.166
      4.738     0.062    -1.165
      4.745     0.060    -1.165
      4.752     0.057    -1.164
      4.758     0.055    -1.163
      4.765     0.053    -1.163
      4.772     0.051    -1.162
      4.780     0.049    -1.161
      4.787     0.046    -1.161
      4.795     0.044    -1.160
      4.802     0.042    -1.159
      4.810     0.039    -1.158
      4.817     0.037    -1.157
      4.825     0.034    -1.157
      4.832     0.032    -1.156
      4.840     0.030    -1.155
      4.847     0.027    -1.154
      4.854     0.025    -1.153
      4.862     0.023    -1.153
      4.869     0.020    -1.152
      4.877     0.018    -1.151
      4.884     0.016    -1.150
      4.892     0.013    -1.149
      4.899     0.011    -1.148
      4.907     0.009    -1.148
      4.914     0.006    -1.147
      4.921     0.004    -1.146
      4.929     0.001    -1.145
      4.936    -0.001    -1.144
      4.943    -0.003    -1.143
      4.951    -0.006    -1.142
      4.958    -0.008    -1.141
      4.966    -0.010    -1.140
      4.973    -0.013    -1.139
      4.981    -0.015    -1.138
      4.988    -0.017    -1.138
      4.996    -0.020    -1.137
      5.003    -0.022    -1.136
      5.011    -0.025    -1.135
      5.018    -0.027    -1.134
      5.026    -0.029    -1.133
      5.033    -0.032    -1.132
      5.041    -0.034    -1.131
      5.048    -0.036    -1.130
      5.055    -0.039    -1.129
      5.063    -0.041    -1.128
      5.070    -0.043    -1.127
      5.078    -0.046    -1.125
      5.085    -0.048    -1.124
      5.093    -0.051    -1.123
      5.100    -0.053    -1.122
      5.108    -0.055    -1.121
      5.115    -0.058    -1.120
      5.122    -0.060    -1.119
      5.130    -0.062    -1.118
      5.137    -0.065    -1.117
      5.145    -0.067    -1.116
      5.152    -0.070    -1.115
      5.160    -0.072    -1.113
      5.167    -0.074    -1.112
      5.174    -0.076    -1.111
      5.181    -0.079    -1.110
      5.188    -0.081    -1.109
      5.195    -0.083    -1.108
      5.202    -0.085    -1.107
      5.208    -0.087    -1.106
      5.216    -0.090    -1.105
      5.223    -0.092    -1.103
      5.231    -0.094    -1.102
      5.238    -0.097    -1.101
      5.246    -0.099    -1.100
      5.253    -0.102    -1.099
      5.260    -0.104    -1.097
      5.268    -0.106    -1.096
      5.275    -0.109    -1.095
      5.282    -0.111    -1.094
      5.290    -0.113    -1.093
      5.297    -0.116    -1.091
      5.305    -0.118    -1.090
      5.312    -0.120    -1.089
      5.320    -0.123    -1.087
      5.327    -0.125    -1.086
      5.334    -0.128    -1.085
      5.342    -0.130    -1.084
      5.349    -0.132    -1.082
      5.357    -0.135    -1.081
      5.364    -0.137    -1.080
      5.372    -0.139    -1.078
      5.379    -0.142    -1.077
      5.386    -0.144    -1.076
      5.393    -0.146    -1.075
      5.400    -0.148    -1.073
      5.406    -0.150    -1.072
      5.413    -0.153    -1.071
      5.420    -0.155    -1.070
      5.427    -0.157    -1.068
      5.435    -0.160    -1.067
      5.442    -0.162    -1.066
      5.450    -0.164    -1.064
      5.457    -0.167    -1.063
      5.465    -0.169    -1.061
      5.472    -0.171    -1.060
      5.479    -0.174    -1.059
      5.486    -0.176    -1.057
      5.492    -0.178    -1.056
      5.499    -0.180    -1.055
      5.506    -0.182    -1.054
      5.513    -0.185    -1.052
      5.520    -0.187    -1.051
      5.526    -0.189    -1.050
      5.533    -0.191    -1.048
      5.540    -0.193    -1.047
      5.547    -0.195    -1.046
      5.554    -0.198    -1.044
      5.560    -0.200    -1.043
      5.566    -0.202    -1.042
      5.573    -0.204    -1.041
      5.579    -0.206    -1.039
      5.586    -0.208    -1.038
      5.593    -0.210    -1.037
      5.600    -0.213    -1.035
      5.608    -0.215    -1.034
      5.615    -0.217    -1.032
      5.623    -0.220    -1.031
      5.630    -0.222    -1.029
      5.637    -0.224    -1.028
      5.644    -0.227    -1.026
      5.652    -0.229    -1.025
      5.659    -0.231    -1.023
      5.666    -0.234    -1.022
      5.674    -0.236    -1.020
      5.681    -0.239    -1.019
      5.689    -0.241    -1.017
      5.696    -0.243    -1.015
      5.703    -0.246    -1.014
      5.711    -0.248    -1.012
      5.718    -0.251    -1.011
      5.726    -0.253    -1.009
      5.733    -0.255    -1.008
      5.740    -0.258    -1.006
      5.748    -0.260    -1.005
      5.755    -0.263    -1.003
      5.762    -0.265    -1.002
      5.769    -0.267    -1.000
      5.775    -0.269    -0.999
      5.782    -0.271    -0.997
      5.789    -0.274    -0.996
      5.796    -0.276    -0.994
      5.803    -0.278    -0.993
      5.811    -0.281    -0.991
      5.818    -0.283    -0.990
      5.825    -0.285    -0.988
      5.833    -0.288    -0.986
      5.840    -0.290    -0.985
      5.847    -0.293    -0.983
      5.854    -0.295    -0.982
      5.861    -0.297    -0.980
      5.868    -0.299    -0.979
      5.874    -0.301    -0.977
      5.881    -0.304    -0.976
      5.888    -0.306    -0.974
      5.895    -0.308    -0.973
      5.901    -0.310    -0.971
      5.908    -0.312    -0.970
      5.915    -0.315    -0.968
      5.922    -0.317    -0.967
      5.928    -0.319    -0.965
      5.935    -0.321    -0.964
      5.941    -0.323    -0.962
      5.947    -0.325    -0.961
      5.954    -0.328    -0.959
      5.960    -0.330    -0.958
      5.968    -0.332    -0.956
      5.975    -0.335    -0.955
      5.982    -0.337    -0.953
      5.990    -0.339    -0.951
      5.997    -0.342    -0.950
      6.004    -0.344    -0.948
      6.012    -0.347    -0.946
      6.018    -0.349    -0.945
      6.025    -0.351    -0.943
      6.032    -0.353    -0.942
      6.039    -0.356    -0.940
      6.045    -0.358    -0.939
      6.052    -0.360    -0.937
      6.059    -0.362    -0.936
      6.065    -0.365    -0.934
      6.072    -0.367    -0.933
      6.079    -0.369    -0.931
      6.086    -0.371    -0.929
      6.092    -0.374    -0.928
      6.099    -0.376    -0.926
      6.105    -0.378    -0.925
      6.111    -0.380    -0.924
      6.118    -0.382    -0.922
      6.124    -0.384    -0.921
      6.131    -0.387    -0.919
      6.138    -0.389    -0.917
      6.144    -0.391    -0.916
      6.151    -0.393    -0.914
      6.158    -0.396    -0.913
      6.164    -0.398    -0.911
      6.171    -0.400    -0.910
      6.177    -0.402    -0.908
      6.183    -0.404    -0.907
      6.190    -0.407    -0.905
      6.196    -0.409    -0.904
      6.203    -0.411    -0.902
      6.210    -0.414    -0.901
      6.217    -0.416    -0.899
      6.224    -0.418    -0.897
      6.231    -0.421    -0.896
      6.238    -0.423    -0.894
      6.246    -0.426    -0.893
      6.253    -0.428    -0.891
      6.260    -0.430    -0.889
      6.267    -0.433    -0.887
      6.275    -0.435    -0.886
      6.282    -0.438    -0.884
      6.289    -0.440    -0.882
      6.296    -0.443    -0.881
      6.304    -0.445    -0.879
      6.311    -0.448    -0.877
      6.318    -0.450    -0.876
      6.325    -0.453    -0.874
      6.333    -0.455    -0.872
      6.340    -0.458    -0.871
      6.347    -0.460    -0.869
      6.354    -0.463    -0.867
      6.362    -0.465    -0.866
      6.369    -0.468    -0.864
      6.376    -0.470    -0.862
      6.384    -0.473    -0.861
      6.391    -0.475    -0.859
      6.398    -0.478    -0.857
      6.406    -0.480    -0.856
      6.413    -0.483    -0.854
      6.420    -0.485    -0.852
      6.427    -0.488    -0.851
      6.434    -0.490    -0.849
      6.441    -0.492    -0.848
      6.447    -0.495    -0.846
      6.454    -0.497    -0.845
      6.461    -0.499    -0.843
      6.468    -0.502    -0.842
      6.475    -0.504    -0.840
      6.483    -0.507    -0.838
      6.490    -0.509    -0.837
      6.497    -0.512    -0.835
      6.505    -0.514    -0.833
      6.512    -0.517    -0.832
      6.519    -0.519    -0.830
      6.526    -0.521    -0.829
      6.532    -0.524    -0.827
      6.539    -0.526    -0.826
      6.546    -0.528    -0.824
      6.552    -0.530    -0.823
      6.559    -0.533    -0.821
      6.566    -0.535    -0.820
      6.573    -0.537    -0.818
      6.579    -0.540    -0.817
      6.586    -0.542    -0.815
      6.593    -0.544    -0.814
      6.599    -0.546    -0.813
      6.606    -0.549    -0.811
      6.612    -0.551    -0.810
      6.618    -0.553    -0.809
      6.625    -0.555    -0.807
      6.632    -0.557    -0.806
      6.639    -0.560    -0.804
      6.647    -0.562    -0.802
      6.654    -0.565    -0.801
      6.661    -0.567    -0.799
      6.669    -0.570    -0.798
      6.676    -0.572    -0.796
      6.683    -0.575    -0.795
      6.690    -0.577    -0.793
      6.696    -0.579    -0.792
      6.703    -0.581    -0.791
      6.710    -0.584    -0.789
      6.717    -0.586    -0.788
      6.723    -0.588    -0.786
      6.730    -0.590    -0.785
      6.737    -0.593    -0.784
      6.744    -0.595    -0.782
      6.750    -0.597    -0.781
      6.757    -0.599    -0.779
      6.764    -0.601    -0.778
      6.770    -0.603    -0.777
      6.776    -0.606    -0.775
      6.783    -0.608    -0.774
      6.789    -0.610    -0.773
      6.796    -0.612    -0.772
      6.803    -0.614    -0.770
      6.810    -0.616    -0.769
      6.816    -0.619    -0.767
      6.823    -0.621    -0.766
      6.830    -0.623    -0.765
      6.836    -0.625    -0.763
      6.843    -0.627    -0.762
      6.849    -0.629    -0.761
      6.856    -0.631    -0.760
      6.862    -0.633    -0.758
      6.869    -0.635    -0.757
      6.876    -0.638    -0.756
      6.883    -0.640    -0.754
      6.891    -0.642    -0.753
      6.898    -0.644    -0.752
      6.905    -0.647    -0.750
      6.912    -0.649    -0.749
      6.919    -0.651    -0.747
      6.927    -0.654    -0.746
      6.934    -0.656    -0.745
      6.942    -0.658    -0.743
      6.949    -0.660    -0.742
      6.957    -0.663    -0.741
      6.964    -0.665    -0.739
      6.971    -0.667    -0.738
      6.978    -0.669    -0.737
      6.985    -0.671    -0.735
      6.992    -0.673    -0.734
      6.999    -0.676    -0.733
      7.006    -0.678    -0.732
      7.013    -0.680    -0.730
      7.019    -0.682    -0.729
      7.026    -0.684    -0.728
      7.033    -0.686    -0.727
      7.040    -0.688    -0.725
      7.047    -0.690    -0.724
      7.054    -0.692    -0.723
      7.060    -0.694    -0.722
      7.067    -0.695    -0.721
      7.073    -0.697    -0.720
      7.080    -0.699    -0.719
      7.086    -0.701    -0.717
      7.093    -0.703    -0.716
      7.100    -0.705    -0.715
      7.107    -0.707    -0.714
      7.114    -0.709    -0.713
      7.121    -0.711    -0.712
      7.128    -0.713    -0.710
      7.134    -0.714    -0.709
      7.141    -0.716    -0.708
      7.147    -0.718    -0.707
      7.154    -0.720    -0.706
      7.160    -0.722    -0.705
      7.168    -0.724    -0.704
      7.175    -0.726    -0.703
      7.182    -0.727    -0.702
      7.189    -0.729    -0.700
      7.197    -0.731    -0.699
      7.204    -0.733    -0.698
      7.211    -0.735    -0.697
      7.219    -0.737    -0.696
      7.226    -0.739    -0.695
      7.233    -0.741    -0.694
      7.240    -0.742    -0.692
      7.247    -0.744    -0.691
      7.253    -0.746    -0.690
      7.260    -0.748    -0.689
      7.267    -0.749    -0.688
      7.274    -0.751    -0.687
      7.280    -0.753    -0.686
      7.287    -0.754    -0.685
      7.293    -0.756    -0.684
      7.301    -0.758    -0.683
      7.308    -0.759    -0.682
      7.315    -0.761    -0.681
      7.323    -0.763    -0.680
      7.330    -0.765    -0.679
      7.337    -0.766    -0.678
      7.345    -0.768    -0.677
      7.352    -0.770    -0.676
      7.360    -0.771    -0.675
      7.367    -0.773    -0.674
      7.374    -0.775    -0.673
      7.382    -0.776    -0.672
      7.389    -0.778    -0.671
      7.397    -0.780    -0.670
      7.404    -0.781    -0.669
      7.411    -0.783    -0.668
      7.419    -0.784    -0.666
      7.427    -0.786    -0.665
      7.435    -0.788    -0.664
      7.442    -0.789    -0.663
      7.450    -0.791    -0.662
      7.458    -0.793    -0.661
