Count of Points:889

WCS coordinates of Points:
      7.494    -0.300    -0.890
      7.486    -0.298    -0.891
      7.478    -0.297    -0.892
      7.470    -0.295    -0.893
      7.462    -0.293    -0.894
      7.454    -0.291    -0.896
      7.446    -0.289    -0.897
      7.438    -0.287    -0.898
      7.431    -0.285    -0.899
      7.424    -0.283    -0.900
      7.416    -0.282    -0.901
      7.409    -0.280    -0.902
      7.402    -0.278    -0.903
      7.395    -0.276    -0.904
      7.387    -0.274    -0.905
      7.380    -0.272    -0.906
      7.373    -0.271    -0.907
      7.366    -0.269    -0.908
      7.358    -0.267    -0.910
      7.351    -0.265    -0.911
      7.344    -0.263    -0.912
      7.338    -0.261    -0.913
      7.331    -0.259    -0.914
      7.324    -0.258    -0.915
      7.317    -0.256    -0.916
      7.310    -0.254    -0.917
      7.303    -0.252    -0.919
      7.295    -0.250    -0.920
      7.288    -0.248    -0.921
      7.281    -0.246    -0.922
      7.274    -0.244    -0.923
      7.267    -0.242    -0.925
      7.260    -0.240    -0.926
      7.254    -0.238    -0.927
      7.247    -0.236    -0.928
      7.240    -0.235    -0.929
      7.233    -0.233    -0.931
      7.226    -0.231    -0.932
      7.220    -0.229    -0.933
      7.213    -0.227    -0.934
      7.206    -0.225    -0.936
      7.200    -0.223    -0.937
      7.193    -0.221    -0.938
      7.186    -0.219    -0.939
      7.180    -0.217    -0.941
      7.173    -0.215    -0.942
      7.165    -0.213    -0.943
      7.158    -0.211    -0.945
      7.151    -0.209    -0.946
      7.144    -0.207    -0.948
      7.137    -0.205    -0.949
      7.130    -0.203    -0.950
      7.123    -0.201    -0.952
      7.117    -0.199    -0.953
      7.110    -0.197    -0.955
      7.103    -0.195    -0.956
      7.097    -0.193    -0.957
      7.090    -0.191    -0.959
      7.083    -0.189    -0.960
      7.077    -0.187    -0.962
      7.070    -0.185    -0.963
      7.063    -0.183    -0.965
      7.057    -0.181    -0.966
      7.050    -0.179    -0.967
      7.044    -0.177    -0.969
      7.037    -0.175    -0.970
      7.030    -0.173    -0.972
      7.024    -0.171    -0.973
      7.017    -0.169    -0.975
      7.010    -0.167    -0.976
      7.004    -0.165    -0.978
      6.997    -0.163    -0.979
      6.991    -0.161    -0.981
      6.984    -0.159    -0.982
      6.977    -0.157    -0.984
      6.971    -0.154    -0.986
      6.964    -0.152    -0.987
      6.958    -0.150    -0.989
      6.951    -0.148    -0.990
      6.944    -0.146    -0.992
      6.938    -0.144    -0.994
      6.931    -0.142    -0.995
      6.923    -0.140    -0.997
      6.916    -0.138    -0.999
      6.909    -0.135    -1.001
      6.902    -0.133    -1.002
      6.895    -0.131    -1.004
      6.889    -0.129    -1.006
      6.882    -0.127    -1.007
      6.876    -0.125    -1.009
      6.869    -0.123    -1.011
      6.862    -0.121    -1.013
      6.856    -0.119    -1.014
      6.849    -0.117    -1.016
      6.842    -0.114    -1.018
      6.836    -0.112    -1.019
      6.829    -0.110    -1.021
      6.823    -0.108    -1.023
      6.816    -0.106    -1.025
      6.810    -0.104    -1.026
      6.803    -0.102    -1.028
      6.797    -0.100    -1.030
      6.790    -0.098    -1.032
      6.784    -0.096    -1.033
      6.777    -0.094    -1.035
      6.770    -0.092    -1.037
      6.764    -0.090    -1.039
      6.757    -0.088    -1.041
      6.751    -0.086    -1.042
      6.745    -0.084    -1.044
      6.738    -0.082    -1.046
      6.731    -0.080    -1.048
      6.725    -0.078    -1.050
      6.718    -0.076    -1.052
      6.712    -0.074    -1.053
      6.705    -0.071    -1.055
      6.698    -0.069    -1.057
      6.692    -0.067    -1.059
      6.685    -0.065    -1.061
      6.679    -0.063    -1.063
      6.672    -0.061    -1.065
      6.666    -0.059    -1.067
      6.659    -0.057    -1.068
      6.653    -0.055    -1.070
      6.646    -0.053    -1.072
      6.640    -0.051    -1.074
      6.633    -0.049    -1.076
      6.627    -0.047    -1.078
      6.620    -0.045    -1.080
      6.613    -0.043    -1.082
      6.607    -0.041    -1.084
      6.600    -0.039    -1.086
      6.594    -0.037    -1.088
      6.587    -0.035    -1.090
      6.581    -0.033    -1.092
      6.574    -0.031    -1.094
      6.567    -0.029    -1.096
      6.561    -0.027    -1.097
      6.554    -0.025    -1.099
      6.548    -0.023    -1.101
      6.540    -0.021    -1.104
      6.533    -0.019    -1.106
      6.526    -0.016    -1.108
      6.519    -0.014    -1.110
      6.512    -0.012    -1.112
      6.505    -0.010    -1.115
      6.498    -0.008    -1.117
      6.491    -0.006    -1.119
      6.484    -0.004    -1.121
      6.477    -0.002    -1.123
      6.470     0.000    -1.125
      6.463     0.002    -1.127
      6.457     0.004    -1.129
      6.450     0.006    -1.131
      6.444     0.008    -1.133
      6.437     0.010    -1.135
      6.431     0.012    -1.137
      6.424     0.014    -1.140
      6.417     0.016    -1.142
      6.411     0.018    -1.144
      6.404     0.020    -1.146
      6.398     0.022    -1.148
      6.391     0.024    -1.150
      6.385     0.025    -1.152
      6.379     0.027    -1.154
      6.372     0.029    -1.156
      6.365     0.031    -1.158
      6.359     0.033    -1.160
      6.352     0.035    -1.162
      6.346     0.037    -1.164
      6.339     0.039    -1.166
      6.333     0.040    -1.168
      6.326     0.042    -1.170
      6.320     0.044    -1.172
      6.313     0.046    -1.174
      6.307     0.048    -1.177
      6.300     0.050    -1.179
      6.294     0.052    -1.181
      6.287     0.053    -1.183
      6.281     0.055    -1.185
      6.274     0.057    -1.187
      6.267     0.059    -1.189
      6.261     0.061    -1.191
      6.254     0.063    -1.193
      6.248     0.064    -1.195
      6.241     0.066    -1.197
      6.235     0.068    -1.200
      6.228     0.070    -1.202
      6.222     0.072    -1.204
      6.215     0.073    -1.206
      6.209     0.075    -1.208
      6.202     0.077    -1.210
      6.195     0.079    -1.212
      6.189     0.081    -1.214
      6.182     0.082    -1.216
      6.176     0.084    -1.218
      6.169     0.086    -1.221
      6.163     0.088    -1.223
      6.156     0.090    -1.225
      6.149     0.091    -1.227
      6.143     0.093    -1.229
      6.136     0.095    -1.231
      6.130     0.097    -1.233
      6.123     0.098    -1.235
      6.116     0.100    -1.238
      6.108     0.102    -1.240
      6.101     0.104    -1.242
      6.094     0.106    -1.245
      6.087     0.108    -1.247
      6.080     0.110    -1.249
      6.073     0.111    -1.251
      6.067     0.113    -1.253
      6.060     0.115    -1.255
      6.054     0.117    -1.258
      6.047     0.118    -1.260
      6.041     0.120    -1.262
      6.034     0.122    -1.264
      6.028     0.123    -1.266
      6.021     0.125    -1.268
      6.015     0.127    -1.270
      6.008     0.128    -1.272
      6.001     0.130    -1.274
      5.995     0.132    -1.276
      5.988     0.133    -1.278
      5.981     0.135    -1.281
      5.975     0.137    -1.283
      5.968     0.138    -1.285
      5.962     0.140    -1.287
      5.955     0.142    -1.289
      5.948     0.143    -1.291
      5.942     0.145    -1.293
      5.935     0.147    -1.295
      5.928     0.149    -1.298
      5.920     0.150    -1.300
      5.913     0.152    -1.302
      5.906     0.154    -1.304
      5.898     0.156    -1.307
      5.892     0.157    -1.309
      5.885     0.159    -1.311
      5.879     0.161    -1.313
      5.872     0.162    -1.315
      5.865     0.164    -1.317
      5.859     0.165    -1.319
      5.852     0.167    -1.321
      5.845     0.169    -1.324
      5.837     0.171    -1.326
      5.830     0.172    -1.328
      5.823     0.174    -1.330
      5.815     0.176    -1.333
      5.808     0.178    -1.335
      5.801     0.179    -1.337
      5.793     0.181    -1.339
      5.786     0.183    -1.342
      5.779     0.184    -1.344
      5.771     0.186    -1.346
      5.764     0.188    -1.348
      5.757     0.190    -1.351
      5.750     0.191    -1.353
      5.743     0.193    -1.355
      5.736     0.194    -1.357
      5.729     0.196    -1.359
      5.722     0.198    -1.361
      5.715     0.199    -1.364
      5.707     0.201    -1.366
      5.701     0.203    -1.368
      5.694     0.204    -1.370
      5.687     0.206    -1.372
      5.681     0.207    -1.374
      5.674     0.209    -1.376
      5.667     0.210    -1.378
      5.661     0.212    -1.380
      5.654     0.213    -1.382
      5.647     0.215    -1.384
      5.641     0.216    -1.386
      5.634     0.218    -1.388
      5.628     0.219    -1.390
      5.621     0.221    -1.391
      5.614     0.222    -1.393
      5.608     0.224    -1.395
      5.601     0.225    -1.397
      5.594     0.227    -1.399
      5.588     0.228    -1.401
      5.581     0.229    -1.403
      5.574     0.231    -1.405
      5.568     0.232    -1.407
      5.561     0.234    -1.409
      5.555     0.235    -1.411
      5.548     0.237    -1.413
      5.541     0.238    -1.415
      5.534     0.240    -1.417
      5.528     0.241    -1.419
      5.521     0.243    -1.420
      5.514     0.244    -1.422
      5.507     0.246    -1.424
      5.501     0.247    -1.426
      5.494     0.248    -1.428
      5.487     0.250    -1.430
      5.481     0.251    -1.432
      5.474     0.253    -1.434
      5.467     0.254    -1.436
      5.461     0.256    -1.437
      5.454     0.257    -1.439
      5.447     0.258    -1.441
      5.441     0.260    -1.443
      5.434     0.261    -1.445
      5.427     0.263    -1.447
      5.420     0.264    -1.449
      5.414     0.266    -1.450
      5.407     0.267    -1.452
      5.400     0.268    -1.454
      5.393     0.270    -1.456
      5.387     0.271    -1.458
      5.380     0.273    -1.460
      5.373     0.274    -1.461
      5.366     0.276    -1.463
      5.359     0.277    -1.465
      5.353     0.278    -1.467
      5.345     0.280    -1.469
      5.338     0.281    -1.471
      5.330     0.283    -1.473
      5.323     0.285    -1.475
      5.315     0.286    -1.477
      5.309     0.287    -1.478
      5.302     0.289    -1.480
      5.295     0.290    -1.482
      5.288     0.292    -1.484
      5.282     0.293    -1.485
      5.275     0.294    -1.487
      5.268     0.296    -1.489
      5.262     0.297    -1.490
      5.255     0.298    -1.492
      5.248     0.300    -1.494
      5.241     0.301    -1.495
      5.234     0.303    -1.497
      5.228     0.304    -1.499
      5.221     0.305    -1.501
      5.214     0.307    -1.502
      5.207     0.308    -1.504
      5.200     0.309    -1.506
      5.194     0.311    -1.507
      5.187     0.312    -1.509
      5.180     0.313    -1.511
      5.173     0.315    -1.512
      5.166     0.316    -1.514
      5.159     0.317    -1.515
      5.152     0.319    -1.517
      5.144     0.320    -1.519
      5.137     0.322    -1.521
      5.129     0.323    -1.522
      5.122     0.325    -1.524
      5.115     0.326    -1.526
      5.108     0.328    -1.527
      5.101     0.329    -1.529
      5.094     0.330    -1.531
      5.088     0.332    -1.532
      5.081     0.333    -1.534
      5.074     0.334    -1.535
      5.066     0.336    -1.537
      5.059     0.337    -1.539
      5.051     0.339    -1.540
      5.044     0.340    -1.542
      5.036     0.341    -1.544
      5.029     0.343    -1.545
      5.021     0.344    -1.547
      5.014     0.346    -1.548
      5.006     0.347    -1.550
      4.998     0.349    -1.552
      4.991     0.350    -1.553
      4.984     0.351    -1.555
      4.976     0.353    -1.556
      4.969     0.354    -1.558
      4.962     0.356    -1.559
      4.955     0.357    -1.561
      4.948     0.358    -1.562
      4.941     0.360    -1.564
      4.934     0.361    -1.565
      4.928     0.362    -1.566
      4.921     0.363    -1.568
      4.914     0.365    -1.569
      4.907     0.366    -1.571
      4.900     0.367    -1.572
      4.893     0.368    -1.573
      4.887     0.370    -1.575
      4.880     0.371    -1.576
      4.873     0.372    -1.577
      4.866     0.374    -1.579
      4.859     0.375    -1.580
      4.852     0.376    -1.581
      4.845     0.378    -1.583
      4.838     0.379    -1.584
      4.831     0.380    -1.585
      4.824     0.381    -1.587
      4.818     0.383    -1.588
      4.811     0.384    -1.589
      4.803     0.385    -1.590
      4.795     0.387    -1.592
      4.788     0.388    -1.593
      4.780     0.390    -1.595
      4.773     0.391    -1.596
      4.766     0.392    -1.597
      4.759     0.394    -1.598
      4.752     0.395    -1.600
      4.745     0.396    -1.601
      4.738     0.398    -1.602
      4.731     0.399    -1.603
      4.724     0.400    -1.605
      4.716     0.402    -1.606
      4.709     0.403    -1.607
      4.701     0.404    -1.608
      4.694     0.406    -1.610
      4.686     0.407    -1.611
      4.678     0.409    -1.612
      4.671     0.410    -1.614
      4.663     0.411    -1.615
      4.655     0.413    -1.616
      4.648     0.414    -1.617
      4.640     0.416    -1.619
      4.633     0.417    -1.620
      4.625     0.418    -1.621
      4.618     0.420    -1.622
      4.611     0.421    -1.623
      4.604     0.422    -1.624
      4.597     0.424    -1.625
      4.590     0.425    -1.626
      4.583     0.426    -1.628
      4.576     0.428    -1.629
      4.569     0.429    -1.630
      4.561     0.430    -1.631
      4.554     0.432    -1.632
      4.546     0.433    -1.633
      4.539     0.434    -1.634
      4.531     0.436    -1.635
      4.523     0.437    -1.636
      4.516     0.439    -1.638
      4.508     0.440    -1.639
      4.500     0.442    -1.640
      4.493     0.443    -1.641
      4.485     0.444    -1.642
      4.478     0.446    -1.643
      4.470     0.447    -1.644
      4.462     0.448    -1.645
      4.455     0.450    -1.646
      4.447     0.451    -1.647
      4.439     0.453    -1.648
      4.432     0.454    -1.649
      4.424     0.455    -1.650
      4.417     0.457    -1.651
      4.409     0.458    -1.652
      4.402     0.460    -1.653
      4.394     0.461    -1.654
      4.386     0.462    -1.655
      4.379     0.464    -1.656
      4.371     0.465    -1.657
      4.363     0.467    -1.658
      4.356     0.468    -1.659
      4.348     0.469    -1.660
      4.340     0.471    -1.661
      4.333     0.472    -1.662
      4.326     0.473    -1.663
      4.319     0.475    -1.664
      4.311     0.476    -1.665
      4.304     0.477    -1.665
      4.297     0.479    -1.666
      4.290     0.480    -1.667
      4.282     0.481    -1.668
      4.274     0.483    -1.669
      4.266     0.484    -1.670
      4.258     0.486    -1.671
      4.250     0.487    -1.672
      4.242     0.489    -1.673
      4.234     0.490    -1.674
      4.226     0.491    -1.674
      4.218     0.493    -1.675
      4.210     0.494    -1.676
      4.203     0.496    -1.677
      4.195     0.497    -1.678
      4.187     0.498    -1.679
      4.179     0.500    -1.680
      4.171     0.501    -1.680
      4.163     0.503    -1.681
      4.155     0.504    -1.682
      4.148     0.506    -1.683
      4.140     0.507    -1.684
      4.132     0.508    -1.685
      4.124     0.510    -1.685
      4.116     0.511    -1.686
      4.108     0.513    -1.687
      4.100     0.514    -1.688
      4.092     0.515    -1.688
      4.084     0.517    -1.689
      4.077     0.518    -1.690
      4.069     0.520    -1.691
      4.061     0.521    -1.691
      4.053     0.522    -1.692
      4.045     0.524    -1.693
      4.037     0.525    -1.694
      4.029     0.526    -1.694
      4.021     0.528    -1.695
      4.013     0.529    -1.696
      4.005     0.530    -1.696
      3.997     0.532    -1.697
      3.989     0.533    -1.698
      3.982     0.534    -1.698
      3.974     0.536    -1.699
      3.966     0.537    -1.700
      3.958     0.538    -1.700
      3.950     0.540    -1.701
      3.942     0.541    -1.702
      3.934     0.542    -1.702
      3.926     0.544    -1.703
      3.918     0.545    -1.704
      3.910     0.546    -1.704
      3.902     0.548    -1.705
      3.894     0.549    -1.705
      3.886     0.550    -1.706
      3.878     0.552    -1.707
      3.870     0.553    -1.707
      3.862     0.554    -1.708
      3.855     0.555    -1.708
      3.848     0.556    -1.709
      3.840     0.558    -1.709
      3.833     0.559    -1.710
      3.826     0.560    -1.710
      3.818     0.561    -1.711
      3.810     0.562    -1.711
      3.802     0.564    -1.712
      3.794     0.565    -1.712
      3.786     0.566    -1.713
      3.778     0.567    -1.714
      3.770     0.569    -1.714
      3.762     0.570    -1.715
      3.754     0.571    -1.715
      3.746     0.572    -1.716
      3.738     0.573    -1.716
      3.730     0.575    -1.717
      3.722     0.576    -1.717
      3.714     0.577    -1.717
      3.706     0.578    -1.718
      3.698     0.579    -1.718
      3.690     0.581    -1.719
      3.682     0.582    -1.719
      3.674     0.583    -1.720
      3.666     0.584    -1.720
      3.658     0.585    -1.721
      3.650     0.586    -1.721
      3.642     0.587    -1.721
      3.635     0.588    -1.722
      3.627     0.589    -1.722
      3.620     0.590    -1.723
      3.612     0.591    -1.723
      3.605     0.592    -1.723
      3.598     0.593    -1.724
      3.590     0.595    -1.724
      3.582     0.596    -1.725
      3.574     0.597    -1.725
      3.565     0.598    -1.725
      3.557     0.599    -1.726
      3.549     0.600    -1.726
      3.541     0.601    -1.726
      3.534     0.602    -1.727
      3.527     0.603    -1.727
      3.519     0.604    -1.727
      3.512     0.604    -1.728
      3.504     0.605    -1.728
      3.497     0.606    -1.728
      3.490     0.607    -1.729
      3.482     0.608    -1.729
      3.475     0.609    -1.729
      3.467     0.610    -1.730
      3.460     0.611    -1.730
      3.453     0.611    -1.730
      3.446     0.612    -1.730
      3.439     0.613    -1.731
      3.432     0.614    -1.731
      3.425     0.614    -1.731
      3.418     0.615    -1.732
      3.410     0.616    -1.732
      3.402     0.617    -1.732
      3.394     0.618    -1.732
      3.386     0.619    -1.733
      3.377     0.619    -1.733
      3.370     0.620    -1.733
      3.362     0.621    -1.734
      3.354     0.622    -1.734
      3.346     0.623    -1.734
      3.338     0.623    -1.734
      3.330     0.624    -1.735
      3.322     0.625    -1.735
      3.313     0.626    -1.735
      3.305     0.626    -1.735
      3.297     0.627    -1.736
      3.289     0.628    -1.736
      3.281     0.628    -1.736
      3.273     0.629    -1.736
      3.265     0.630    -1.737
      3.257     0.630    -1.737
      3.249     0.631    -1.737
      3.241     0.632    -1.737
      3.233     0.632    -1.738
      3.225     0.633    -1.738
      3.218     0.633    -1.738
      3.210     0.634    -1.738
      3.203     0.634    -1.738
      3.195     0.635    -1.739
      3.188     0.635    -1.739
      3.180     0.636    -1.739
      3.172     0.636    -1.739
      3.164     0.637    -1.739
      3.156     0.637    -1.740
      3.147     0.638    -1.740
      3.139     0.638    -1.740
      3.131     0.638    -1.740
      3.124     0.639    -1.740
      3.116     0.639    -1.741
      3.109     0.640    -1.741
      3.101     0.640    -1.741
      3.094     0.640    -1.741
      3.087     0.641    -1.741
      3.079     0.641    -1.742
      3.072     0.641    -1.742
      3.064     0.641    -1.742
      3.057     0.642    -1.742
      3.049     0.642    -1.742
      3.042     0.642    -1.742
      3.035     0.642    -1.743
      3.028     0.643    -1.743
      3.021     0.643    -1.743
      3.014     0.643    -1.743
      3.007     0.643    -1.743
      2.999     0.643    -1.743
      2.991     0.643    -1.743
      2.982     0.644    -1.744
      2.974     0.644    -1.744
      2.966     0.644    -1.744
      2.958     0.644    -1.744
      2.950     0.644    -1.744
      2.943     0.644    -1.744
      2.935     0.644    -1.745
      2.928     0.644    -1.745
      2.920     0.644    -1.745
      2.913     0.644    -1.745
      2.905     0.644    -1.745
      2.898     0.644    -1.745
      2.890     0.644    -1.745
      2.883     0.644    -1.746
      2.876     0.644    -1.746
      2.868     0.644    -1.746
      2.861     0.644    -1.746
      2.854     0.644    -1.746
      2.847     0.643    -1.746
      2.840     0.643    -1.746
      2.833     0.643    -1.747
      2.826     0.643    -1.747
      2.818     0.643    -1.747
      2.811     0.643    -1.747
      2.803     0.642    -1.747
      2.796     0.642    -1.747
      2.788     0.642    -1.747
      2.781     0.642    -1.747
      2.774     0.641    -1.748
      2.767     0.641    -1.748
      2.760     0.641    -1.748
      2.753     0.640    -1.748
      2.746     0.640    -1.748
      2.739     0.640    -1.748
      2.732     0.639    -1.748
      2.725     0.639    -1.748
      2.718     0.639    -1.748
      2.711     0.638    -1.749
      2.704     0.638    -1.749
      2.697     0.637    -1.749
      2.690     0.637    -1.749
      2.683     0.636    -1.749
      2.676     0.636    -1.749
      2.669     0.635    -1.749
      2.661     0.635    -1.749
      2.654     0.634    -1.749
      2.647     0.634    -1.749
      2.639     0.633    -1.750
      2.632     0.633    -1.750
      2.624     0.632    -1.750
      2.616     0.631    -1.750
      2.608     0.631    -1.750
      2.600     0.630    -1.750
      2.591     0.629    -1.750
      2.583     0.628    -1.750
      2.575     0.627    -1.750
      2.567     0.627    -1.750
      2.559     0.626    -1.751
      2.551     0.625    -1.751
      2.543     0.624    -1.751
      2.535     0.623    -1.751
      2.527     0.622    -1.751
      2.519     0.621    -1.751
      2.511     0.620    -1.751
      2.503     0.619    -1.751
      2.495     0.618    -1.751
      2.487     0.617    -1.751
      2.479     0.616    -1.752
      2.471     0.615    -1.752
      2.463     0.614    -1.752
      2.456     0.613    -1.752
      2.448     0.612    -1.752
      2.440     0.611    -1.752
      2.432     0.609    -1.752
      2.424     0.608    -1.752
      2.416     0.607    -1.752
      2.408     0.606    -1.752
      2.400     0.604    -1.752
      2.392     0.603    -1.753
      2.384     0.602    -1.753
      2.376     0.600    -1.753
      2.368     0.599    -1.753
      2.360     0.598    -1.753
      2.352     0.596    -1.753
      2.344     0.595    -1.753
      2.336     0.593    -1.753
      2.328     0.592    -1.753
      2.320     0.590    -1.753
      2.312     0.589    -1.753
      2.304     0.587    -1.753
      2.296     0.586    -1.754
      2.288     0.584    -1.754
      2.280     0.582    -1.754
      2.272     0.581    -1.754
      2.264     0.579    -1.754
      2.257     0.577    -1.754
      2.249     0.576    -1.754
      2.241     0.574    -1.754
      2.233     0.572    -1.754
      2.225     0.570    -1.754
      2.217     0.569    -1.754
      2.209     0.567    -1.754
      2.202     0.565    -1.755
      2.195     0.563    -1.755
      2.187     0.562    -1.755
      2.180     0.560    -1.755
      2.173     0.558    -1.755
      2.166     0.556    -1.755
      2.158     0.554    -1.755
      2.150     0.552    -1.755
      2.142     0.550    -1.755
      2.134     0.548    -1.755
      2.126     0.546    -1.755
      2.119     0.544    -1.755
      2.111     0.542    -1.755
      2.103     0.540    -1.756
      2.096     0.538    -1.756
      2.088     0.535    -1.756
      2.080     0.533    -1.756
      2.072     0.531    -1.756
      2.064     0.529    -1.756
      2.057     0.526    -1.756
      2.049     0.524    -1.756
      2.041     0.522    -1.756
      2.033     0.519    -1.756
      2.026     0.517    -1.756
      2.018     0.514    -1.757
      2.010     0.512    -1.757
      2.002     0.509    -1.757
      1.995     0.507    -1.757
      1.987     0.504    -1.757
      1.980     0.502    -1.757
      1.973     0.500    -1.757
      1.966     0.497    -1.757
      1.959     0.495    -1.757
      1.952     0.492    -1.757
      1.945     0.490    -1.757
      1.937     0.487    -1.758
      1.929     0.485    -1.758
      1.922     0.482    -1.758
      1.914     0.479    -1.758
      1.906     0.476    -1.758
      1.899     0.473    -1.758
      1.891     0.471    -1.758
      1.884     0.468    -1.758
      1.877     0.465    -1.758
      1.870     0.463    -1.759
      1.863     0.460    -1.759
      1.856     0.457    -1.759
      1.849     0.454    -1.759
      1.843     0.452    -1.759
      1.836     0.449    -1.759
      1.829     0.446    -1.759
      1.822     0.443    -1.759
      1.815     0.440    -1.759
      1.808     0.437    -1.759
      1.802     0.435    -1.760
      1.795     0.432    -1.760
      1.789     0.429    -1.760
      1.782     0.426    -1.760
      1.776     0.424    -1.760
      1.768     0.420    -1.760
      1.761     0.417    -1.760
      1.754     0.414    -1.760
      1.746     0.410    -1.761
      1.739     0.407    -1.761
      1.732     0.403    -1.761
      1.725     0.400    -1.761
      1.717     0.397    -1.761
      1.710     0.393    -1.761
      1.703     0.390    -1.761
      1.696     0.386    -1.762
      1.688     0.382    -1.762
      1.681     0.379    -1.762
      1.674     0.375    -1.762
      1.667     0.371    -1.762
      1.659     0.368    -1.762
      1.652     0.364    -1.762
      1.645     0.360    -1.763
      1.638     0.356    -1.763
      1.631     0.353    -1.763
      1.623     0.349    -1.763
      1.616     0.345    -1.763
      1.609     0.341    -1.763
      1.603     0.337    -1.763
      1.596     0.334    -1.764
      1.590     0.330    -1.764
      1.583     0.326    -1.764
      1.577     0.322    -1.764
      1.570     0.319    -1.764
      1.563     0.315    -1.764
      1.557     0.310    -1.764
      1.550     0.306    -1.765
      1.543     0.302    -1.765
      1.536     0.298    -1.765
      1.529     0.293    -1.765
      1.522     0.289    -1.765
      1.516     0.285    -1.765
      1.509     0.281    -1.765
      1.503     0.277    -1.766
      1.497     0.273    -1.766
      1.491     0.269    -1.766
      1.484     0.265    -1.766
      1.478     0.261    -1.766
      1.472     0.256    -1.766
      1.466     0.252    -1.766
      1.460     0.248    -1.767
      1.454     0.244    -1.767
      1.448     0.239    -1.767
      1.442     0.235    -1.767
      1.436     0.231    -1.767
      1.431     0.227    -1.767
      1.425     0.223    -1.767
      1.419     0.219    -1.768
      1.413     0.214    -1.768
      1.406     0.209    -1.768
      1.400     0.204    -1.768
      1.393     0.199    -1.768
      1.387     0.194    -1.768
      1.381     0.189    -1.768
      1.374     0.184    -1.769
      1.368     0.179    -1.769
      1.363     0.175    -1.769
      1.357     0.170    -1.769
      1.351     0.165    -1.769
      1.345     0.160    -1.769
      1.340     0.156    -1.769
      1.334     0.151    -1.769
      1.328     0.146    -1.769
      1.323     0.141    -1.770
      1.317     0.136    -1.770
      1.312     0.131    -1.770
      1.306     0.126    -1.770
      1.301     0.122    -1.770
      1.296     0.117    -1.770
      1.290     0.112    -1.770
      1.285     0.107    -1.770
      1.280     0.102    -1.770
      1.275     0.097    -1.770
      1.269     0.092    -1.770
      1.264     0.087    -1.771
      1.259     0.082    -1.771
      1.253     0.077    -1.771
      1.248     0.071    -1.771
      1.243     0.066    -1.771
      1.238     0.061    -1.771
      1.233     0.056    -1.771
      1.228     0.051    -1.771
      1.224     0.046    -1.771
      1.219     0.041    -1.771
      1.214     0.036    -1.771
      1.209     0.031    -1.771
      1.204     0.026    -1.771
      1.200     0.021    -1.771
      1.195     0.016    -1.771
      1.190     0.010    -1.771
      1.186     0.005    -1.771
      1.181     0.000    -1.771
