Count of Points:874

WCS coordinates of Points:
      1.181     0.000    -0.889
      1.187     0.004    -0.889
      1.193     0.008    -0.889
      1.199     0.012    -0.889
      1.205     0.015    -0.889
      1.211     0.019    -0.889
      1.217     0.023    -0.889
      1.223     0.026    -0.889
      1.229     0.030    -0.889
      1.235     0.034    -0.889
      1.242     0.038    -0.889
      1.248     0.041    -0.889
      1.254     0.045    -0.889
      1.260     0.049    -0.889
      1.266     0.052    -0.889
      1.273     0.056    -0.889
      1.279     0.059    -0.889
      1.285     0.063    -0.889
      1.291     0.067    -0.889
      1.297     0.070    -0.889
      1.304     0.074    -0.889
      1.310     0.077    -0.889
      1.316     0.081    -0.889
      1.322     0.084    -0.889
      1.329     0.088    -0.889
      1.336     0.092    -0.889
      1.343     0.096    -0.889
      1.350     0.100    -0.889
      1.357     0.103    -0.889
      1.363     0.107    -0.889
      1.370     0.110    -0.889
      1.376     0.114    -0.889
      1.382     0.117    -0.889
      1.389     0.120    -0.889
      1.395     0.124    -0.889
      1.402     0.127    -0.889
      1.409     0.130    -0.889
      1.416     0.134    -0.889
      1.423     0.138    -0.889
      1.430     0.141    -0.889
      1.437     0.145    -0.889
      1.444     0.148    -0.889
      1.451     0.152    -0.889
      1.458     0.155    -0.889
      1.465     0.159    -0.889
      1.472     0.162    -0.889
      1.479     0.166    -0.889
      1.486     0.169    -0.889
      1.493     0.172    -0.889
      1.500     0.176    -0.889
      1.507     0.179    -0.889
      1.513     0.182    -0.889
      1.520     0.185    -0.889
      1.526     0.188    -0.889
      1.533     0.191    -0.889
      1.539     0.194    -0.889
      1.546     0.197    -0.889
      1.553     0.200    -0.889
      1.560     0.203    -0.889
      1.568     0.206    -0.889
      1.575     0.209    -0.889
      1.582     0.213    -0.889
      1.589     0.216    -0.889
      1.597     0.219    -0.889
      1.604     0.222    -0.889
      1.611     0.225    -0.889
      1.618     0.228    -0.889
      1.626     0.231    -0.889
      1.633     0.234    -0.889
      1.640     0.237    -0.889
      1.647     0.240    -0.889
      1.654     0.243    -0.889
      1.662     0.246    -0.889
      1.669     0.249    -0.889
      1.677     0.252    -0.889
      1.684     0.254    -0.889
      1.691     0.257    -0.889
      1.698     0.260    -0.889
      1.706     0.263    -0.889
      1.713     0.266    -0.889
      1.720     0.268    -0.889
      1.728     0.271    -0.889
      1.735     0.274    -0.889
      1.743     0.277    -0.889
      1.750     0.279    -0.889
      1.757     0.282    -0.889
      1.765     0.285    -0.889
      1.772     0.287    -0.889
      1.778     0.289    -0.889
      1.785     0.292    -0.889
      1.792     0.294    -0.889
      1.799     0.297    -0.889
      1.806     0.299    -0.889
      1.812     0.301    -0.889
      1.820     0.304    -0.889
      1.827     0.306    -0.889
      1.835     0.309    -0.889
      1.842     0.311    -0.889
      1.850     0.314    -0.889
      1.857     0.316    -0.889
      1.865     0.318    -0.889
      1.873     0.321    -0.889
      1.880     0.323    -0.889
      1.888     0.325    -0.889
      1.895     0.328    -0.889
      1.903     0.330    -0.889
      1.910     0.332    -0.889
      1.917     0.334    -0.889
      1.925     0.337    -0.889
      1.933     0.339    -0.889
      1.940     0.341    -0.889
      1.948     0.343    -0.889
      1.955     0.345    -0.889
      1.963     0.347    -0.889
      1.970     0.349    -0.889
      1.978     0.351    -0.889
      1.985     0.353    -0.889
      1.993     0.356    -0.889
      2.001     0.358    -0.889
      2.008     0.360    -0.889
      2.016     0.362    -0.889
      2.024     0.363    -0.889
      2.031     0.365    -0.889
      2.039     0.367    -0.889
      2.047     0.369    -0.889
      2.054     0.371    -0.889
      2.062     0.373    -0.889
      2.070     0.375    -0.889
      2.077     0.377    -0.889
      2.085     0.378    -0.889
      2.093     0.380    -0.889
      2.100     0.382    -0.889
      2.108     0.383    -0.889
      2.115     0.385    -0.889
      2.123     0.387    -0.889
      2.131     0.388    -0.889
      2.139     0.390    -0.889
      2.146     0.392    -0.889
      2.154     0.393    -0.889
      2.162     0.395    -0.889
      2.170     0.396    -0.889
      2.178     0.398    -0.889
      2.185     0.399    -0.889
      2.193     0.401    -0.889
      2.201     0.402    -0.889
      2.209     0.404    -0.889
      2.216     0.405    -0.888
      2.224     0.406    -0.888
      2.231     0.408    -0.888
      2.238     0.409    -0.888
      2.245     0.410    -0.888
      2.252     0.411    -0.888
      2.259     0.412    -0.888
      2.266     0.414    -0.888
      2.274     0.415    -0.888
      2.281     0.416    -0.888
      2.288     0.417    -0.888
      2.295     0.418    -0.888
      2.302     0.419    -0.888
      2.309     0.420    -0.888
      2.317     0.421    -0.888
      2.325     0.422    -0.888
      2.333     0.423    -0.888
      2.340     0.424    -0.888
      2.348     0.425    -0.888
      2.356     0.426    -0.888
      2.364     0.427    -0.888
      2.372     0.428    -0.888
      2.380     0.429    -0.888
      2.387     0.430    -0.888
      2.395     0.431    -0.888
      2.403     0.432    -0.888
      2.411     0.433    -0.888
      2.418     0.433    -0.888
      2.426     0.434    -0.888
      2.434     0.435    -0.888
      2.442     0.436    -0.888
      2.450     0.436    -0.888
      2.458     0.437    -0.888
      2.465     0.438    -0.888
      2.473     0.438    -0.888
      2.481     0.439    -0.888
      2.489     0.440    -0.888
      2.497     0.440    -0.888
      2.504     0.441    -0.888
      2.512     0.441    -0.888
      2.520     0.442    -0.888
      2.528     0.442    -0.888
      2.536     0.443    -0.888
      2.544     0.443    -0.888
      2.552     0.444    -0.888
      2.560     0.444    -0.888
      2.568     0.445    -0.888
      2.576     0.445    -0.888
      2.583     0.445    -0.888
      2.591     0.446    -0.888
      2.599     0.446    -0.888
      2.607     0.446    -0.888
      2.615     0.446    -0.888
      2.622     0.447    -0.888
      2.630     0.447    -0.888
      2.638     0.447    -0.888
      2.646     0.447    -0.888
      2.654     0.447    -0.888
      2.662     0.447    -0.888
      2.670     0.447    -0.888
      2.678     0.447    -0.888
      2.686     0.448    -0.888
      2.694     0.448    -0.888
      2.702     0.448    -0.888
      2.709     0.448    -0.888
      2.717     0.447    -0.888
      2.725     0.447    -0.888
      2.733     0.447    -0.888
      2.740     0.447    -0.888
      2.747     0.447    -0.888
      2.754     0.447    -0.888
      2.762     0.447    -0.888
      2.769     0.447    -0.888
      2.777     0.446    -0.888
      2.785     0.446    -0.888
      2.793     0.446    -0.888
      2.800     0.446    -0.888
      2.808     0.445    -0.888
      2.816     0.445    -0.888
      2.824     0.445    -0.888
      2.832     0.444    -0.888
      2.839     0.444    -0.888
      2.847     0.443    -0.888
      2.855     0.443    -0.888
      2.863     0.443    -0.888
      2.871     0.442    -0.888
      2.879     0.442    -0.888
      2.887     0.441    -0.888
      2.895     0.441    -0.888
      2.903     0.440    -0.888
      2.911     0.439    -0.888
      2.918     0.439    -0.888
      2.926     0.438    -0.888
      2.934     0.438    -0.888
      2.942     0.437    -0.888
      2.950     0.436    -0.888
      2.957     0.436    -0.888
      2.965     0.435    -0.888
      2.972     0.434    -0.888
      2.979     0.433    -0.888
      2.986     0.433    -0.888
      2.993     0.432    -0.888
      3.001     0.431    -0.888
      3.009     0.430    -0.888
      3.017     0.429    -0.888
      3.025     0.429    -0.888
      3.033     0.428    -0.888
      3.041     0.427    -0.888
      3.049     0.426    -0.888
      3.056     0.425    -0.888
      3.063     0.424    -0.888
      3.070     0.423    -0.888
      3.077     0.422    -0.887
      3.085     0.421    -0.887
      3.092     0.420    -0.887
      3.099     0.419    -0.887
      3.106     0.418    -0.887
      3.113     0.417    -0.887
      3.121     0.416    -0.887
      3.128     0.415    -0.887
      3.135     0.414    -0.887
      3.142     0.413    -0.887
      3.149     0.412    -0.887
      3.155     0.411    -0.887
      3.162     0.410    -0.887
      3.169     0.409    -0.887
      3.176     0.408    -0.887
      3.183     0.407    -0.887
      3.190     0.405    -0.887
      3.197     0.404    -0.887
      3.204     0.403    -0.887
      3.211     0.402    -0.887
      3.218     0.401    -0.887
      3.226     0.399    -0.887
      3.234     0.398    -0.887
      3.242     0.396    -0.887
      3.249     0.395    -0.887
      3.257     0.393    -0.887
      3.265     0.392    -0.887
      3.273     0.391    -0.887
      3.280     0.389    -0.887
      3.288     0.387    -0.887
      3.296     0.386    -0.887
      3.304     0.384    -0.887
      3.311     0.383    -0.887
      3.319     0.381    -0.887
      3.326     0.380    -0.887
      3.334     0.378    -0.887
      3.342     0.377    -0.887
      3.350     0.375    -0.887
      3.357     0.373    -0.887
      3.365     0.372    -0.887
      3.373     0.370    -0.887
      3.380     0.368    -0.886
      3.388     0.366    -0.886
      3.395     0.365    -0.886
      3.403     0.363    -0.886
      3.411     0.361    -0.886
      3.418     0.359    -0.886
      3.426     0.358    -0.886
      3.434     0.356    -0.886
      3.441     0.354    -0.886
      3.449     0.352    -0.886
      3.457     0.350    -0.886
      3.465     0.348    -0.886
      3.472     0.346    -0.886
      3.480     0.344    -0.886
      3.488     0.343    -0.886
      3.495     0.341    -0.886
      3.503     0.339    -0.886
      3.510     0.337    -0.886
      3.518     0.335    -0.886
      3.525     0.333    -0.886
      3.533     0.331    -0.886
      3.541     0.329    -0.886
      3.548     0.327    -0.886
      3.556     0.325    -0.886
      3.564     0.323    -0.885
      3.571     0.320    -0.885
      3.579     0.318    -0.885
      3.586     0.316    -0.885
      3.594     0.314    -0.885
      3.602     0.312    -0.885
      3.609     0.310    -0.885
      3.617     0.308    -0.885
      3.625     0.305    -0.885
      3.632     0.303    -0.885
      3.639     0.301    -0.885
      3.645     0.299    -0.885
      3.652     0.297    -0.885
      3.659     0.295    -0.885
      3.666     0.293    -0.885
      3.674     0.291    -0.885
      3.682     0.289    -0.885
      3.689     0.286    -0.884
      3.697     0.284    -0.884
      3.704     0.282    -0.884
      3.712     0.280    -0.884
      3.719     0.277    -0.884
      3.727     0.275    -0.884
      3.734     0.273    -0.884
      3.742     0.270    -0.884
      3.749     0.268    -0.884
      3.757     0.266    -0.884
      3.764     0.263    -0.884
      3.772     0.261    -0.884
      3.779     0.258    -0.884
      3.787     0.256    -0.883
      3.794     0.253    -0.883
      3.802     0.251    -0.883
      3.809     0.248    -0.883
      3.817     0.246    -0.883
      3.825     0.243    -0.883
      3.832     0.241    -0.883
      3.840     0.238    -0.883
      3.846     0.236    -0.883
      3.853     0.234    -0.883
      3.860     0.232    -0.883
      3.867     0.229    -0.882
      3.874     0.227    -0.882
      3.881     0.225    -0.882
      3.888     0.222    -0.882
      3.896     0.219    -0.882
      3.903     0.217    -0.882
      3.911     0.214    -0.882
      3.918     0.212    -0.882
      3.926     0.209    -0.882
      3.933     0.206    -0.881
      3.940     0.204    -0.881
      3.947     0.201    -0.881
      3.954     0.199    -0.881
      3.961     0.197    -0.881
      3.968     0.194    -0.881
      3.974     0.192    -0.881
      3.981     0.189    -0.881
      3.988     0.187    -0.881
      3.995     0.184    -0.880
      4.002     0.182    -0.880
      4.009     0.179    -0.880
      4.015     0.177    -0.880
      4.022     0.175    -0.880
      4.028     0.172    -0.880
      4.035     0.170    -0.880
      4.041     0.167    -0.880
      4.047     0.165    -0.880
      4.055     0.162    -0.879
      4.062     0.160    -0.879
      4.070     0.157    -0.879
      4.077     0.154    -0.879
      4.085     0.151    -0.879
      4.092     0.148    -0.879
      4.099     0.146    -0.879
      4.106     0.143    -0.878
      4.114     0.140    -0.878
      4.121     0.137    -0.878
      4.128     0.135    -0.878
      4.136     0.132    -0.878
      4.143     0.129    -0.878
      4.150     0.126    -0.877
      4.158     0.123    -0.877
      4.165     0.120    -0.877
      4.173     0.118    -0.877
      4.180     0.115    -0.877
      4.187     0.112    -0.877
      4.195     0.109    -0.876
      4.202     0.106    -0.876
      4.209     0.103    -0.876
      4.217     0.100    -0.876
      4.224     0.098    -0.876
      4.230     0.095    -0.876
      4.237     0.092    -0.875
      4.244     0.090    -0.875
      4.250     0.087    -0.875
      4.257     0.084    -0.875
      4.265     0.081    -0.875
      4.272     0.078    -0.874
      4.279     0.075    -0.874
      4.287     0.073    -0.874
      4.294     0.070    -0.874
      4.301     0.067    -0.874
      4.309     0.064    -0.873
      4.315     0.061    -0.873
      4.322     0.058    -0.873
      4.329     0.056    -0.873
      4.336     0.053    -0.873
      4.342     0.050    -0.873
      4.349     0.047    -0.872
      4.356     0.045    -0.872
      4.362     0.042    -0.872
      4.369     0.039    -0.872
      4.376     0.036    -0.872
      4.383     0.034    -0.871
      4.389     0.031    -0.871
      4.396     0.028    -0.871
      4.402     0.026    -0.871
      4.408     0.023    -0.870
      4.415     0.021    -0.870
      4.421     0.018    -0.870
      4.428     0.015    -0.870
      4.436     0.012    -0.870
      4.443     0.009    -0.869
      4.450     0.006    -0.869
      4.458     0.003    -0.869
      4.465    -0.000    -0.869
      4.472    -0.003    -0.868
      4.479    -0.006    -0.868
      4.486    -0.009    -0.868
      4.492    -0.012    -0.868
      4.499    -0.014    -0.867
      4.506    -0.017    -0.867
      4.513    -0.020    -0.867
      4.519    -0.023    -0.867
      4.526    -0.026    -0.866
      4.533    -0.028    -0.866
      4.539    -0.031    -0.866
      4.546    -0.034    -0.865
      4.553    -0.037    -0.865
      4.559    -0.039    -0.865
      4.565    -0.042    -0.865
      4.572    -0.045    -0.864
      4.578    -0.047    -0.864
      4.584    -0.050    -0.864
      4.591    -0.053    -0.864
      4.598    -0.056    -0.863
      4.604    -0.058    -0.863
      4.611    -0.061    -0.863
      4.618    -0.064    -0.862
      4.624    -0.067    -0.862
      4.631    -0.069    -0.862
      4.637    -0.072    -0.861
      4.643    -0.075    -0.861
      4.650    -0.077    -0.861
      4.656    -0.080    -0.861
      4.663    -0.083    -0.860
      4.670    -0.086    -0.860
      4.677    -0.089    -0.860
      4.684    -0.092    -0.859
      4.691    -0.095    -0.859
      4.698    -0.098    -0.859
      4.705    -0.101    -0.858
      4.712    -0.104    -0.858
      4.719    -0.107    -0.857
      4.725    -0.110    -0.857
      4.732    -0.112    -0.857
      4.738    -0.115    -0.856
      4.745    -0.118    -0.856
      4.752    -0.121    -0.856
      4.758    -0.124    -0.855
      4.766    -0.127    -0.855
      4.773    -0.130    -0.854
      4.780    -0.133    -0.854
      4.787    -0.136    -0.854
      4.795    -0.139    -0.853
      4.802    -0.142    -0.853
      4.809    -0.145    -0.852
      4.816    -0.148    -0.852
      4.824    -0.151    -0.851
      4.831    -0.154    -0.851
      4.838    -0.157    -0.851
      4.845    -0.160    -0.850
      4.852    -0.163    -0.850
      4.859    -0.166    -0.849
      4.867    -0.170    -0.849
      4.874    -0.173    -0.848
      4.881    -0.176    -0.848
      4.889    -0.179    -0.847
      4.896    -0.182    -0.847
      4.903    -0.185    -0.846
      4.910    -0.188    -0.846
      4.917    -0.191    -0.845
      4.924    -0.194    -0.845
      4.932    -0.197    -0.844
      4.939    -0.200    -0.844
      4.946    -0.203    -0.843
      4.953    -0.206    -0.843
      4.961    -0.209    -0.842
      4.968    -0.212    -0.842
      4.975    -0.215    -0.841
      4.983    -0.219    -0.841
      4.990    -0.222    -0.840
      4.997    -0.225    -0.839
      5.004    -0.228    -0.839
      5.012    -0.231    -0.838
      5.019    -0.234    -0.838
      5.026    -0.237    -0.837
      5.033    -0.240    -0.837
      5.040    -0.243    -0.836
      5.047    -0.246    -0.835
      5.055    -0.249    -0.835
      5.062    -0.252    -0.834
      5.069    -0.255    -0.834
      5.077    -0.258    -0.833
      5.084    -0.261    -0.832
      5.091    -0.264    -0.832
      5.098    -0.267    -0.831
      5.106    -0.270    -0.831
      5.113    -0.273    -0.830
      5.120    -0.277    -0.829
      5.127    -0.280    -0.829
      5.135    -0.283    -0.828
      5.142    -0.286    -0.827
      5.149    -0.288    -0.827
      5.155    -0.291    -0.826
      5.162    -0.294    -0.825
      5.169    -0.297    -0.825
      5.175    -0.300    -0.824
      5.182    -0.302    -0.824
      5.189    -0.305    -0.823
      5.197    -0.309    -0.822
      5.204    -0.312    -0.821
      5.211    -0.315    -0.821
      5.218    -0.318    -0.820
      5.226    -0.321    -0.819
      5.233    -0.324    -0.819
      5.240    -0.327    -0.818
      5.247    -0.330    -0.817
      5.254    -0.333    -0.816
      5.261    -0.336    -0.816
      5.269    -0.339    -0.815
      5.276    -0.342    -0.814
      5.283    -0.345    -0.813
      5.291    -0.348    -0.813
      5.298    -0.351    -0.812
      5.305    -0.354    -0.811
      5.312    -0.357    -0.810
      5.320    -0.360    -0.809
      5.327    -0.363    -0.809
      5.334    -0.366    -0.808
      5.342    -0.369    -0.807
      5.349    -0.372    -0.806
      5.356    -0.375    -0.806
      5.362    -0.377    -0.805
      5.369    -0.380    -0.804
      5.376    -0.383    -0.803
      5.382    -0.386    -0.802
      5.389    -0.388    -0.802
      5.396    -0.391    -0.801
      5.404    -0.394    -0.800
      5.411    -0.397    -0.799
      5.418    -0.400    -0.798
      5.425    -0.403    -0.797
      5.433    -0.406    -0.797
      5.440    -0.409    -0.796
      5.447    -0.412    -0.795
      5.453    -0.415    -0.794
      5.460    -0.417    -0.793
      5.467    -0.420    -0.792
      5.473    -0.423    -0.792
      5.480    -0.426    -0.791
      5.487    -0.428    -0.790
      5.493    -0.431    -0.789
      5.500    -0.434    -0.788
      5.507    -0.436    -0.787
      5.513    -0.439    -0.787
      5.520    -0.442    -0.786
      5.526    -0.444    -0.785
      5.533    -0.447    -0.784
      5.539    -0.449    -0.783
      5.545    -0.452    -0.782
      5.552    -0.455    -0.782
      5.559    -0.457    -0.781
      5.566    -0.460    -0.780
      5.573    -0.463    -0.779
      5.581    -0.466    -0.778
      5.588    -0.469    -0.777
      5.595    -0.472    -0.776
      5.602    -0.475    -0.775
      5.609    -0.478    -0.774
      5.617    -0.481    -0.773
      5.624    -0.484    -0.772
      5.631    -0.487    -0.771
      5.638    -0.490    -0.770
      5.646    -0.492    -0.769
      5.653    -0.495    -0.768
      5.660    -0.498    -0.767
      5.668    -0.501    -0.766
      5.675    -0.504    -0.765
      5.682    -0.507    -0.764
      5.689    -0.510    -0.763
      5.697    -0.513    -0.762
      5.704    -0.516    -0.761
      5.711    -0.519    -0.760
      5.719    -0.522    -0.758
      5.725    -0.524    -0.757
      5.732    -0.527    -0.756
      5.739    -0.530    -0.756
      5.745    -0.532    -0.755
      5.752    -0.535    -0.754
      5.759    -0.538    -0.753
      5.766    -0.540    -0.751
      5.773    -0.543    -0.750
      5.781    -0.546    -0.749
      5.788    -0.549    -0.748
      5.795    -0.552    -0.747
      5.802    -0.555    -0.746
      5.810    -0.558    -0.745
      5.816    -0.560    -0.744
      5.823    -0.563    -0.743
      5.830    -0.566    -0.742
      5.836    -0.568    -0.741
      5.843    -0.571    -0.740
      5.850    -0.574    -0.739
      5.857    -0.576    -0.738
      5.863    -0.579    -0.737
      5.870    -0.582    -0.736
      5.877    -0.584    -0.734
      5.883    -0.587    -0.733
      5.890    -0.589    -0.732
      5.896    -0.592    -0.731
      5.903    -0.594    -0.730
      5.909    -0.597    -0.729
      5.915    -0.599    -0.728
      5.921    -0.602    -0.727
      5.929    -0.605    -0.726
      5.936    -0.608    -0.725
      5.943    -0.611    -0.724
      5.951    -0.613    -0.723
      5.958    -0.616    -0.721
      5.965    -0.619    -0.720
      5.972    -0.622    -0.719
      5.979    -0.625    -0.718
      5.986    -0.627    -0.717
      5.992    -0.630    -0.716
      5.999    -0.632    -0.715
      6.006    -0.635    -0.714
      6.013    -0.638    -0.712
      6.019    -0.640    -0.711
      6.026    -0.643    -0.710
      6.033    -0.646    -0.709
      6.039    -0.648    -0.708
      6.046    -0.651    -0.707
      6.053    -0.653    -0.706
      6.059    -0.656    -0.705
      6.065    -0.658    -0.704
      6.072    -0.661    -0.702
      6.078    -0.663    -0.701
      6.084    -0.666    -0.700
      6.091    -0.668    -0.699
      6.097    -0.671    -0.698
      6.104    -0.673    -0.697
      6.111    -0.676    -0.696
      6.118    -0.679    -0.695
      6.124    -0.681    -0.693
      6.130    -0.684    -0.692
      6.137    -0.686    -0.691
      6.143    -0.689    -0.690
      6.149    -0.691    -0.689
      6.156    -0.694    -0.688
      6.163    -0.696    -0.687
      6.170    -0.699    -0.686
      6.177    -0.702    -0.684
      6.184    -0.704    -0.683
      6.191    -0.707    -0.682
      6.198    -0.710    -0.681
      6.205    -0.713    -0.679
      6.212    -0.715    -0.678
      6.219    -0.718    -0.677
      6.227    -0.721    -0.676
      6.234    -0.724    -0.674
      6.241    -0.726    -0.673
      6.248    -0.729    -0.672
      6.256    -0.732    -0.671
      6.263    -0.735    -0.669
      6.270    -0.737    -0.668
      6.277    -0.740    -0.667
      6.284    -0.743    -0.665
      6.292    -0.746    -0.664
      6.299    -0.748    -0.663
      6.306    -0.751    -0.662
      6.314    -0.754    -0.660
      6.321    -0.757    -0.659
      6.328    -0.760    -0.658
      6.335    -0.762    -0.656
      6.343    -0.765    -0.655
      6.350    -0.768    -0.654
      6.357    -0.771    -0.653
      6.365    -0.773    -0.651
      6.372    -0.776    -0.650
      6.379    -0.779    -0.649
      6.386    -0.781    -0.648
      6.393    -0.784    -0.646
      6.399    -0.786    -0.645
      6.406    -0.789    -0.644
      6.413    -0.791    -0.643
      6.420    -0.794    -0.642
      6.427    -0.797    -0.640
      6.434    -0.799    -0.639
      6.442    -0.802    -0.638
      6.449    -0.805    -0.637
      6.456    -0.807    -0.635
      6.464    -0.810    -0.634
      6.471    -0.813    -0.633
      6.478    -0.815    -0.632
      6.484    -0.818    -0.630
      6.491    -0.820    -0.629
      6.498    -0.823    -0.628
      6.505    -0.825    -0.627
      6.511    -0.828    -0.626
      6.518    -0.830    -0.624
      6.525    -0.832    -0.623
      6.532    -0.835    -0.622
      6.538    -0.837    -0.621
      6.545    -0.840    -0.620
      6.552    -0.842    -0.619
      6.558    -0.844    -0.618
      6.564    -0.847    -0.617
      6.571    -0.849    -0.615
      6.577    -0.851    -0.614
      6.584    -0.854    -0.613
      6.591    -0.856    -0.612
      6.598    -0.859    -0.611
      6.606    -0.861    -0.609
      6.613    -0.864    -0.608
      6.620    -0.867    -0.607
      6.628    -0.869    -0.606
      6.635    -0.872    -0.604
      6.642    -0.874    -0.603
      6.649    -0.877    -0.602
      6.656    -0.879    -0.601
      6.662    -0.881    -0.600
      6.669    -0.884    -0.599
      6.676    -0.886    -0.598
      6.683    -0.888    -0.597
      6.689    -0.891    -0.595
      6.696    -0.893    -0.594
      6.703    -0.895    -0.593
      6.710    -0.898    -0.592
      6.717    -0.900    -0.591
      6.723    -0.902    -0.590
      6.729    -0.904    -0.589
      6.736    -0.906    -0.588
      6.742    -0.909    -0.587
      6.749    -0.911    -0.586
      6.755    -0.913    -0.585
      6.762    -0.915    -0.583
      6.769    -0.918    -0.582
      6.776    -0.920    -0.581
      6.783    -0.922    -0.580
      6.789    -0.924    -0.579
      6.796    -0.926    -0.578
      6.802    -0.929    -0.577
      6.809    -0.931    -0.576
      6.815    -0.933    -0.575
      6.822    -0.935    -0.574
      6.829    -0.937    -0.573
      6.836    -0.939    -0.572
      6.843    -0.942    -0.570
      6.850    -0.944    -0.569
      6.858    -0.946    -0.568
      6.865    -0.949    -0.567
      6.872    -0.951    -0.566
      6.879    -0.953    -0.565
      6.887    -0.956    -0.564
      6.894    -0.958    -0.563
      6.902    -0.960    -0.561
      6.909    -0.963    -0.560
      6.917    -0.965    -0.559
      6.924    -0.967    -0.558
      6.932    -0.969    -0.557
      6.939    -0.972    -0.556
      6.945    -0.974    -0.555
      6.952    -0.976    -0.554
      6.959    -0.978    -0.553
      6.966    -0.980    -0.552
      6.973    -0.982    -0.551
      6.980    -0.984    -0.550
      6.987    -0.986    -0.548
      6.994    -0.988    -0.547
      7.000    -0.990    -0.546
      7.007    -0.992    -0.545
      7.014    -0.994    -0.544
      7.021    -0.996    -0.543
      7.027    -0.998    -0.542
      7.034    -1.000    -0.542
      7.040    -1.002    -0.541
      7.047    -1.003    -0.540
      7.054    -1.005    -0.539
      7.061    -1.007    -0.538
      7.068    -1.009    -0.537
      7.075    -1.011    -0.536
      7.081    -1.013    -0.535
      7.088    -1.015    -0.534
      7.095    -1.017    -0.533
      7.101    -1.019    -0.532
      7.108    -1.020    -0.531
      7.115    -1.022    -0.530
      7.121    -1.024    -0.529
      7.128    -1.026    -0.528
      7.136    -1.028    -0.527
      7.143    -1.030    -0.526
      7.150    -1.032    -0.525
      7.158    -1.034    -0.524
      7.165    -1.036    -0.523
      7.172    -1.038    -0.522
      7.180    -1.039    -0.521
      7.187    -1.041    -0.520
      7.194    -1.043    -0.519
      7.201    -1.045    -0.518
      7.208    -1.046    -0.517
      7.215    -1.048    -0.516
      7.222    -1.050    -0.515
      7.228    -1.052    -0.515
      7.235    -1.053    -0.514
      7.241    -1.055    -0.513
      7.248    -1.056    -0.512
      7.255    -1.058    -0.511
      7.262    -1.060    -0.510
      7.269    -1.061    -0.509
      7.277    -1.063    -0.508
      7.284    -1.065    -0.507
      7.291    -1.067    -0.506
      7.299    -1.068    -0.506
      7.306    -1.070    -0.505
      7.314    -1.072    -0.504
      7.321    -1.073    -0.503
      7.328    -1.075    -0.502
      7.336    -1.077    -0.501
      7.343    -1.078    -0.500
      7.351    -1.080    -0.499
      7.358    -1.082    -0.498
      7.366    -1.083    -0.497
      7.373    -1.085    -0.496
      7.381    -1.086    -0.495
      7.389    -1.088    -0.495
      7.396    -1.090    -0.494
      7.404    -1.091    -0.493
      7.412    -1.093    -0.492
      7.420    -1.094    -0.491
