Count of Points:889

WCS coordinates of Points:
      1.181     0.000    -0.070
      1.188     0.003    -0.070
      1.194     0.007    -0.070
      1.201     0.010    -0.070
      1.207     0.014    -0.070
      1.214     0.017    -0.070
      1.220     0.021    -0.070
      1.227     0.024    -0.070
      1.234     0.028    -0.070
      1.241     0.032    -0.070
      1.249     0.036    -0.070
      1.256     0.039    -0.070
      1.263     0.043    -0.070
      1.270     0.047    -0.070
      1.278     0.050    -0.070
      1.285     0.054    -0.070
      1.292     0.058    -0.070
      1.299     0.061    -0.070
      1.307     0.065    -0.070
      1.314     0.068    -0.070
      1.321     0.072    -0.070
      1.328     0.076    -0.070
      1.335     0.079    -0.070
      1.343     0.083    -0.070
      1.350     0.086    -0.070
      1.358     0.090    -0.070
      1.365     0.093    -0.070
      1.372     0.097    -0.070
      1.379     0.100    -0.070
      1.387     0.104    -0.070
      1.394     0.107    -0.070
      1.401     0.110    -0.070
      1.409     0.114    -0.070
      1.416     0.117    -0.070
      1.424     0.121    -0.070
      1.431     0.124    -0.070
      1.438     0.127    -0.070
      1.446     0.131    -0.070
      1.453     0.134    -0.070
      1.461     0.137    -0.070
      1.468     0.141    -0.070
      1.476     0.144    -0.070
      1.483     0.147    -0.070
      1.491     0.151    -0.070
      1.498     0.154    -0.070
      1.505     0.157    -0.070
      1.513     0.160    -0.070
      1.520     0.163    -0.070
      1.528     0.166    -0.070
      1.535     0.170    -0.070
      1.543     0.173    -0.070
      1.550     0.176    -0.070
      1.558     0.179    -0.070
      1.565     0.182    -0.070
      1.573     0.185    -0.070
      1.581     0.188    -0.070
      1.588     0.191    -0.070
      1.596     0.194    -0.070
      1.603     0.197    -0.070
      1.611     0.200    -0.070
      1.619     0.203    -0.070
      1.626     0.206    -0.070
      1.633     0.209    -0.070
      1.640     0.211    -0.070
      1.647     0.214    -0.070
      1.654     0.217    -0.070
      1.661     0.219    -0.070
      1.668     0.222    -0.070
      1.676     0.225    -0.070
      1.683     0.228    -0.070
      1.691     0.230    -0.070
      1.699     0.233    -0.070
      1.706     0.236    -0.070
      1.714     0.239    -0.070
      1.721     0.241    -0.070
      1.729     0.244    -0.070
      1.737     0.247    -0.070
      1.744     0.249    -0.070
      1.752     0.252    -0.070
      1.760     0.255    -0.070
      1.768     0.257    -0.070
      1.775     0.260    -0.070
      1.783     0.262    -0.070
      1.791     0.265    -0.070
      1.799     0.267    -0.070
      1.806     0.270    -0.070
      1.814     0.272    -0.070
      1.822     0.275    -0.070
      1.830     0.277    -0.070
      1.838     0.280    -0.070
      1.845     0.282    -0.070
      1.852     0.284    -0.070
      1.859     0.286    -0.070
      1.866     0.288    -0.070
      1.873     0.291    -0.070
      1.881     0.293    -0.070
      1.888     0.295    -0.070
      1.896     0.297    -0.070
      1.904     0.299    -0.070
      1.912     0.302    -0.070
      1.920     0.304    -0.070
      1.928     0.306    -0.070
      1.936     0.308    -0.070
      1.943     0.310    -0.070
      1.950     0.312    -0.070
      1.957     0.314    -0.070
      1.965     0.316    -0.070
      1.972     0.318    -0.070
      1.979     0.320    -0.070
      1.986     0.322    -0.070
      1.994     0.323    -0.070
      2.001     0.325    -0.070
      2.008     0.327    -0.070
      2.015     0.329    -0.070
      2.023     0.330    -0.070
      2.029     0.332    -0.070
      2.036     0.334    -0.070
      2.043     0.335    -0.070
      2.050     0.337    -0.070
      2.057     0.338    -0.070
      2.065     0.340    -0.070
      2.073     0.342    -0.070
      2.081     0.344    -0.070
      2.089     0.345    -0.070
      2.097     0.347    -0.070
      2.105     0.349    -0.070
      2.112     0.350    -0.070
      2.120     0.352    -0.070
      2.128     0.354    -0.070
      2.136     0.355    -0.070
      2.144     0.357    -0.070
      2.152     0.358    -0.070
      2.160     0.360    -0.070
      2.168     0.361    -0.070
      2.176     0.363    -0.070
      2.184     0.364    -0.070
      2.192     0.366    -0.070
      2.200     0.367    -0.070
      2.209     0.368    -0.070
      2.217     0.370    -0.070
      2.225     0.371    -0.070
      2.233     0.372    -0.070
      2.241     0.374    -0.070
      2.248     0.375    -0.070
      2.256     0.376    -0.070
      2.263     0.377    -0.070
      2.270     0.378    -0.070
      2.278     0.379    -0.070
      2.285     0.380    -0.070
      2.293     0.381    -0.070
      2.301     0.382    -0.070
      2.310     0.384    -0.070
      2.318     0.385    -0.070
      2.326     0.386    -0.070
      2.334     0.387    -0.070
      2.342     0.388    -0.070
      2.349     0.388    -0.070
      2.357     0.389    -0.070
      2.364     0.390    -0.070
      2.372     0.391    -0.070
      2.379     0.392    -0.070
      2.387     0.392    -0.070
      2.394     0.393    -0.070
      2.402     0.394    -0.070
      2.409     0.395    -0.070
      2.417     0.395    -0.070
      2.424     0.396    -0.070
      2.432     0.396    -0.070
      2.439     0.397    -0.070
      2.446     0.398    -0.070
      2.453     0.398    -0.070
      2.460     0.399    -0.070
      2.467     0.399    -0.070
      2.475     0.400    -0.070
      2.483     0.400    -0.070
      2.491     0.401    -0.070
      2.499     0.401    -0.070
      2.508     0.402    -0.070
      2.516     0.402    -0.070
      2.524     0.402    -0.070
      2.531     0.403    -0.070
      2.539     0.403    -0.070
      2.546     0.403    -0.070
      2.554     0.404    -0.070
      2.561     0.404    -0.070
      2.569     0.404    -0.070
      2.576     0.404    -0.070
      2.584     0.404    -0.070
      2.591     0.405    -0.070
      2.599     0.405    -0.070
      2.606     0.405    -0.070
      2.614     0.405    -0.070
      2.621     0.405    -0.070
      2.628     0.405    -0.070
      2.635     0.405    -0.070
      2.642     0.405    -0.070
      2.649     0.405    -0.070
      2.657     0.405    -0.070
      2.664     0.405    -0.070
      2.672     0.405    -0.070
      2.679     0.405    -0.070
      2.687     0.405    -0.070
      2.694     0.405    -0.070
      2.701     0.404    -0.070
      2.708     0.404    -0.070
      2.715     0.404    -0.070
      2.722     0.404    -0.070
      2.729     0.404    -0.070
      2.736     0.403    -0.070
      2.743     0.403    -0.070
      2.750     0.403    -0.070
      2.758     0.403    -0.070
      2.765     0.402    -0.070
      2.771     0.402    -0.070
      2.778     0.401    -0.070
      2.785     0.401    -0.070
      2.792     0.401    -0.070
      2.800     0.400    -0.070
      2.807     0.400    -0.070
      2.814     0.399    -0.070
      2.822     0.399    -0.070
      2.829     0.398    -0.070
      2.837     0.398    -0.070
      2.844     0.397    -0.070
      2.852     0.396    -0.070
      2.860     0.396    -0.070
      2.868     0.395    -0.070
      2.876     0.394    -0.070
      2.885     0.393    -0.070
      2.893     0.393    -0.070
      2.901     0.392    -0.070
      2.909     0.391    -0.070
      2.917     0.390    -0.070
      2.925     0.389    -0.070
      2.933     0.388    -0.070
      2.941     0.387    -0.070
      2.949     0.386    -0.070
      2.957     0.385    -0.070
      2.965     0.384    -0.070
      2.973     0.383    -0.070
      2.981     0.382    -0.070
      2.989     0.381    -0.070
      2.997     0.380    -0.070
      3.005     0.379    -0.070
      3.013     0.378    -0.070
      3.021     0.377    -0.070
      3.029     0.375    -0.070
      3.037     0.374    -0.070
      3.045     0.373    -0.070
      3.053     0.372    -0.070
      3.061     0.370    -0.070
      3.069     0.369    -0.070
      3.077     0.368    -0.070
      3.085     0.366    -0.070
      3.093     0.365    -0.070
      3.101     0.363    -0.070
      3.109     0.362    -0.070
      3.117     0.360    -0.070
      3.125     0.359    -0.070
      3.133     0.357    -0.070
      3.141     0.356    -0.070
      3.149     0.354    -0.070
      3.157     0.353    -0.070
      3.165     0.351    -0.070
      3.173     0.349    -0.070
      3.181     0.347    -0.070
      3.189     0.346    -0.070
      3.197     0.344    -0.070
      3.205     0.342    -0.070
      3.213     0.340    -0.070
      3.221     0.339    -0.070
      3.229     0.337    -0.070
      3.236     0.335    -0.070
      3.244     0.333    -0.070
      3.252     0.331    -0.070
      3.260     0.329    -0.070
      3.268     0.327    -0.070
      3.275     0.325    -0.070
      3.283     0.324    -0.070
      3.290     0.322    -0.070
      3.297     0.320    -0.070
      3.304     0.318    -0.070
      3.312     0.316    -0.070
      3.320     0.314    -0.070
      3.327     0.312    -0.070
      3.335     0.310    -0.070
      3.343     0.308    -0.070
      3.351     0.305    -0.070
      3.359     0.303    -0.070
      3.366     0.301    -0.070
      3.374     0.299    -0.070
      3.382     0.297    -0.070
      3.390     0.294    -0.070
      3.398     0.292    -0.070
      3.405     0.290    -0.070
      3.413     0.287    -0.070
      3.421     0.285    -0.070
      3.429     0.283    -0.070
      3.437     0.280    -0.070
      3.444     0.278    -0.070
      3.452     0.275    -0.070
      3.460     0.273    -0.070
      3.468     0.270    -0.070
      3.476     0.268    -0.070
      3.483     0.265    -0.070
      3.491     0.263    -0.070
      3.498     0.260    -0.070
      3.505     0.258    -0.070
      3.512     0.255    -0.070
      3.519     0.253    -0.070
      3.527     0.251    -0.070
      3.534     0.248    -0.070
      3.541     0.245    -0.070
      3.549     0.243    -0.070
      3.557     0.240    -0.070
      3.564     0.237    -0.070
      3.572     0.235    -0.070
      3.580     0.232    -0.070
      3.587     0.229    -0.070
      3.595     0.226    -0.070
      3.602     0.224    -0.070
      3.609     0.221    -0.070
      3.616     0.219    -0.070
      3.623     0.216    -0.070
      3.630     0.213    -0.070
      3.637     0.211    -0.070
      3.644     0.208    -0.070
      3.651     0.205    -0.070
      3.658     0.202    -0.070
      3.665     0.200    -0.070
      3.671     0.197    -0.070
      3.678     0.194    -0.070
      3.685     0.192    -0.070
      3.691     0.189    -0.070
      3.698     0.186    -0.070
      3.704     0.184    -0.070
      3.712     0.181    -0.070
      3.719     0.178    -0.070
      3.727     0.174    -0.070
      3.734     0.171    -0.070
      3.742     0.168    -0.070
      3.749     0.165    -0.070
      3.757     0.162    -0.070
      3.764     0.159    -0.070
      3.771     0.156    -0.070
      3.779     0.152    -0.070
      3.786     0.149    -0.070
      3.794     0.146    -0.070
      3.801     0.143    -0.070
      3.809     0.139    -0.070
      3.816     0.136    -0.070
      3.824     0.133    -0.070
      3.831     0.129    -0.070
      3.839     0.126    -0.070
      3.846     0.122    -0.070
      3.854     0.119    -0.070
      3.861     0.116    -0.070
      3.869     0.112    -0.070
      3.876     0.109    -0.070
      3.883     0.106    -0.070
      3.890     0.103    -0.070
      3.896     0.099    -0.070
      3.903     0.096    -0.070
      3.910     0.093    -0.070
      3.917     0.090    -0.070
      3.924     0.086    -0.070
      3.931     0.083    -0.070
      3.939     0.079    -0.070
      3.946     0.076    -0.070
      3.953     0.072    -0.070
      3.961     0.068    -0.070
      3.968     0.065    -0.070
      3.975     0.061    -0.070
      3.982     0.058    -0.070
      3.988     0.055    -0.070
      3.995     0.051    -0.070
      4.002     0.048    -0.070
      4.008     0.045    -0.070
      4.015     0.041    -0.070
      4.022     0.038    -0.070
      4.028     0.035    -0.070
      4.035     0.031    -0.070
      4.042     0.028    -0.070
      4.048     0.024    -0.070
      4.055     0.021    -0.070
      4.061     0.018    -0.070
      4.067     0.014    -0.070
      4.073     0.011    -0.070
      4.080     0.008    -0.070
      4.087     0.004    -0.070
      4.094     0.000    -0.070
      4.101    -0.004    -0.070
      4.109    -0.007    -0.070
      4.116    -0.011    -0.070
      4.123    -0.015    -0.070
      4.130    -0.019    -0.070
      4.137    -0.023    -0.070
      4.143    -0.026    -0.070
      4.150    -0.030    -0.070
      4.157    -0.033    -0.070
      4.163    -0.037    -0.070
      4.170    -0.040    -0.070
      4.176    -0.044    -0.070
      4.183    -0.048    -0.070
      4.189    -0.051    -0.070
      4.196    -0.055    -0.070
      4.202    -0.059    -0.070
      4.209    -0.062    -0.070
      4.215    -0.066    -0.070
      4.221    -0.069    -0.070
      4.227    -0.073    -0.070
      4.234    -0.076    -0.070
      4.240    -0.080    -0.070
      4.246    -0.083    -0.070
      4.253    -0.087    -0.070
      4.259    -0.091    -0.070
      4.266    -0.094    -0.070
      4.272    -0.098    -0.070
      4.279    -0.102    -0.070
      4.285    -0.105    -0.070
      4.291    -0.109    -0.070
      4.297    -0.113    -0.070
      4.303    -0.116    -0.070
      4.309    -0.120    -0.070
      4.315    -0.123    -0.070
      4.321    -0.127    -0.070
      4.328    -0.130    -0.070
      4.334    -0.134    -0.070
      4.340    -0.138    -0.070
      4.346    -0.141    -0.070
      4.352    -0.145    -0.070
      4.358    -0.148    -0.070
      4.364    -0.152    -0.070
      4.371    -0.156    -0.070
      4.378    -0.160    -0.070
      4.385    -0.165    -0.070
      4.392    -0.169    -0.070
      4.399    -0.173    -0.070
      4.406    -0.177    -0.070
      4.413    -0.182    -0.070
      4.420    -0.186    -0.070
      4.426    -0.190    -0.070
      4.433    -0.194    -0.070
      4.439    -0.198    -0.070
      4.446    -0.202    -0.070
      4.452    -0.206    -0.070
      4.459    -0.210    -0.070
      4.465    -0.214    -0.070
      4.472    -0.218    -0.070
      4.478    -0.222    -0.070
      4.485    -0.226    -0.070
      4.491    -0.230    -0.070
      4.497    -0.233    -0.070
      4.503    -0.237    -0.070
      4.509    -0.241    -0.070
      4.515    -0.245    -0.070
      4.521    -0.249    -0.070
      4.528    -0.253    -0.070
      4.534    -0.257    -0.070
      4.541    -0.261    -0.070
      4.547    -0.265    -0.070
      4.553    -0.269    -0.070
      4.560    -0.273    -0.070
      4.566    -0.277    -0.070
      4.572    -0.281    -0.070
      4.578    -0.285    -0.070
      4.584    -0.288    -0.070
      4.590    -0.292    -0.070
      4.596    -0.296    -0.070
      4.602    -0.300    -0.070
      4.608    -0.304    -0.070
      4.614    -0.308    -0.070
      4.620    -0.312    -0.070
      4.626    -0.315    -0.070
      4.632    -0.319    -0.070
      4.638    -0.323    -0.070
      4.644    -0.327    -0.070
      4.650    -0.331    -0.070
      4.657    -0.335    -0.070
      4.663    -0.339    -0.070
      4.669    -0.344    -0.070
      4.676    -0.348    -0.070
      4.682    -0.352    -0.070
      4.688    -0.356    -0.070
      4.694    -0.360    -0.070
      4.700    -0.364    -0.070
      4.706    -0.368    -0.070
      4.712    -0.372    -0.070
      4.718    -0.376    -0.070
      4.724    -0.379    -0.070
      4.730    -0.383    -0.070
      4.736    -0.387    -0.070
      4.742    -0.391    -0.070
      4.748    -0.395    -0.070
      4.754    -0.399    -0.070
      4.760    -0.403    -0.070
      4.765    -0.407    -0.070
      4.771    -0.411    -0.070
      4.777    -0.415    -0.070
      4.783    -0.419    -0.070
      4.789    -0.423    -0.070
      4.795    -0.427    -0.070
      4.801    -0.431    -0.070
      4.807    -0.435    -0.070
      4.813    -0.439    -0.070
      4.819    -0.442    -0.070
      4.825    -0.446    -0.070
      4.831    -0.450    -0.070
      4.837    -0.455    -0.070
      4.843    -0.459    -0.070
      4.848    -0.463    -0.070
      4.854    -0.467    -0.070
      4.860    -0.471    -0.070
      4.867    -0.475    -0.070
      4.873    -0.479    -0.070
      4.879    -0.483    -0.070
      4.886    -0.488    -0.070
      4.892    -0.492    -0.070
      4.898    -0.496    -0.070
      4.904    -0.500    -0.070
      4.910    -0.504    -0.070
      4.916    -0.508    -0.070
      4.922    -0.512    -0.070
      4.928    -0.516    -0.070
      4.934    -0.520    -0.070
      4.940    -0.524    -0.070
      4.946    -0.528    -0.070
      4.952    -0.532    -0.070
      4.957    -0.536    -0.070
      4.963    -0.540    -0.070
      4.969    -0.544    -0.070
      4.975    -0.548    -0.070
      4.981    -0.552    -0.070
      4.987    -0.556    -0.070
      4.993    -0.560    -0.070
      4.999    -0.564    -0.070
      5.004    -0.569    -0.070
      5.010    -0.573    -0.070
      5.016    -0.577    -0.070
      5.022    -0.581    -0.070
      5.028    -0.584    -0.070
      5.034    -0.588    -0.070
      5.040    -0.593    -0.070
      5.045    -0.597    -0.070
      5.051    -0.601    -0.070
      5.057    -0.605    -0.070
      5.063    -0.609    -0.070
      5.069    -0.613    -0.070
      5.075    -0.617    -0.070
      5.081    -0.621    -0.070
      5.087    -0.625    -0.070
      5.093    -0.629    -0.070
      5.099    -0.633    -0.070
      5.105    -0.637    -0.070
      5.110    -0.641    -0.070
      5.116    -0.645    -0.070
      5.122    -0.649    -0.070
      5.128    -0.653    -0.070
      5.134    -0.657    -0.070
      5.140    -0.661    -0.070
      5.146    -0.665    -0.070
      5.152    -0.669    -0.070
      5.158    -0.674    -0.070
      5.163    -0.678    -0.070
      5.169    -0.682    -0.070
      5.175    -0.686    -0.070
      5.181    -0.690    -0.070
      5.187    -0.694    -0.070
      5.193    -0.698    -0.070
      5.199    -0.702    -0.070
      5.205    -0.706    -0.070
      5.211    -0.710    -0.070
      5.217    -0.715    -0.070
      5.224    -0.719    -0.070
      5.230    -0.724    -0.070
      5.237    -0.728    -0.070
      5.243    -0.733    -0.070
      5.250    -0.737    -0.070
      5.256    -0.741    -0.070
      5.262    -0.746    -0.070
      5.269    -0.750    -0.070
      5.275    -0.754    -0.070
      5.281    -0.758    -0.070
      5.287    -0.763    -0.070
      5.293    -0.767    -0.070
      5.299    -0.771    -0.070
      5.305    -0.775    -0.070
      5.311    -0.779    -0.070
      5.317    -0.783    -0.070
      5.323    -0.787    -0.070
      5.328    -0.791    -0.070
      5.334    -0.795    -0.070
      5.340    -0.799    -0.070
      5.346    -0.803    -0.070
      5.352    -0.807    -0.070
      5.358    -0.811    -0.070
      5.364    -0.815    -0.070
      5.370    -0.819    -0.070
      5.375    -0.823    -0.070
      5.381    -0.827    -0.070
      5.387    -0.831    -0.070
      5.393    -0.835    -0.070
      5.399    -0.839    -0.070
      5.405    -0.843    -0.070
      5.411    -0.847    -0.070
      5.417    -0.851    -0.070
      5.423    -0.855    -0.070
      5.429    -0.859    -0.070
      5.434    -0.863    -0.070
      5.440    -0.867    -0.070
      5.446    -0.871    -0.070
      5.452    -0.875    -0.070
      5.458    -0.879    -0.070
      5.464    -0.883    -0.070
      5.470    -0.887    -0.070
      5.476    -0.891    -0.070
      5.482    -0.895    -0.070
      5.488    -0.899    -0.070
      5.494    -0.903    -0.070
      5.500    -0.907    -0.070
      5.506    -0.911    -0.070
      5.511    -0.915    -0.070
      5.517    -0.919    -0.070
      5.523    -0.923    -0.070
      5.529    -0.927    -0.070
      5.535    -0.931    -0.070
      5.541    -0.935    -0.070
      5.547    -0.939    -0.070
      5.553    -0.943    -0.070
      5.559    -0.947    -0.070
      5.565    -0.951    -0.070
      5.571    -0.955    -0.070
      5.577    -0.959    -0.070
      5.583    -0.963    -0.070
      5.589    -0.967    -0.070
      5.595    -0.971    -0.070
      5.602    -0.975    -0.070
      5.608    -0.980    -0.070
      5.615    -0.984    -0.070
      5.622    -0.988    -0.070
      5.628    -0.993    -0.070
      5.634    -0.997    -0.070
      5.640    -1.001    -0.070
      5.646    -1.005    -0.070
      5.652    -1.009    -0.070
      5.658    -1.012    -0.070
      5.664    -1.016    -0.070
      5.670    -1.020    -0.070
      5.676    -1.024    -0.070
      5.682    -1.028    -0.070
      5.688    -1.032    -0.070
      5.694    -1.036    -0.070
      5.700    -1.040    -0.070
      5.706    -1.044    -0.070
      5.712    -1.047    -0.070
      5.718    -1.051    -0.070
      5.724    -1.055    -0.070
      5.730    -1.059    -0.070
      5.736    -1.063    -0.070
      5.742    -1.067    -0.070
      5.748    -1.071    -0.070
      5.754    -1.075    -0.070
      5.760    -1.079    -0.070
      5.766    -1.083    -0.070
      5.773    -1.087    -0.070
      5.780    -1.091    -0.070
      5.786    -1.095    -0.070
      5.793    -1.100    -0.070
      5.800    -1.104    -0.070
      5.806    -1.108    -0.070
      5.812    -1.112    -0.070
      5.818    -1.115    -0.070
      5.824    -1.119    -0.070
      5.830    -1.123    -0.070
      5.836    -1.127    -0.070
      5.842    -1.131    -0.070
      5.849    -1.135    -0.070
      5.856    -1.139    -0.070
      5.862    -1.143    -0.070
      5.869    -1.147    -0.070
      5.876    -1.152    -0.070
      5.883    -1.156    -0.070
      5.889    -1.160    -0.070
      5.896    -1.164    -0.070
      5.903    -1.168    -0.070
      5.909    -1.172    -0.070
      5.916    -1.177    -0.070
      5.923    -1.181    -0.070
      5.929    -1.185    -0.070
      5.936    -1.189    -0.070
      5.942    -1.193    -0.070
      5.949    -1.197    -0.070
      5.955    -1.201    -0.070
      5.962    -1.205    -0.070
      5.968    -1.209    -0.070
      5.975    -1.212    -0.070
      5.981    -1.216    -0.070
      5.987    -1.220    -0.070
      5.993    -1.224    -0.070
      6.000    -1.227    -0.070
      6.006    -1.231    -0.070
      6.012    -1.235    -0.070
      6.018    -1.238    -0.070
      6.024    -1.242    -0.070
      6.030    -1.246    -0.070
      6.037    -1.249    -0.070
      6.043    -1.253    -0.070
      6.049    -1.256    -0.070
      6.055    -1.260    -0.070
      6.061    -1.263    -0.070
      6.067    -1.267    -0.070
      6.073    -1.271    -0.070
      6.079    -1.274    -0.070
      6.086    -1.278    -0.070
      6.092    -1.282    -0.070
      6.098    -1.285    -0.070
      6.104    -1.289    -0.070
      6.110    -1.292    -0.070
      6.116    -1.296    -0.070
      6.122    -1.299    -0.070
      6.129    -1.303    -0.070
      6.135    -1.306    -0.070
      6.141    -1.310    -0.070
      6.147    -1.313    -0.070
      6.154    -1.317    -0.070
      6.160    -1.320    -0.070
      6.166    -1.324    -0.070
      6.172    -1.327    -0.070
      6.179    -1.331    -0.070
      6.185    -1.334    -0.070
      6.191    -1.338    -0.070
      6.197    -1.341    -0.070
      6.204    -1.345    -0.070
      6.210    -1.348    -0.070
      6.216    -1.352    -0.070
      6.222    -1.355    -0.070
      6.229    -1.358    -0.070
      6.235    -1.362    -0.070
      6.241    -1.365    -0.070
      6.247    -1.369    -0.070
      6.254    -1.372    -0.070
      6.260    -1.376    -0.070
      6.266    -1.379    -0.070
      6.273    -1.382    -0.070
      6.279    -1.386    -0.070
      6.285    -1.389    -0.070
      6.292    -1.393    -0.070
      6.298    -1.396    -0.070
      6.305    -1.399    -0.070
      6.312    -1.403    -0.070
      6.319    -1.407    -0.070
      6.326    -1.410    -0.070
      6.333    -1.414    -0.070
      6.340    -1.418    -0.070
      6.346    -1.421    -0.070
      6.352    -1.424    -0.070
      6.359    -1.427    -0.070
      6.365    -1.431    -0.070
      6.371    -1.434    -0.070
      6.378    -1.437    -0.070
      6.384    -1.440    -0.070
      6.390    -1.443    -0.070
      6.397    -1.447    -0.070
      6.403    -1.450    -0.070
      6.409    -1.453    -0.070
      6.416    -1.456    -0.070
      6.422    -1.459    -0.070
      6.429    -1.463    -0.070
      6.435    -1.466    -0.070
      6.442    -1.469    -0.070
      6.448    -1.472    -0.070
      6.455    -1.475    -0.070
      6.461    -1.479    -0.070
      6.467    -1.482    -0.070
      6.474    -1.485    -0.070
      6.480    -1.488    -0.070
      6.487    -1.491    -0.070
      6.494    -1.494    -0.070
      6.501    -1.498    -0.070
      6.508    -1.501    -0.070
      6.515    -1.505    -0.070
      6.523    -1.508    -0.070
      6.529    -1.511    -0.070
      6.536    -1.514    -0.070
      6.542    -1.517    -0.070
      6.549    -1.520    -0.070
      6.555    -1.523    -0.070
      6.562    -1.526    -0.070
      6.568    -1.529    -0.070
      6.575    -1.532    -0.070
      6.583    -1.536    -0.070
      6.590    -1.539    -0.070
      6.597    -1.542    -0.070
      6.604    -1.545    -0.070
      6.612    -1.549    -0.070
      6.619    -1.552    -0.070
      6.626    -1.555    -0.070
      6.633    -1.558    -0.070
      6.640    -1.561    -0.070
      6.648    -1.564    -0.070
      6.655    -1.568    -0.070
      6.662    -1.571    -0.070
      6.669    -1.574    -0.070
      6.676    -1.576    -0.070
      6.682    -1.579    -0.070
      6.689    -1.582    -0.070
      6.695    -1.585    -0.070
      6.702    -1.588    -0.070
      6.709    -1.590    -0.070
      6.715    -1.593    -0.070
      6.722    -1.596    -0.070
      6.728    -1.598    -0.070
      6.735    -1.601    -0.070
      6.741    -1.604    -0.070
      6.748    -1.607    -0.070
      6.755    -1.609    -0.070
      6.761    -1.612    -0.070
      6.768    -1.615    -0.070
      6.775    -1.617    -0.070
      6.781    -1.620    -0.070
      6.788    -1.623    -0.070
      6.795    -1.625    -0.070
      6.801    -1.628    -0.070
      6.808    -1.631    -0.070
      6.815    -1.633    -0.070
      6.822    -1.636    -0.070
      6.829    -1.639    -0.070
      6.836    -1.641    -0.070
      6.844    -1.644    -0.070
      6.851    -1.647    -0.070
      6.859    -1.650    -0.070
      6.865    -1.652    -0.070
      6.872    -1.655    -0.070
      6.879    -1.657    -0.070
      6.886    -1.660    -0.070
      6.892    -1.662    -0.070
      6.899    -1.665    -0.070
      6.906    -1.667    -0.070
      6.913    -1.670    -0.070
      6.921    -1.673    -0.070
      6.928    -1.675    -0.070
      6.936    -1.678    -0.070
      6.943    -1.681    -0.070
      6.951    -1.683    -0.070
      6.958    -1.686    -0.070
      6.965    -1.689    -0.070
      6.973    -1.691    -0.070
      6.980    -1.694    -0.070
      6.988    -1.696    -0.070
      6.995    -1.699    -0.070
      7.003    -1.701    -0.070
      7.010    -1.704    -0.070
      7.017    -1.706    -0.070
      7.024    -1.708    -0.070
      7.030    -1.710    -0.070
      7.037    -1.713    -0.070
      7.044    -1.715    -0.070
      7.051    -1.717    -0.070
      7.058    -1.719    -0.070
      7.065    -1.722    -0.070
      7.073    -1.724    -0.070
      7.080    -1.727    -0.070
      7.088    -1.729    -0.070
      7.095    -1.731    -0.070
      7.103    -1.734    -0.070
      7.111    -1.736    -0.070
      7.118    -1.738    -0.070
      7.126    -1.741    -0.070
      7.133    -1.743    -0.070
      7.141    -1.745    -0.070
      7.148    -1.747    -0.070
      7.156    -1.750    -0.070
      7.163    -1.752    -0.070
      7.171    -1.754    -0.070
      7.178    -1.756    -0.070
      7.186    -1.758    -0.070
      7.193    -1.761    -0.070
      7.201    -1.763    -0.070
      7.208    -1.765    -0.070
      7.216    -1.767    -0.070
      7.223    -1.769    -0.070
      7.231    -1.771    -0.070
      7.238    -1.773    -0.070
      7.246    -1.775    -0.070
      7.254    -1.777    -0.070
      7.261    -1.780    -0.070
      7.269    -1.782    -0.070
      7.277    -1.784    -0.070
      7.284    -1.786    -0.070
