Count of Points:752

WCS coordinates of Points:
      7.497     0.196    -1.051
      7.490     0.198    -1.053
      7.482     0.200    -1.054
      7.474     0.202    -1.055
      7.467     0.204    -1.057
      7.459     0.206    -1.058
      7.451     0.209    -1.060
      7.444     0.211    -1.061
      7.437     0.212    -1.062
      7.430     0.214    -1.064
      7.423     0.216    -1.065
      7.416     0.218    -1.066
      7.409     0.220    -1.068
      7.402     0.222    -1.069
      7.395     0.224    -1.070
      7.388     0.226    -1.072
      7.381     0.228    -1.073
      7.374     0.229    -1.075
      7.367     0.231    -1.076
      7.360     0.233    -1.078
      7.353     0.235    -1.079
      7.347     0.237    -1.080
      7.340     0.239    -1.082
      7.333     0.241    -1.083
      7.327     0.242    -1.085
      7.320     0.244    -1.086
      7.313     0.246    -1.088
      7.306     0.248    -1.089
      7.299     0.250    -1.091
      7.292     0.252    -1.092
      7.285     0.254    -1.094
      7.279     0.256    -1.095
      7.272     0.258    -1.097
      7.266     0.260    -1.098
      7.259     0.262    -1.100
      7.252     0.264    -1.101
      7.245     0.266    -1.103
      7.238     0.268    -1.105
      7.231     0.270    -1.107
      7.223     0.272    -1.108
      7.216     0.274    -1.110
      7.209     0.277    -1.112
      7.202     0.279    -1.114
      7.194     0.281    -1.116
      7.188     0.283    -1.117
      7.181     0.285    -1.119
      7.174     0.287    -1.121
      7.167     0.289    -1.123
      7.160     0.291    -1.125
      7.153     0.293    -1.126
      7.147     0.295    -1.128
      7.140     0.297    -1.130
      7.134     0.299    -1.131
      7.127     0.301    -1.133
      7.121     0.303    -1.135
      7.114     0.305    -1.137
      7.107     0.307    -1.139
      7.099     0.310    -1.141
      7.092     0.312    -1.143
      7.085     0.314    -1.145
      7.078     0.316    -1.147
      7.071     0.318    -1.149
      7.063     0.320    -1.151
      7.056     0.323    -1.153
      7.049     0.325    -1.155
      7.042     0.327    -1.157
      7.035     0.329    -1.159
      7.028     0.331    -1.161
      7.020     0.334    -1.163
      7.013     0.336    -1.165
      7.006     0.338    -1.167
      6.999     0.340    -1.170
      6.991     0.342    -1.172
      6.984     0.345    -1.174
      6.976     0.347    -1.176
      6.969     0.349    -1.179
      6.961     0.351    -1.181
      6.954     0.353    -1.183
      6.948     0.356    -1.185
      6.941     0.358    -1.187
      6.934     0.360    -1.189
      6.927     0.362    -1.191
      6.920     0.364    -1.193
      6.914     0.366    -1.195
      6.908     0.368    -1.197
      6.901     0.369    -1.199
      6.895     0.371    -1.201
      6.889     0.373    -1.203
      6.881     0.375    -1.206
      6.874     0.378    -1.208
      6.867     0.380    -1.210
      6.860     0.382    -1.212
      6.853     0.384    -1.215
      6.846     0.386    -1.217
      6.839     0.388    -1.219
      6.832     0.390    -1.222
      6.824     0.392    -1.224
      6.817     0.395    -1.226
      6.810     0.397    -1.229
      6.803     0.399    -1.231
      6.796     0.401    -1.233
      6.789     0.403    -1.236
      6.782     0.405    -1.238
      6.775     0.407    -1.240
      6.767     0.409    -1.243
      6.760     0.412    -1.245
      6.752     0.414    -1.248
      6.745     0.416    -1.250
      6.738     0.418    -1.253
      6.730     0.420    -1.255
      6.723     0.422    -1.258
      6.716     0.424    -1.260
      6.709     0.426    -1.263
      6.702     0.428    -1.265
      6.695     0.430    -1.268
      6.688     0.432    -1.270
      6.681     0.435    -1.272
      6.673     0.437    -1.275
      6.666     0.439    -1.278
      6.659     0.441    -1.280
      6.651     0.443    -1.283
      6.644     0.445    -1.285
      6.636     0.447    -1.288
      6.629     0.449    -1.291
      6.621     0.451    -1.293
      6.614     0.453    -1.296
      6.607     0.455    -1.298
      6.599     0.457    -1.301
      6.592     0.460    -1.304
      6.584     0.462    -1.306
      6.577     0.464    -1.309
      6.570     0.465    -1.311
      6.563     0.467    -1.314
      6.556     0.469    -1.316
      6.549     0.471    -1.319
      6.543     0.473    -1.321
      6.536     0.475    -1.324
      6.529     0.477    -1.326
      6.523     0.478    -1.329
      6.516     0.480    -1.331
      6.509     0.482    -1.334
      6.503     0.484    -1.336
      6.496     0.485    -1.338
      6.490     0.487    -1.340
      6.484     0.489    -1.343
      6.477     0.491    -1.345
      6.470     0.492    -1.348
      6.463     0.494    -1.350
      6.456     0.496    -1.353
      6.449     0.498    -1.356
      6.442     0.500    -1.358
      6.435     0.502    -1.361
      6.428     0.504    -1.363
      6.421     0.505    -1.366
      6.414     0.507    -1.369
      6.407     0.509    -1.371
      6.399     0.511    -1.374
      6.392     0.513    -1.377
      6.385     0.514    -1.379
      6.378     0.516    -1.382
      6.371     0.518    -1.384
      6.364     0.520    -1.387
      6.357     0.522    -1.390
      6.349     0.523    -1.393
      6.342     0.525    -1.395
      6.334     0.527    -1.398
      6.327     0.529    -1.401
      6.319     0.531    -1.404
      6.312     0.533    -1.406
      6.305     0.534    -1.409
      6.298     0.536    -1.412
      6.291     0.538    -1.414
      6.284     0.539    -1.417
      6.277     0.541    -1.420
      6.270     0.543    -1.422
      6.263     0.544    -1.425
      6.255     0.546    -1.428
      6.248     0.548    -1.431
      6.240     0.550    -1.434
      6.233     0.551    -1.436
      6.225     0.553    -1.439
      6.218     0.555    -1.442
      6.211     0.557    -1.445
      6.203     0.558    -1.448
      6.196     0.560    -1.450
      6.188     0.562    -1.453
      6.181     0.563    -1.456
      6.173     0.565    -1.459
      6.166     0.567    -1.462
      6.159     0.568    -1.464
      6.152     0.570    -1.467
      6.145     0.571    -1.470
      6.138     0.573    -1.472
      6.131     0.575    -1.475
      6.124     0.576    -1.478
      6.117     0.578    -1.480
      6.110     0.579    -1.483
      6.103     0.581    -1.486
      6.096     0.582    -1.488
      6.088     0.584    -1.491
      6.081     0.586    -1.494
      6.074     0.587    -1.497
      6.066     0.589    -1.499
      6.059     0.590    -1.502
      6.051     0.592    -1.505
      6.044     0.594    -1.508
      6.037     0.595    -1.511
      6.029     0.597    -1.514
      6.022     0.598    -1.516
      6.014     0.600    -1.519
      6.007     0.601    -1.522
      5.999     0.603    -1.525
      5.992     0.605    -1.528
      5.985     0.606    -1.530
      5.978     0.607    -1.533
      5.971     0.609    -1.536
      5.963     0.610    -1.538
      5.956     0.612    -1.541
      5.949     0.613    -1.544
      5.941     0.615    -1.547
      5.934     0.616    -1.550
      5.927     0.618    -1.552
      5.919     0.619    -1.555
      5.912     0.621    -1.558
      5.904     0.622    -1.561
      5.897     0.624    -1.563
      5.890     0.625    -1.566
      5.883     0.626    -1.569
      5.876     0.628    -1.571
      5.869     0.629    -1.574
      5.862     0.631    -1.577
      5.855     0.632    -1.579
      5.848     0.633    -1.582
      5.841     0.635    -1.585
      5.834     0.636    -1.587
      5.827     0.637    -1.590
      5.820     0.639    -1.592
      5.813     0.640    -1.595
      5.806     0.641    -1.598
      5.799     0.642    -1.600
      5.793     0.644    -1.603
      5.786     0.645    -1.605
      5.779     0.646    -1.608
      5.772     0.648    -1.610
      5.766     0.649    -1.613
      5.759     0.650    -1.615
      5.753     0.651    -1.617
      5.746     0.652    -1.620
      5.740     0.653    -1.622
      5.733     0.655    -1.625
      5.726     0.656    -1.628
      5.718     0.657    -1.630
      5.711     0.658    -1.633
      5.704     0.660    -1.635
      5.697     0.661    -1.638
      5.690     0.662    -1.641
      5.682     0.664    -1.643
      5.675     0.665    -1.646
      5.668     0.666    -1.649
      5.661     0.667    -1.651
      5.654     0.668    -1.654
      5.646     0.670    -1.657
      5.639     0.671    -1.659
      5.632     0.672    -1.662
      5.625     0.673    -1.664
      5.617     0.675    -1.667
      5.610     0.676    -1.670
      5.602     0.677    -1.673
      5.594     0.678    -1.675
      5.587     0.680    -1.678
      5.579     0.681    -1.681
      5.572     0.682    -1.683
      5.565     0.683    -1.686
      5.558     0.684    -1.688
      5.550     0.685    -1.691
      5.543     0.687    -1.694
      5.536     0.688    -1.696
      5.529     0.689    -1.699
      5.521     0.690    -1.701
      5.514     0.691    -1.704
      5.506     0.692    -1.707
      5.498     0.693    -1.709
      5.491     0.695    -1.712
      5.483     0.696    -1.715
      5.476     0.697    -1.717
      5.468     0.698    -1.720
      5.460     0.699    -1.723
      5.453     0.700    -1.725
      5.445     0.701    -1.728
      5.438     0.703    -1.730
      5.430     0.704    -1.733
      5.423     0.705    -1.736
      5.416     0.706    -1.738
      5.408     0.707    -1.740
      5.401     0.708    -1.743
      5.394     0.709    -1.745
      5.387     0.710    -1.748
      5.379     0.711    -1.750
      5.372     0.712    -1.753
      5.365     0.713    -1.755
      5.358     0.714    -1.758
      5.350     0.715    -1.760
      5.343     0.716    -1.763
      5.336     0.717    -1.765
      5.328     0.718    -1.768
      5.320     0.719    -1.770
      5.313     0.720    -1.773
      5.305     0.721    -1.775
      5.297     0.722    -1.778
      5.290     0.723    -1.780
      5.282     0.724    -1.783
      5.274     0.725    -1.785
      5.267     0.726    -1.788
      5.259     0.727    -1.790
      5.251     0.728    -1.793
      5.244     0.729    -1.795
      5.236     0.730    -1.798
      5.229     0.731    -1.800
      5.222     0.732    -1.802
      5.215     0.733    -1.805
      5.207     0.734    -1.807
      5.200     0.735    -1.810
      5.192     0.736    -1.812
      5.184     0.737    -1.814
      5.176     0.738    -1.817
      5.169     0.739    -1.819
      5.161     0.740    -1.822
      5.154     0.741    -1.824
      5.147     0.742    -1.826
      5.139     0.743    -1.829
      5.132     0.743    -1.831
      5.125     0.744    -1.833
      5.117     0.745    -1.835
      5.110     0.746    -1.838
      5.103     0.747    -1.840
      5.096     0.748    -1.842
      5.088     0.749    -1.844
      5.081     0.750    -1.846
      5.074     0.750    -1.849
      5.067     0.751    -1.851
      5.060     0.752    -1.853
      5.052     0.753    -1.855
      5.045     0.754    -1.857
      5.037     0.755    -1.860
      5.030     0.755    -1.862
      5.023     0.756    -1.864
      5.015     0.757    -1.866
      5.008     0.758    -1.868
      5.000     0.759    -1.871
      4.993     0.760    -1.873
      4.985     0.761    -1.875
      4.977     0.761    -1.877
      4.969     0.762    -1.880
      4.961     0.763    -1.882
      4.954     0.764    -1.884
      4.946     0.765    -1.886
      4.938     0.766    -1.889
      4.930     0.767    -1.891
      4.923     0.767    -1.893
      4.915     0.768    -1.895
      4.907     0.769    -1.897
      4.900     0.770    -1.899
      4.892     0.771    -1.902
      4.885     0.771    -1.904
      4.877     0.772    -1.906
      4.870     0.773    -1.908
      4.862     0.774    -1.910
      4.854     0.775    -1.912
      4.847     0.775    -1.914
      4.839     0.776    -1.916
      4.831     0.777    -1.918
      4.823     0.778    -1.920
      4.816     0.779    -1.922
      4.808     0.779    -1.924
      4.801     0.780    -1.926
      4.794     0.781    -1.928
      4.786     0.782    -1.930
      4.779     0.782    -1.932
      4.772     0.783    -1.934
      4.764     0.784    -1.936
      4.757     0.785    -1.938
      4.749     0.785    -1.940
      4.742     0.786    -1.942
      4.735     0.787    -1.944
      4.728     0.788    -1.945
      4.720     0.788    -1.947
      4.712     0.789    -1.949
      4.705     0.790    -1.951
      4.697     0.791    -1.953
      4.689     0.792    -1.955
      4.681     0.792    -1.957
      4.673     0.793    -1.959
      4.666     0.794    -1.961
      4.658     0.795    -1.963
      4.651     0.795    -1.965
      4.643     0.796    -1.966
      4.636     0.797    -1.968
      4.629     0.798    -1.970
      4.621     0.798    -1.972
      4.614     0.799    -1.974
      4.606     0.800    -1.975
      4.599     0.800    -1.977
      4.592     0.801    -1.979
      4.584     0.802    -1.981
      4.577     0.803    -1.982
      4.570     0.803    -1.984
      4.562     0.804    -1.986
      4.555     0.805    -1.987
      4.547     0.805    -1.989
      4.540     0.806    -1.991
      4.532     0.807    -1.993
      4.525     0.807    -1.994
      4.518     0.808    -1.996
      4.510     0.809    -1.998
      4.503     0.810    -1.999
      4.496     0.810    -2.001
      4.488     0.811    -2.002
      4.481     0.812    -2.004
      4.473     0.812    -2.006
      4.466     0.813    -2.007
      4.458     0.814    -2.009
      4.451     0.814    -2.011
      4.444     0.815    -2.012
      4.436     0.816    -2.014
      4.429     0.816    -2.015
      4.422     0.817    -2.017
      4.415     0.818    -2.018
      4.408     0.818    -2.020
      4.401     0.819    -2.021
      4.394     0.820    -2.023
      4.387     0.820    -2.024
      4.380     0.821    -2.025
      4.374     0.822    -2.027
      4.366     0.822    -2.028
      4.358     0.823    -2.030
      4.351     0.824    -2.031
      4.343     0.824    -2.033
      4.336     0.825    -2.034
      4.328     0.826    -2.036
      4.320     0.826    -2.037
      4.313     0.827    -2.039
      4.305     0.828    -2.040
      4.298     0.828    -2.042
      4.290     0.829    -2.043
      4.282     0.830    -2.045
      4.275     0.830    -2.046
      4.267     0.831    -2.048
      4.260     0.832    -2.049
      4.252     0.832    -2.050
      4.244     0.833    -2.052
      4.236     0.834    -2.053
      4.228     0.834    -2.055
      4.220     0.835    -2.056
      4.212     0.836    -2.058
      4.204     0.836    -2.059
      4.196     0.837    -2.060
      4.189     0.838    -2.062
      4.181     0.838    -2.063
      4.174     0.839    -2.065
      4.166     0.840    -2.066
      4.158     0.840    -2.067
      4.151     0.841    -2.068
      4.143     0.842    -2.070
      4.135     0.842    -2.071
      4.127     0.843    -2.072
      4.119     0.843    -2.074
      4.111     0.844    -2.075
      4.103     0.845    -2.076
      4.095     0.845    -2.078
      4.087     0.846    -2.079
      4.079     0.847    -2.080
      4.071     0.847    -2.082
      4.063     0.848    -2.083
      4.055     0.849    -2.084
      4.047     0.849    -2.085
      4.039     0.850    -2.087
      4.032     0.850    -2.088
      4.024     0.851    -2.089
      4.017     0.852    -2.090
      4.009     0.852    -2.091
      4.001     0.853    -2.092
      3.994     0.853    -2.093
      3.986     0.854    -2.095
      3.978     0.854    -2.096
      3.971     0.855    -2.097
      3.963     0.856    -2.098
      3.955     0.856    -2.099
      3.948     0.857    -2.100
      3.940     0.857    -2.101
      3.932     0.858    -2.102
      3.924     0.858    -2.103
      3.916     0.859    -2.105
      3.908     0.860    -2.106
      3.899     0.860    -2.107
      3.891     0.861    -2.108
      3.883     0.861    -2.109
      3.875     0.862    -2.110
      3.867     0.862    -2.111
      3.859     0.863    -2.112
      3.851     0.863    -2.113
      3.844     0.864    -2.114
      3.836     0.864    -2.115
      3.828     0.865    -2.116
      3.821     0.865    -2.117
      3.813     0.866    -2.118
      3.805     0.866    -2.119
      3.797     0.867    -2.120
      3.789     0.867    -2.121
      3.781     0.868    -2.122
      3.773     0.868    -2.123
      3.765     0.869    -2.124
      3.757     0.869    -2.125
      3.750     0.870    -2.126
      3.742     0.870    -2.127
      3.734     0.871    -2.127
      3.727     0.871    -2.128
      3.719     0.872    -2.129
      3.711     0.872    -2.130
      3.704     0.873    -2.131
      3.696     0.873    -2.132
      3.689     0.873    -2.133
      3.681     0.874    -2.133
      3.674     0.874    -2.134
      3.666     0.875    -2.135
      3.659     0.875    -2.136
      3.651     0.875    -2.137
      3.643     0.876    -2.137
      3.636     0.876    -2.138
      3.628     0.877    -2.139
      3.620     0.877    -2.140
      3.612     0.877    -2.141
      3.605     0.878    -2.141
      3.597     0.878    -2.142
      3.589     0.879    -2.143
      3.581     0.879    -2.144
      3.573     0.879    -2.144
      3.565     0.880    -2.145
      3.556     0.880    -2.146
      3.548     0.880    -2.147
      3.540     0.881    -2.148
      3.532     0.881    -2.148
      3.524     0.881    -2.149
      3.516     0.882    -2.150
      3.508     0.882    -2.151
      3.500     0.882    -2.151
      3.492     0.883    -2.152
      3.484     0.883    -2.153
      3.477     0.883    -2.153
      3.469     0.883    -2.154
      3.462     0.884    -2.155
      3.453     0.884    -2.155
      3.445     0.884    -2.156
      3.437     0.884    -2.157
      3.429     0.885    -2.157
      3.421     0.885    -2.158
      3.413     0.885    -2.159
      3.405     0.885    -2.159
      3.398     0.885    -2.160
      3.390     0.886    -2.161
      3.382     0.886    -2.161
      3.375     0.886    -2.162
      3.367     0.886    -2.162
      3.359     0.886    -2.163
      3.352     0.886    -2.164
      3.344     0.887    -2.164
      3.336     0.887    -2.165
      3.329     0.887    -2.165
      3.321     0.887    -2.166
      3.314     0.887    -2.166
      3.306     0.887    -2.167
      3.298     0.887    -2.168
      3.290     0.887    -2.168
      3.282     0.887    -2.169
      3.274     0.888    -2.169
      3.266     0.888    -2.170
      3.258     0.888    -2.171
      3.250     0.888    -2.171
      3.242     0.888    -2.172
      3.235     0.888    -2.172
      3.227     0.888    -2.173
      3.219     0.888    -2.173
      3.212     0.888    -2.174
      3.204     0.888    -2.174
      3.196     0.888    -2.175
      3.189     0.888    -2.175
      3.181     0.888    -2.176
      3.173     0.888    -2.176
      3.166     0.887    -2.177
      3.158     0.887    -2.177
      3.151     0.887    -2.178
      3.143     0.887    -2.178
      3.136     0.887    -2.179
      3.128     0.887    -2.179
      3.120     0.887    -2.180
      3.113     0.887    -2.180
      3.105     0.887    -2.180
      3.098     0.886    -2.181
      3.090     0.886    -2.181
      3.083     0.886    -2.182
      3.075     0.886    -2.182
      3.067     0.886    -2.183
      3.059     0.885    -2.183
      3.052     0.885    -2.184
      3.044     0.885    -2.184
      3.036     0.885    -2.184
      3.029     0.885    -2.185
      3.021     0.884    -2.185
      3.013     0.884    -2.186
      3.005     0.884    -2.186
      2.998     0.883    -2.187
      2.990     0.883    -2.187
      2.982     0.883    -2.187
      2.974     0.882    -2.188
      2.967     0.882    -2.188
      2.959     0.882    -2.189
      2.950     0.881    -2.189
      2.942     0.881    -2.190
      2.934     0.880    -2.190
      2.926     0.880    -2.190
      2.918     0.879    -2.191
      2.910     0.879    -2.191
      2.902     0.878    -2.192
      2.894     0.878    -2.192
      2.886     0.877    -2.192
      2.877     0.877    -2.193
      2.869     0.876    -2.193
      2.862     0.876    -2.194
      2.854     0.875    -2.194
      2.846     0.875    -2.194
      2.839     0.874    -2.195
      2.831     0.873    -2.195
      2.823     0.873    -2.195
      2.815     0.872    -2.196
      2.807     0.871    -2.196
      2.799     0.871    -2.196
      2.791     0.870    -2.197
      2.782     0.869    -2.197
      2.775     0.869    -2.197
      2.767     0.868    -2.198
      2.760     0.867    -2.198
      2.752     0.866    -2.198
      2.744     0.866    -2.199
      2.737     0.865    -2.199
      2.729     0.864    -2.199
      2.721     0.863    -2.200
      2.714     0.862    -2.200
      2.706     0.862    -2.200
      2.699     0.861    -2.201
      2.691     0.860    -2.201
      2.684     0.859    -2.201
      2.676     0.858    -2.202
      2.668     0.857    -2.202
      2.660     0.856    -2.202
      2.652     0.855    -2.203
      2.644     0.854    -2.203
      2.636     0.853    -2.203
      2.628     0.852    -2.203
      2.620     0.851    -2.204
      2.613     0.850    -2.204
      2.605     0.849    -2.204
      2.597     0.848    -2.205
      2.590     0.847    -2.205
      2.582     0.846    -2.205
      2.575     0.844    -2.206
      2.567     0.843    -2.206
      2.560     0.842    -2.206
      2.552     0.841    -2.206
      2.545     0.840    -2.207
      2.537     0.839    -2.207
      2.530     0.837    -2.207
      2.522     0.836    -2.207
      2.515     0.835    -2.208
      2.507     0.834    -2.208
      2.500     0.832    -2.208
      2.492     0.831    -2.209
      2.484     0.830    -2.209
      2.477     0.828    -2.209
      2.470     0.827    -2.209
      2.462     0.826    -2.210
      2.455     0.824    -2.210
      2.447     0.823    -2.210
      2.440     0.821    -2.210
      2.432     0.820    -2.211
      2.425     0.818    -2.211
      2.417     0.817    -2.211
      2.409     0.815    -2.212
      2.402     0.814    -2.212
      2.394     0.812    -2.212
      2.386     0.810    -2.212
      2.378     0.809    -2.213
      2.370     0.807    -2.213
      2.362     0.805    -2.213
      2.354     0.803    -2.213
      2.347     0.802    -2.214
      2.339     0.800    -2.214
      2.332     0.798    -2.214
      2.324     0.797    -2.215
      2.317     0.795    -2.215
      2.309     0.793    -2.215
      2.302     0.791    -2.215
      2.294     0.789    -2.216
      2.287     0.787    -2.216
      2.280     0.786    -2.216
      2.272     0.784    -2.216
      2.265     0.782    -2.217
      2.258     0.780    -2.217
      2.250     0.778    -2.217
      2.243     0.776    -2.217
      2.236     0.774    -2.218
      2.228     0.772    -2.218
      2.221     0.770    -2.218
      2.213     0.768    -2.219
      2.206     0.766    -2.219
      2.199     0.764    -2.219
      2.192     0.762    -2.219
      2.184     0.760    -2.220
      2.177     0.757    -2.220
      2.170     0.755    -2.220
      2.162     0.753    -2.220
      2.155     0.751    -2.221
      2.148     0.748    -2.221
      2.140     0.746    -2.221
      2.133     0.744    -2.222
      2.126     0.741    -2.222
      2.118     0.739    -2.222
      2.111     0.737    -2.222
      2.104     0.734    -2.223
      2.097     0.732    -2.223
      2.090     0.729    -2.223
      2.082     0.727    -2.224
      2.075     0.724    -2.224
      2.068     0.722    -2.224
      2.061     0.719    -2.224
      2.054     0.717    -2.225
      2.046     0.714    -2.225
      2.039     0.711    -2.225
      2.032     0.709    -2.226
      2.025     0.706    -2.226
      2.018     0.703    -2.226
      2.011     0.701    -2.227
      2.003     0.698    -2.227
      1.996     0.695    -2.227
      1.989     0.692    -2.227
      1.982     0.689    -2.228
      1.975     0.687    -2.228
      1.968     0.684    -2.228
      1.961     0.681    -2.229
      1.955     0.678    -2.229
      1.948     0.676    -2.229
      1.942     0.673    -2.230
      1.935     0.670    -2.230
      1.929     0.667    -2.230
