Count of Points:874

WCS coordinates of Points:
      7.403    -1.202    -0.427
      7.396    -1.201    -0.428
      7.389    -1.199    -0.428
      7.382    -1.198    -0.429
      7.375    -1.196    -0.430
      7.368    -1.195    -0.431
      7.361    -1.193    -0.431
      7.354    -1.192    -0.432
      7.348    -1.191    -0.433
      7.341    -1.189    -0.434
      7.334    -1.188    -0.434
      7.327    -1.186    -0.435
      7.320    -1.184    -0.436
      7.313    -1.183    -0.437
      7.306    -1.181    -0.438
      7.299    -1.180    -0.438
      7.292    -1.178    -0.439
      7.285    -1.176    -0.440
      7.278    -1.175    -0.441
      7.271    -1.173    -0.442
      7.264    -1.172    -0.442
      7.257    -1.170    -0.443
      7.250    -1.168    -0.444
      7.243    -1.167    -0.445
      7.235    -1.165    -0.446
      7.228    -1.163    -0.447
      7.220    -1.161    -0.448
      7.213    -1.159    -0.448
      7.205    -1.157    -0.449
      7.198    -1.156    -0.450
      7.191    -1.154    -0.451
      7.184    -1.152    -0.452
      7.177    -1.150    -0.453
      7.170    -1.149    -0.454
      7.163    -1.147    -0.454
      7.156    -1.145    -0.455
      7.149    -1.143    -0.456
      7.141    -1.141    -0.457
      7.134    -1.139    -0.458
      7.126    -1.137    -0.459
      7.119    -1.135    -0.460
      7.111    -1.133    -0.461
      7.103    -1.131    -0.462
      7.096    -1.129    -0.463
      7.088    -1.127    -0.464
      7.081    -1.125    -0.465
      7.073    -1.123    -0.466
      7.066    -1.121    -0.467
      7.058    -1.119    -0.468
      7.051    -1.116    -0.469
      7.044    -1.115    -0.469
      7.037    -1.113    -0.470
      7.030    -1.111    -0.471
      7.023    -1.109    -0.472
      7.017    -1.107    -0.473
      7.010    -1.105    -0.474
      7.003    -1.103    -0.475
      6.995    -1.100    -0.476
      6.988    -1.098    -0.477
      6.980    -1.096    -0.478
      6.973    -1.094    -0.479
      6.965    -1.092    -0.480
      6.958    -1.089    -0.481
      6.950    -1.087    -0.482
      6.943    -1.085    -0.483
      6.935    -1.082    -0.484
      6.928    -1.080    -0.485
      6.920    -1.078    -0.486
      6.913    -1.076    -0.487
      6.906    -1.073    -0.488
      6.898    -1.071    -0.489
      6.891    -1.069    -0.490
      6.883    -1.066    -0.491
      6.876    -1.064    -0.492
      6.868    -1.062    -0.493
      6.861    -1.059    -0.494
      6.854    -1.057    -0.495
      6.846    -1.055    -0.496
      6.839    -1.052    -0.497
      6.832    -1.050    -0.498
      6.824    -1.047    -0.499
      6.817    -1.045    -0.500
      6.809    -1.043    -0.501
      6.802    -1.040    -0.503
      6.794    -1.038    -0.504
      6.787    -1.035    -0.505
      6.779    -1.033    -0.506
      6.773    -1.030    -0.507
      6.766    -1.028    -0.508
      6.759    -1.026    -0.509
      6.752    -1.024    -0.510
      6.745    -1.021    -0.511
      6.739    -1.019    -0.512
      6.732    -1.017    -0.513
      6.725    -1.014    -0.514
      6.717    -1.012    -0.515
      6.710    -1.009    -0.516
      6.702    -1.007    -0.517
      6.695    -1.004    -0.518
      6.688    -1.001    -0.519
      6.680    -0.999    -0.520
      6.673    -0.996    -0.521
      6.665    -0.994    -0.522
      6.658    -0.991    -0.524
      6.651    -0.989    -0.525
      6.643    -0.986    -0.526
      6.636    -0.983    -0.527
      6.629    -0.981    -0.528
      6.622    -0.978    -0.529
      6.614    -0.976    -0.530
      6.607    -0.973    -0.531
      6.599    -0.970    -0.532
      6.592    -0.968    -0.533
      6.585    -0.965    -0.534
      6.578    -0.962    -0.536
      6.570    -0.960    -0.537
      6.563    -0.957    -0.538
      6.556    -0.954    -0.539
      6.548    -0.952    -0.540
      6.541    -0.949    -0.541
      6.534    -0.946    -0.542
      6.526    -0.944    -0.543
      6.519    -0.941    -0.544
      6.512    -0.938    -0.546
      6.504    -0.935    -0.547
      6.497    -0.933    -0.548
      6.490    -0.930    -0.549
      6.482    -0.927    -0.550
      6.475    -0.924    -0.551
      6.468    -0.922    -0.552
      6.461    -0.919    -0.553
      6.453    -0.916    -0.554
      6.446    -0.913    -0.556
      6.439    -0.911    -0.557
      6.431    -0.908    -0.558
      6.424    -0.905    -0.559
      6.417    -0.902    -0.560
      6.409    -0.899    -0.561
      6.402    -0.897    -0.562
      6.395    -0.894    -0.563
      6.387    -0.891    -0.565
      6.380    -0.888    -0.566
      6.373    -0.885    -0.567
      6.366    -0.883    -0.568
      6.358    -0.880    -0.569
      6.351    -0.877    -0.570
      6.344    -0.874    -0.571
      6.337    -0.871    -0.572
      6.330    -0.869    -0.573
      6.323    -0.866    -0.574
      6.317    -0.864    -0.575
      6.310    -0.861    -0.576
      6.303    -0.858    -0.577
      6.297    -0.856    -0.578
      6.290    -0.853    -0.580
      6.284    -0.850    -0.581
      6.277    -0.848    -0.582
      6.270    -0.845    -0.583
      6.264    -0.843    -0.584
      6.257    -0.840    -0.585
      6.250    -0.837    -0.586
      6.242    -0.834    -0.587
      6.235    -0.831    -0.588
      6.228    -0.828    -0.589
      6.221    -0.825    -0.590
      6.213    -0.822    -0.591
      6.206    -0.820    -0.592
      6.199    -0.817    -0.593
      6.192    -0.814    -0.594
      6.184    -0.811    -0.596
      6.177    -0.808    -0.597
      6.170    -0.805    -0.598
      6.163    -0.802    -0.599
      6.156    -0.799    -0.600
      6.148    -0.796    -0.601
      6.141    -0.793    -0.602
      6.134    -0.790    -0.603
      6.127    -0.787    -0.604
      6.119    -0.784    -0.605
      6.112    -0.782    -0.606
      6.105    -0.779    -0.607
      6.098    -0.776    -0.608
      6.091    -0.773    -0.609
      6.084    -0.770    -0.611
      6.076    -0.767    -0.612
      6.069    -0.764    -0.613
      6.062    -0.761    -0.614
      6.055    -0.758    -0.615
      6.047    -0.755    -0.616
      6.040    -0.752    -0.617
      6.033    -0.749    -0.618
      6.026    -0.746    -0.619
      6.018    -0.743    -0.620
      6.011    -0.740    -0.621
      6.004    -0.737    -0.622
      5.997    -0.734    -0.623
      5.990    -0.731    -0.624
      5.982    -0.728    -0.625
      5.975    -0.725    -0.626
      5.968    -0.722    -0.627
      5.961    -0.719    -0.628
      5.954    -0.716    -0.629
      5.946    -0.713    -0.630
      5.939    -0.710    -0.631
      5.932    -0.707    -0.632
      5.925    -0.704    -0.633
      5.917    -0.701    -0.634
      5.910    -0.698    -0.635
      5.903    -0.695    -0.636
      5.896    -0.692    -0.637
      5.888    -0.688    -0.638
      5.881    -0.685    -0.639
      5.874    -0.682    -0.640
      5.867    -0.680    -0.641
      5.861    -0.677    -0.642
      5.854    -0.674    -0.643
      5.847    -0.671    -0.644
      5.841    -0.668    -0.645
      5.834    -0.665    -0.645
      5.827    -0.662    -0.646
      5.820    -0.659    -0.647
      5.812    -0.656    -0.648
      5.805    -0.653    -0.649
      5.798    -0.650    -0.650
      5.791    -0.647    -0.651
      5.784    -0.644    -0.652
      5.777    -0.641    -0.653
      5.770    -0.638    -0.654
      5.762    -0.635    -0.655
      5.755    -0.632    -0.656
      5.748    -0.629    -0.656
      5.741    -0.625    -0.657
      5.733    -0.622    -0.658
      5.726    -0.619    -0.659
      5.719    -0.616    -0.660
      5.712    -0.613    -0.661
      5.704    -0.610    -0.662
      5.697    -0.607    -0.663
      5.690    -0.604    -0.664
      5.683    -0.600    -0.664
      5.675    -0.597    -0.665
      5.668    -0.594    -0.666
      5.662    -0.591    -0.667
      5.655    -0.588    -0.668
      5.648    -0.585    -0.669
      5.642    -0.583    -0.669
      5.635    -0.580    -0.670
      5.629    -0.577    -0.671
      5.621    -0.574    -0.672
      5.614    -0.570    -0.673
      5.607    -0.567    -0.673
      5.600    -0.564    -0.674
      5.592    -0.561    -0.675
      5.585    -0.558    -0.676
      5.578    -0.555    -0.677
      5.571    -0.552    -0.677
      5.565    -0.549    -0.678
      5.558    -0.546    -0.679
      5.551    -0.543    -0.679
      5.545    -0.540    -0.680
      5.538    -0.537    -0.681
      5.532    -0.534    -0.682
      5.525    -0.531    -0.682
      5.518    -0.528    -0.683
      5.512    -0.525    -0.684
      5.505    -0.522    -0.684
      5.499    -0.520    -0.685
      5.492    -0.517    -0.686
      5.486    -0.514    -0.686
      5.480    -0.511    -0.687
      5.474    -0.508    -0.688
      5.467    -0.506    -0.688
      5.461    -0.503    -0.689
      5.454    -0.500    -0.690
      5.448    -0.497    -0.690
      5.441    -0.494    -0.691
      5.435    -0.491    -0.692
      5.428    -0.488    -0.692
      5.422    -0.485    -0.693
      5.414    -0.482    -0.693
      5.407    -0.479    -0.694
      5.400    -0.476    -0.695
      5.393    -0.472    -0.696
      5.386    -0.469    -0.696
      5.378    -0.466    -0.697
      5.371    -0.463    -0.698
      5.364    -0.459    -0.698
      5.357    -0.456    -0.699
      5.350    -0.453    -0.699
      5.343    -0.450    -0.700
      5.336    -0.447    -0.701
      5.328    -0.443    -0.701
      5.321    -0.440    -0.702
      5.314    -0.437    -0.703
      5.307    -0.434    -0.703
      5.300    -0.430    -0.704
      5.293    -0.427    -0.704
      5.286    -0.424    -0.705
      5.278    -0.421    -0.706
      5.271    -0.417    -0.706
      5.264    -0.414    -0.707
      5.257    -0.411    -0.707
      5.250    -0.408    -0.708
      5.243    -0.404    -0.709
      5.236    -0.401    -0.709
      5.229    -0.398    -0.710
      5.221    -0.395    -0.710
      5.214    -0.391    -0.711
      5.207    -0.388    -0.711
      5.200    -0.385    -0.712
      5.193    -0.381    -0.712
      5.185    -0.378    -0.713
      5.178    -0.375    -0.714
      5.171    -0.372    -0.714
      5.164    -0.368    -0.715
      5.157    -0.365    -0.715
      5.150    -0.362    -0.716
      5.143    -0.359    -0.716
      5.136    -0.355    -0.717
      5.128    -0.352    -0.717
      5.121    -0.349    -0.718
      5.114    -0.345    -0.718
      5.107    -0.342    -0.719
      5.100    -0.339    -0.719
      5.093    -0.335    -0.720
      5.085    -0.332    -0.720
      5.078    -0.329    -0.721
      5.071    -0.325    -0.721
      5.064    -0.322    -0.721
      5.057    -0.319    -0.722
      5.049    -0.316    -0.722
      5.042    -0.312    -0.723
      5.036    -0.309    -0.723
      5.029    -0.306    -0.724
      5.023    -0.303    -0.724
      5.016    -0.300    -0.725
      5.009    -0.297    -0.725
      5.003    -0.294    -0.725
      4.996    -0.291    -0.726
      4.988    -0.287    -0.726
      4.981    -0.284    -0.727
      4.974    -0.281    -0.727
      4.967    -0.277    -0.727
      4.960    -0.274    -0.728
      4.953    -0.271    -0.728
      4.946    -0.267    -0.729
      4.939    -0.264    -0.729
      4.932    -0.261    -0.729
      4.924    -0.257    -0.730
      4.917    -0.254    -0.730
      4.910    -0.251    -0.731
      4.903    -0.247    -0.731
      4.896    -0.244    -0.731
      4.889    -0.241    -0.732
      4.881    -0.237    -0.732
      4.874    -0.234    -0.732
      4.867    -0.231    -0.733
      4.860    -0.227    -0.733
      4.853    -0.224    -0.734
      4.845    -0.221    -0.734
      4.838    -0.217    -0.734
      4.832    -0.214    -0.735
      4.825    -0.211    -0.735
      4.819    -0.208    -0.735
      4.812    -0.205    -0.736
      4.805    -0.202    -0.736
      4.799    -0.199    -0.736
      4.792    -0.196    -0.736
      4.784    -0.192    -0.737
      4.777    -0.189    -0.737
      4.770    -0.186    -0.737
      4.763    -0.182    -0.738
      4.756    -0.179    -0.738
      4.748    -0.176    -0.738
      4.742    -0.172    -0.739
      4.735    -0.169    -0.739
      4.729    -0.166    -0.739
      4.722    -0.163    -0.740
      4.716    -0.160    -0.740
      4.709    -0.157    -0.740
      4.702    -0.154    -0.740
      4.696    -0.151    -0.741
      4.689    -0.148    -0.741
      4.683    -0.145    -0.741
      4.676    -0.142    -0.741
      4.669    -0.139    -0.742
      4.663    -0.136    -0.742
      4.657    -0.133    -0.742
      4.651    -0.130    -0.742
      4.645    -0.127    -0.743
      4.638    -0.125    -0.743
      4.631    -0.121    -0.743
      4.624    -0.118    -0.743
      4.617    -0.115    -0.744
      4.610    -0.111    -0.744
      4.602    -0.108    -0.744
      4.595    -0.105    -0.744
      4.588    -0.102    -0.745
      4.581    -0.098    -0.745
      4.574    -0.095    -0.745
      4.567    -0.092    -0.745
      4.560    -0.088    -0.745
      4.553    -0.085    -0.746
      4.545    -0.082    -0.746
      4.538    -0.079    -0.746
      4.531    -0.075    -0.746
      4.524    -0.072    -0.747
      4.516    -0.069    -0.747
      4.509    -0.065    -0.747
      4.502    -0.062    -0.747
      4.495    -0.059    -0.747
      4.488    -0.056    -0.748
      4.480    -0.052    -0.748
      4.473    -0.049    -0.748
      4.467    -0.046    -0.748
      4.460    -0.043    -0.748
      4.453    -0.040    -0.749
      4.447    -0.037    -0.749
      4.440    -0.034    -0.749
      4.433    -0.031    -0.749
      4.426    -0.028    -0.749
      4.419    -0.025    -0.750
      4.412    -0.022    -0.750
      4.404    -0.018    -0.750
      4.397    -0.015    -0.750
      4.390    -0.012    -0.750
      4.383    -0.009    -0.750
      4.376    -0.006    -0.751
      4.369    -0.003    -0.751
      4.363     0.000    -0.751
      4.356     0.003    -0.751
      4.349     0.006    -0.751
      4.343     0.009    -0.751
      4.336     0.012    -0.752
      4.329     0.015    -0.752
      4.323     0.018    -0.752
      4.316     0.021    -0.752
      4.310     0.023    -0.752
      4.303     0.026    -0.752
      4.297     0.029    -0.752
      4.290     0.032    -0.753
      4.284     0.035    -0.753
      4.278     0.037    -0.753
      4.271     0.040    -0.753
      4.264     0.043    -0.753
      4.257     0.046    -0.753
      4.250     0.049    -0.753
      4.242     0.052    -0.753
      4.235     0.056    -0.754
      4.228     0.059    -0.754
      4.220     0.062    -0.754
      4.214     0.065    -0.754
      4.207     0.067    -0.754
      4.200     0.070    -0.754
      4.194     0.073    -0.754
      4.187     0.076    -0.755
      4.180     0.079    -0.755
      4.173     0.082    -0.755
      4.167     0.084    -0.755
      4.160     0.087    -0.755
      4.153     0.090    -0.755
      4.147     0.093    -0.755
      4.140     0.095    -0.755
      4.134     0.098    -0.755
      4.127     0.101    -0.756
      4.121     0.103    -0.756
      4.115     0.106    -0.756
      4.108     0.108    -0.756
      4.101     0.111    -0.756
      4.095     0.114    -0.756
      4.088     0.117    -0.756
      4.081     0.119    -0.756
      4.075     0.122    -0.756
      4.068     0.125    -0.756
      4.061     0.127    -0.757
      4.055     0.130    -0.757
      4.049     0.132    -0.757
      4.042     0.135    -0.757
      4.036     0.137    -0.757
      4.029     0.140    -0.757
      4.022     0.143    -0.757
      4.015     0.146    -0.757
      4.007     0.149    -0.757
      4.000     0.151    -0.757
      3.993     0.154    -0.757
      3.986     0.157    -0.758
      3.979     0.160    -0.758
      3.972     0.162    -0.758
      3.966     0.165    -0.758
      3.959     0.167    -0.758
      3.952     0.170    -0.758
      3.945     0.172    -0.758
      3.939     0.175    -0.758
      3.932     0.178    -0.758
      3.924     0.180    -0.758
      3.917     0.183    -0.758
      3.910     0.186    -0.758
      3.902     0.189    -0.758
      3.895     0.191    -0.759
      3.887     0.194    -0.759
      3.880     0.197    -0.759
      3.873     0.200    -0.759
      3.865     0.202    -0.759
      3.858     0.205    -0.759
      3.850     0.208    -0.759
      3.843     0.210    -0.759
      3.836     0.213    -0.759
      3.828     0.215    -0.759
      3.821     0.218    -0.759
      3.813     0.221    -0.759
      3.806     0.223    -0.759
      3.798     0.226    -0.759
      3.791     0.228    -0.760
      3.784     0.231    -0.760
      3.776     0.233    -0.760
      3.769     0.236    -0.760
      3.762     0.238    -0.760
      3.754     0.241    -0.760
      3.747     0.244    -0.760
      3.739     0.246    -0.760
      3.732     0.249    -0.760
      3.724     0.251    -0.760
      3.716     0.254    -0.760
      3.709     0.256    -0.760
      3.701     0.258    -0.760
      3.694     0.261    -0.760
      3.686     0.263    -0.760
      3.679     0.266    -0.760
      3.671     0.268    -0.760
      3.664     0.270    -0.760
      3.656     0.273    -0.761
      3.649     0.275    -0.761
      3.642     0.277    -0.761
      3.634     0.280    -0.761
      3.626     0.282    -0.761
      3.619     0.284    -0.761
      3.611     0.287    -0.761
      3.604     0.289    -0.761
      3.596     0.291    -0.761
      3.589     0.294    -0.761
      3.581     0.296    -0.761
      3.573     0.298    -0.761
      3.566     0.300    -0.761
      3.558     0.302    -0.761
      3.550     0.305    -0.761
      3.543     0.307    -0.761
      3.535     0.309    -0.761
      3.528     0.311    -0.761
      3.521     0.313    -0.761
      3.514     0.315    -0.761
      3.507     0.317    -0.761
      3.500     0.319    -0.761
      3.493     0.320    -0.761
      3.485     0.323    -0.761
      3.478     0.325    -0.761
      3.470     0.327    -0.762
      3.463     0.329    -0.762
      3.455     0.331    -0.762
      3.447     0.333    -0.762
      3.440     0.334    -0.762
      3.432     0.336    -0.762
      3.425     0.338    -0.762
      3.417     0.340    -0.762
      3.409     0.342    -0.762
      3.402     0.344    -0.762
      3.394     0.346    -0.762
      3.386     0.348    -0.762
      3.379     0.349    -0.762
      3.371     0.351    -0.762
      3.363     0.353    -0.762
      3.355     0.355    -0.762
      3.348     0.357    -0.762
      3.340     0.358    -0.762
      3.332     0.360    -0.762
      3.324     0.362    -0.762
      3.317     0.363    -0.762
      3.310     0.365    -0.762
      3.302     0.367    -0.762
      3.295     0.368    -0.762
      3.288     0.370    -0.762
      3.281     0.371    -0.762
      3.274     0.372    -0.762
      3.266     0.374    -0.762
      3.258     0.376    -0.762
      3.251     0.377    -0.762
      3.243     0.379    -0.762
      3.235     0.380    -0.762
      3.227     0.382    -0.762
      3.220     0.383    -0.762
      3.212     0.384    -0.762
      3.205     0.386    -0.762
      3.198     0.387    -0.762
      3.191     0.388    -0.762
      3.184     0.390    -0.762
      3.177     0.391    -0.762
      3.169     0.392    -0.762
      3.162     0.393    -0.762
      3.155     0.394    -0.762
      3.148     0.396    -0.762
      3.141     0.397    -0.762
      3.134     0.398    -0.762
      3.127     0.399    -0.762
      3.120     0.400    -0.762
      3.113     0.401    -0.762
      3.106     0.402    -0.762
      3.100     0.403    -0.762
      3.092     0.404    -0.762
      3.084     0.405    -0.762
      3.076     0.407    -0.762
      3.068     0.408    -0.762
      3.060     0.409    -0.762
      3.053     0.410    -0.762
      3.045     0.411    -0.763
      3.037     0.412    -0.763
      3.030     0.413    -0.763
      3.022     0.414    -0.763
      3.014     0.415    -0.763
      3.006     0.415    -0.763
      2.998     0.416    -0.763
      2.990     0.417    -0.763
      2.982     0.418    -0.763
      2.975     0.419    -0.763
      2.967     0.420    -0.763
      2.959     0.421    -0.763
      2.951     0.421    -0.763
      2.943     0.422    -0.763
      2.935     0.423    -0.763
      2.927     0.424    -0.763
      2.919     0.424    -0.763
      2.912     0.425    -0.763
      2.905     0.425    -0.763
      2.898     0.426    -0.763
      2.890     0.427    -0.763
      2.883     0.427    -0.763
      2.876     0.428    -0.763
      2.868     0.428    -0.763
      2.860     0.429    -0.763
      2.852     0.429    -0.763
      2.844     0.430    -0.763
      2.836     0.430    -0.763
      2.828     0.431    -0.763
      2.820     0.431    -0.763
      2.813     0.431    -0.763
      2.806     0.432    -0.763
      2.799     0.432    -0.763
      2.791     0.432    -0.763
      2.784     0.432    -0.763
      2.777     0.433    -0.763
      2.770     0.433    -0.763
      2.762     0.433    -0.763
      2.755     0.433    -0.763
      2.748     0.434    -0.763
      2.740     0.434    -0.763
      2.733     0.434    -0.763
      2.726     0.434    -0.763
      2.719     0.434    -0.763
      2.713     0.434    -0.763
      2.706     0.434    -0.763
      2.699     0.434    -0.763
      2.691     0.434    -0.763
      2.683     0.434    -0.763
      2.675     0.434    -0.763
      2.667     0.434    -0.763
      2.659     0.434    -0.763
      2.651     0.434    -0.763
      2.643     0.434    -0.763
      2.636     0.434    -0.763
      2.629     0.434    -0.763
      2.622     0.434    -0.763
      2.614     0.434    -0.763
      2.607     0.433    -0.763
      2.600     0.433    -0.763
      2.593     0.433    -0.763
      2.585     0.433    -0.763
      2.578     0.432    -0.763
      2.571     0.432    -0.763
      2.564     0.432    -0.763
      2.556     0.431    -0.763
      2.549     0.431    -0.763
      2.543     0.431    -0.763
      2.536     0.430    -0.763
      2.529     0.430    -0.763
      2.522     0.430    -0.763
      2.515     0.429    -0.763
      2.508     0.429    -0.763
      2.500     0.428    -0.763
      2.493     0.428    -0.763
      2.486     0.427    -0.763
      2.478     0.427    -0.763
      2.472     0.426    -0.763
      2.465     0.426    -0.763
      2.458     0.425    -0.763
      2.451     0.425    -0.763
      2.444     0.424    -0.763
      2.437     0.423    -0.763
      2.429     0.423    -0.763
      2.421     0.422    -0.763
      2.414     0.421    -0.763
      2.406     0.420    -0.763
      2.399     0.420    -0.763
      2.391     0.419    -0.763
      2.383     0.418    -0.763
      2.376     0.417    -0.763
      2.368     0.416    -0.763
      2.360     0.415    -0.763
      2.352     0.414    -0.763
      2.344     0.413    -0.763
      2.336     0.412    -0.763
      2.329     0.411    -0.763
      2.321     0.410    -0.763
      2.313     0.409    -0.763
      2.305     0.408    -0.763
      2.298     0.407    -0.763
      2.290     0.406    -0.763
      2.282     0.405    -0.763
      2.274     0.403    -0.763
      2.266     0.402    -0.763
      2.258     0.401    -0.763
      2.251     0.400    -0.763
      2.243     0.398    -0.763
      2.235     0.397    -0.763
      2.227     0.396    -0.763
      2.219     0.394    -0.763
      2.211     0.393    -0.763
      2.204     0.392    -0.763
      2.197     0.390    -0.763
      2.189     0.389    -0.763
      2.182     0.388    -0.763
      2.175     0.386    -0.763
      2.168     0.385    -0.763
      2.161     0.384    -0.763
      2.153     0.382    -0.763
      2.145     0.381    -0.763
      2.137     0.379    -0.763
      2.130     0.377    -0.763
      2.122     0.376    -0.763
      2.114     0.374    -0.763
      2.106     0.372    -0.763
      2.099     0.371    -0.763
      2.092     0.369    -0.763
      2.085     0.368    -0.763
      2.078     0.366    -0.763
      2.071     0.365    -0.763
      2.064     0.363    -0.763
      2.057     0.361    -0.763
      2.050     0.360    -0.763
      2.043     0.358    -0.763
      2.036     0.356    -0.763
      2.029     0.354    -0.763
      2.021     0.353    -0.763
      2.015     0.351    -0.763
      2.008     0.349    -0.763
      2.002     0.348    -0.763
      1.995     0.346    -0.763
      1.988     0.344    -0.763
      1.981     0.342    -0.763
      1.973     0.340    -0.763
      1.965     0.338    -0.763
      1.958     0.336    -0.763
      1.950     0.334    -0.763
      1.942     0.332    -0.763
      1.935     0.329    -0.763
      1.928     0.328    -0.763
      1.921     0.326    -0.763
      1.914     0.323    -0.763
      1.907     0.321    -0.763
      1.900     0.319    -0.763
      1.893     0.317    -0.763
      1.886     0.315    -0.763
      1.879     0.313    -0.763
      1.872     0.311    -0.763
      1.865     0.309    -0.763
      1.858     0.307    -0.763
      1.851     0.304    -0.763
      1.845     0.302    -0.763
      1.838     0.300    -0.763
      1.832     0.298    -0.763
      1.825     0.296    -0.763
      1.819     0.294    -0.763
      1.812     0.292    -0.763
      1.805     0.289    -0.763
      1.798     0.287    -0.763
      1.791     0.285    -0.763
      1.784     0.282    -0.763
      1.777     0.280    -0.763
      1.771     0.278    -0.763
      1.764     0.276    -0.763
      1.758     0.273    -0.763
      1.751     0.271    -0.763
      1.745     0.269    -0.763
      1.738     0.266    -0.763
      1.731     0.264    -0.763
      1.723     0.261    -0.763
      1.716     0.258    -0.763
      1.709     0.256    -0.763
      1.702     0.253    -0.763
      1.695     0.250    -0.763
      1.688     0.248    -0.763
      1.680     0.245    -0.763
      1.673     0.242    -0.763
      1.665     0.239    -0.763
      1.658     0.236    -0.763
      1.651     0.233    -0.763
      1.643     0.230    -0.763
      1.636     0.227    -0.763
      1.629     0.225    -0.763
      1.622     0.222    -0.763
      1.616     0.219    -0.763
      1.609     0.216    -0.763
      1.602     0.214    -0.763
      1.595     0.211    -0.763
      1.589     0.208    -0.763
      1.582     0.205    -0.763
      1.575     0.202    -0.763
      1.569     0.200    -0.763
      1.562     0.197    -0.763
      1.555     0.194    -0.763
      1.549     0.191    -0.763
      1.543     0.188    -0.763
      1.536     0.186    -0.763
      1.530     0.183    -0.763
      1.524     0.180    -0.763
      1.517     0.177    -0.763
      1.511     0.174    -0.763
      1.504     0.171    -0.763
      1.497     0.168    -0.763
      1.491     0.165    -0.763
      1.484     0.162    -0.763
      1.478     0.159    -0.763
      1.472     0.156    -0.763
      1.466     0.153    -0.763
      1.459     0.150    -0.763
      1.453     0.147    -0.763
      1.446     0.144    -0.763
      1.439     0.141    -0.763
      1.433     0.137    -0.763
      1.426     0.134    -0.763
      1.419     0.130    -0.763
      1.412     0.127    -0.763
      1.405     0.124    -0.763
      1.398     0.120    -0.763
      1.392     0.117    -0.763
      1.385     0.114    -0.763
      1.379     0.110    -0.763
      1.372     0.107    -0.763
      1.366     0.104    -0.763
      1.359     0.100    -0.763
      1.353     0.097    -0.763
      1.347     0.094    -0.763
      1.341     0.091    -0.763
      1.335     0.088    -0.763
      1.329     0.084    -0.763
      1.322     0.081    -0.763
      1.316     0.077    -0.763
      1.309     0.074    -0.763
      1.302     0.070    -0.763
      1.296     0.066    -0.763
      1.289     0.062    -0.763
      1.282     0.059    -0.763
      1.275     0.055    -0.763
      1.269     0.051    -0.763
      1.262     0.048    -0.763
      1.256     0.044    -0.763
      1.249     0.040    -0.763
      1.242     0.036    -0.763
      1.236     0.032    -0.763
      1.229     0.028    -0.763
      1.222     0.025    -0.763
      1.215     0.021    -0.763
      1.209     0.016    -0.763
      1.202     0.012    -0.763
      1.195     0.008    -0.763
      1.188     0.004    -0.763
      1.181     0.000    -0.763
