Count of Points:869

WCS coordinates of Points:
      7.496    -0.240    -0.913
      7.488    -0.238    -0.914
      7.480    -0.236    -0.915
      7.472    -0.234    -0.916
      7.464    -0.232    -0.917
      7.456    -0.230    -0.918
      7.449    -0.228    -0.919
      7.441    -0.226    -0.920
      7.433    -0.224    -0.921
      7.426    -0.223    -0.922
      7.419    -0.221    -0.923
      7.412    -0.219    -0.924
      7.404    -0.217    -0.925
      7.397    -0.215    -0.926
      7.390    -0.213    -0.928
      7.383    -0.212    -0.929
      7.375    -0.210    -0.930
      7.368    -0.208    -0.931
      7.361    -0.206    -0.932
      7.354    -0.204    -0.933
      7.347    -0.202    -0.934
      7.340    -0.200    -0.935
      7.333    -0.198    -0.936
      7.327    -0.197    -0.938
      7.320    -0.195    -0.939
      7.313    -0.193    -0.940
      7.306    -0.191    -0.941
      7.298    -0.189    -0.942
      7.291    -0.187    -0.944
      7.284    -0.185    -0.945
      7.277    -0.183    -0.946
      7.270    -0.181    -0.947
      7.263    -0.179    -0.949
      7.257    -0.177    -0.950
      7.250    -0.175    -0.951
      7.243    -0.173    -0.952
      7.236    -0.172    -0.953
      7.230    -0.170    -0.955
      7.223    -0.168    -0.956
      7.216    -0.166    -0.957
      7.209    -0.164    -0.959
      7.203    -0.162    -0.960
      7.196    -0.160    -0.961
      7.190    -0.158    -0.962
      7.183    -0.156    -0.964
      7.176    -0.154    -0.965
      7.169    -0.152    -0.967
      7.162    -0.150    -0.968
      7.155    -0.148    -0.970
      7.147    -0.146    -0.971
      7.140    -0.144    -0.972
      7.134    -0.142    -0.974
      7.127    -0.140    -0.975
      7.120    -0.138    -0.977
      7.114    -0.136    -0.978
      7.107    -0.134    -0.980
      7.100    -0.132    -0.981
      7.094    -0.130    -0.982
      7.087    -0.128    -0.984
      7.080    -0.126    -0.985
      7.074    -0.124    -0.987
      7.067    -0.122    -0.988
      7.061    -0.120    -0.990
      7.054    -0.118    -0.991
      7.047    -0.116    -0.993
      7.041    -0.114    -0.994
      7.034    -0.112    -0.996
      7.027    -0.110    -0.997
      7.021    -0.108    -0.999
      7.014    -0.106    -1.001
      7.008    -0.104    -1.002
      7.001    -0.102    -1.004
      6.995    -0.100    -1.005
      6.988    -0.098    -1.007
      6.980    -0.095    -1.009
      6.973    -0.093    -1.011
      6.965    -0.091    -1.013
      6.957    -0.088    -1.015
      6.949    -0.086    -1.016
      6.942    -0.083    -1.018
      6.935    -0.081    -1.020
      6.928    -0.079    -1.022
      6.921    -0.077    -1.024
      6.914    -0.075    -1.026
      6.907    -0.073    -1.027
      6.900    -0.070    -1.029
      6.893    -0.068    -1.031
      6.887    -0.066    -1.033
      6.880    -0.064    -1.034
      6.873    -0.062    -1.036
      6.867    -0.060    -1.038
      6.860    -0.058    -1.040
      6.854    -0.056    -1.041
      6.847    -0.054    -1.043
      6.840    -0.052    -1.045
      6.834    -0.050    -1.047
      6.827    -0.048    -1.049
      6.821    -0.046    -1.050
      6.814    -0.044    -1.052
      6.808    -0.042    -1.054
      6.801    -0.040    -1.056
      6.795    -0.038    -1.058
      6.788    -0.036    -1.059
      6.782    -0.034    -1.061
      6.775    -0.032    -1.063
      6.769    -0.030    -1.065
      6.762    -0.028    -1.067
      6.756    -0.026    -1.069
      6.749    -0.024    -1.070
      6.742    -0.021    -1.073
      6.734    -0.019    -1.075
      6.726    -0.016    -1.077
      6.719    -0.014    -1.079
      6.711    -0.012    -1.082
      6.703    -0.009    -1.084
      6.697    -0.007    -1.086
      6.690    -0.005    -1.088
      6.684    -0.003    -1.090
      6.677    -0.001    -1.092
      6.671     0.001    -1.093
      6.664     0.003    -1.095
      6.658     0.005    -1.097
      6.651     0.007    -1.099
      6.645     0.009    -1.101
      6.637     0.011    -1.103
      6.630     0.013    -1.106
      6.622     0.016    -1.108
      6.614     0.018    -1.110
      6.607     0.020    -1.113
      6.599     0.022    -1.115
      6.592     0.025    -1.117
      6.584     0.027    -1.120
      6.576     0.029    -1.122
      6.569     0.032    -1.124
      6.561     0.034    -1.127
      6.553     0.036    -1.129
      6.546     0.038    -1.131
      6.539     0.041    -1.134
      6.532     0.043    -1.136
      6.524     0.045    -1.138
      6.517     0.047    -1.140
      6.510     0.049    -1.143
      6.503     0.051    -1.145
      6.497     0.053    -1.147
      6.490     0.055    -1.149
      6.483     0.057    -1.151
      6.476     0.059    -1.154
      6.469     0.061    -1.156
      6.463     0.063    -1.158
      6.456     0.065    -1.160
      6.450     0.067    -1.162
      6.443     0.069    -1.164
      6.437     0.071    -1.166
      6.430     0.073    -1.168
      6.423     0.075    -1.170
      6.417     0.076    -1.172
      6.410     0.078    -1.175
      6.404     0.080    -1.177
      6.398     0.082    -1.179
      6.391     0.084    -1.181
      6.385     0.086    -1.183
      6.378     0.088    -1.185
      6.372     0.089    -1.187
      6.365     0.091    -1.189
      6.359     0.093    -1.191
      6.352     0.095    -1.193
      6.346     0.097    -1.196
      6.339     0.099    -1.198
      6.333     0.100    -1.200
      6.326     0.102    -1.202
      6.319     0.104    -1.204
      6.311     0.106    -1.207
      6.303     0.109    -1.209
      6.296     0.111    -1.212
      6.288     0.113    -1.214
      6.281     0.115    -1.217
      6.274     0.117    -1.219
      6.267     0.118    -1.221
      6.261     0.120    -1.223
      6.254     0.122    -1.225
      6.248     0.124    -1.228
      6.241     0.126    -1.230
      6.235     0.127    -1.232
      6.228     0.129    -1.234
      6.222     0.131    -1.236
      6.214     0.133    -1.239
      6.207     0.135    -1.241
      6.199     0.137    -1.244
      6.191     0.139    -1.246
      6.184     0.141    -1.249
      6.176     0.143    -1.251
      6.168     0.145    -1.254
      6.161     0.147    -1.256
      6.153     0.149    -1.259
      6.145     0.151    -1.261
      6.138     0.153    -1.264
      6.130     0.155    -1.266
      6.123     0.157    -1.269
      6.116     0.159    -1.271
      6.108     0.161    -1.273
      6.101     0.163    -1.276
      6.094     0.164    -1.278
      6.087     0.166    -1.280
      6.081     0.168    -1.283
      6.074     0.169    -1.285
      6.068     0.171    -1.287
      6.061     0.173    -1.289
      6.055     0.174    -1.291
      6.048     0.176    -1.293
      6.042     0.178    -1.295
      6.035     0.179    -1.298
      6.027     0.181    -1.300
      6.020     0.183    -1.303
      6.012     0.185    -1.305
      6.004     0.187    -1.308
      5.997     0.189    -1.310
      5.989     0.191    -1.313
      5.981     0.193    -1.315
      5.974     0.195    -1.318
      5.966     0.196    -1.320
      5.958     0.198    -1.323
      5.950     0.200    -1.325
      5.943     0.202    -1.328
      5.936     0.204    -1.330
      5.928     0.206    -1.333
      5.921     0.207    -1.335
      5.914     0.209    -1.337
      5.906     0.211    -1.340
      5.899     0.213    -1.342
      5.891     0.214    -1.345
      5.883     0.216    -1.347
      5.875     0.218    -1.350
      5.868     0.220    -1.352
      5.860     0.222    -1.355
      5.853     0.223    -1.357
      5.845     0.225    -1.359
      5.838     0.227    -1.362
      5.831     0.228    -1.364
      5.824     0.230    -1.366
      5.816     0.232    -1.369
      5.809     0.234    -1.371
      5.802     0.235    -1.373
      5.794     0.237    -1.376
      5.787     0.239    -1.378
      5.780     0.240    -1.380
      5.773     0.242    -1.382
      5.765     0.243    -1.385
      5.758     0.245    -1.387
      5.751     0.247    -1.389
      5.744     0.248    -1.391
      5.737     0.250    -1.394
      5.730     0.251    -1.396
      5.723     0.253    -1.398
      5.716     0.254    -1.400
      5.709     0.256    -1.402
      5.703     0.257    -1.404
      5.696     0.259    -1.406
      5.689     0.260    -1.409
      5.683     0.262    -1.411
      5.676     0.263    -1.413
      5.669     0.265    -1.415
      5.663     0.266    -1.417
      5.656     0.268    -1.419
      5.649     0.269    -1.421
      5.643     0.270    -1.423
      5.636     0.272    -1.425
      5.630     0.273    -1.427
      5.623     0.275    -1.429
      5.617     0.276    -1.431
      5.610     0.278    -1.433
      5.603     0.279    -1.435
      5.597     0.280    -1.437
      5.590     0.282    -1.439
      5.583     0.283    -1.441
      5.577     0.285    -1.443
      5.570     0.286    -1.445
      5.564     0.287    -1.447
      5.556     0.289    -1.449
      5.548     0.291    -1.451
      5.540     0.292    -1.454
      5.532     0.294    -1.456
      5.525     0.296    -1.458
      5.517     0.297    -1.461
      5.510     0.299    -1.463
      5.503     0.300    -1.465
      5.497     0.301    -1.467
      5.490     0.303    -1.469
      5.483     0.304    -1.471
      5.477     0.305    -1.472
      5.470     0.307    -1.474
      5.463     0.308    -1.476
      5.457     0.309    -1.478
      5.449     0.311    -1.480
      5.441     0.313    -1.483
      5.433     0.314    -1.485
      5.425     0.316    -1.487
      5.418     0.317    -1.489
      5.410     0.319    -1.492
      5.402     0.321    -1.494
      5.394     0.322    -1.496
      5.386     0.324    -1.498
      5.378     0.325    -1.501
      5.370     0.327    -1.503
      5.363     0.328    -1.505
      5.355     0.330    -1.507
      5.348     0.331    -1.509
      5.340     0.333    -1.511
      5.333     0.334    -1.513
      5.325     0.336    -1.515
      5.319     0.337    -1.517
      5.312     0.338    -1.519
      5.305     0.340    -1.521
      5.298     0.341    -1.522
      5.292     0.342    -1.524
      5.285     0.344    -1.526
      5.278     0.345    -1.528
      5.272     0.346    -1.529
      5.265     0.347    -1.531
      5.257     0.349    -1.533
      5.249     0.350    -1.535
      5.241     0.352    -1.537
      5.233     0.353    -1.539
      5.225     0.355    -1.541
      5.217     0.356    -1.543
      5.210     0.358    -1.546
      5.202     0.359    -1.548
      5.194     0.361    -1.550
      5.186     0.362    -1.552
      5.178     0.364    -1.554
      5.170     0.365    -1.556
      5.162     0.367    -1.557
      5.155     0.368    -1.559
      5.147     0.370    -1.561
      5.140     0.371    -1.563
      5.132     0.372    -1.565
      5.124     0.374    -1.567
      5.116     0.375    -1.569
      5.108     0.377    -1.570
      5.100     0.378    -1.572
      5.093     0.380    -1.574
      5.085     0.381    -1.576
      5.077     0.383    -1.578
      5.070     0.384    -1.580
      5.062     0.385    -1.581
      5.054     0.387    -1.583
      5.047     0.388    -1.585
      5.039     0.389    -1.587
      5.032     0.391    -1.588
      5.024     0.392    -1.590
      5.017     0.393    -1.592
      5.009     0.395    -1.594
      5.002     0.396    -1.595
      4.994     0.397    -1.597
      4.987     0.399    -1.599
      4.980     0.400    -1.600
      4.973     0.401    -1.602
      4.966     0.403    -1.603
      4.959     0.404    -1.605
      4.952     0.405    -1.606
      4.945     0.406    -1.608
      4.939     0.407    -1.609
      4.932     0.409    -1.611
      4.925     0.410    -1.612
      4.918     0.411    -1.613
      4.910     0.412    -1.615
      4.902     0.414    -1.617
      4.894     0.415    -1.618
      4.886     0.417    -1.620
      4.878     0.418    -1.622
      4.870     0.419    -1.623
      4.862     0.421    -1.625
      4.854     0.422    -1.627
      4.846     0.424    -1.628
      4.838     0.425    -1.630
      4.830     0.426    -1.632
      4.822     0.428    -1.633
      4.814     0.429    -1.635
      4.807     0.431    -1.636
      4.799     0.432    -1.638
      4.792     0.433    -1.639
      4.784     0.434    -1.641
      4.776     0.436    -1.642
      4.768     0.437    -1.644
      4.760     0.439    -1.645
      4.752     0.440    -1.647
      4.744     0.441    -1.648
      4.736     0.443    -1.650
      4.728     0.444    -1.651
      4.720     0.445    -1.652
      4.713     0.447    -1.654
      4.705     0.448    -1.655
      4.698     0.449    -1.657
      4.690     0.451    -1.658
      4.682     0.452    -1.659
      4.675     0.453    -1.661
      4.667     0.455    -1.662
      4.660     0.456    -1.663
      4.652     0.457    -1.665
      4.645     0.459    -1.666
      4.637     0.460    -1.667
      4.630     0.461    -1.668
      4.621     0.462    -1.670
      4.613     0.464    -1.671
      4.605     0.465    -1.672
      4.597     0.467    -1.674
      4.589     0.468    -1.675
      4.581     0.469    -1.676
      4.573     0.471    -1.678
      4.566     0.472    -1.679
      4.558     0.473    -1.680
      4.550     0.475    -1.681
      4.543     0.476    -1.682
      4.535     0.477    -1.684
      4.527     0.479    -1.685
      4.520     0.480    -1.686
      4.512     0.481    -1.687
      4.505     0.483    -1.688
      4.497     0.484    -1.689
      4.490     0.485    -1.690
      4.482     0.486    -1.692
      4.474     0.488    -1.693
      4.467     0.489    -1.694
      4.459     0.490    -1.695
      4.452     0.492    -1.696
      4.444     0.493    -1.697
      4.436     0.494    -1.698
      4.429     0.496    -1.699
      4.421     0.497    -1.700
      4.414     0.498    -1.702
      4.406     0.499    -1.703
      4.398     0.501    -1.704
      4.391     0.502    -1.705
      4.383     0.503    -1.706
      4.375     0.505    -1.707
      4.368     0.506    -1.708
      4.360     0.507    -1.709
      4.352     0.509    -1.710
      4.345     0.510    -1.711
      4.338     0.511    -1.712
      4.331     0.512    -1.713
      4.324     0.513    -1.714
      4.316     0.515    -1.715
      4.309     0.516    -1.716
      4.302     0.517    -1.717
      4.294     0.518    -1.718
      4.286     0.520    -1.719
      4.278     0.521    -1.720
      4.270     0.522    -1.721
      4.262     0.524    -1.722
      4.255     0.525    -1.723
      4.247     0.526    -1.723
      4.239     0.528    -1.724
      4.231     0.529    -1.725
      4.223     0.530    -1.726
      4.215     0.532    -1.727
      4.207     0.533    -1.728
      4.199     0.534    -1.729
      4.192     0.536    -1.730
      4.184     0.537    -1.731
      4.176     0.538    -1.732
      4.168     0.539    -1.733
      4.160     0.541    -1.734
      4.152     0.542    -1.734
      4.144     0.543    -1.735
      4.136     0.545    -1.736
      4.129     0.546    -1.737
      4.121     0.547    -1.738
      4.113     0.548    -1.739
      4.105     0.550    -1.740
      4.097     0.551    -1.740
      4.089     0.552    -1.741
      4.081     0.554    -1.742
      4.073     0.555    -1.743
      4.065     0.556    -1.744
      4.057     0.557    -1.744
      4.049     0.559    -1.745
      4.041     0.560    -1.746
      4.033     0.561    -1.747
      4.025     0.563    -1.748
      4.018     0.564    -1.748
      4.010     0.565    -1.749
      4.002     0.566    -1.750
      3.994     0.567    -1.751
      3.986     0.569    -1.751
      3.978     0.570    -1.752
      3.970     0.571    -1.753
      3.962     0.572    -1.753
      3.954     0.574    -1.754
      3.946     0.575    -1.755
      3.938     0.576    -1.756
      3.930     0.577    -1.756
      3.922     0.579    -1.757
      3.914     0.580    -1.758
      3.906     0.581    -1.758
      3.898     0.582    -1.759
      3.890     0.583    -1.760
      3.882     0.585    -1.760
      3.875     0.586    -1.761
      3.868     0.587    -1.761
      3.860     0.588    -1.762
      3.853     0.589    -1.763
      3.846     0.590    -1.763
      3.838     0.591    -1.764
      3.830     0.592    -1.764
      3.822     0.593    -1.765
      3.815     0.595    -1.766
      3.807     0.596    -1.766
      3.799     0.597    -1.767
      3.791     0.598    -1.767
      3.783     0.599    -1.768
      3.775     0.600    -1.768
      3.767     0.601    -1.769
      3.759     0.603    -1.769
      3.751     0.604    -1.770
      3.743     0.605    -1.771
      3.735     0.606    -1.771
      3.727     0.607    -1.772
      3.719     0.608    -1.772
      3.711     0.609    -1.773
      3.703     0.610    -1.773
      3.695     0.611    -1.774
      3.687     0.612    -1.774
      3.679     0.613    -1.775
      3.671     0.614    -1.775
      3.663     0.615    -1.776
      3.655     0.617    -1.776
      3.648     0.617    -1.777
      3.640     0.618    -1.777
      3.633     0.619    -1.777
      3.625     0.620    -1.778
      3.618     0.621    -1.778
      3.611     0.622    -1.779
      3.603     0.623    -1.779
      3.595     0.624    -1.780
      3.587     0.625    -1.780
      3.579     0.626    -1.780
      3.571     0.627    -1.781
      3.563     0.628    -1.781
      3.555     0.629    -1.782
      3.547     0.630    -1.782
      3.540     0.631    -1.782
      3.532     0.631    -1.783
      3.525     0.632    -1.783
      3.518     0.633    -1.784
      3.510     0.634    -1.784
      3.503     0.635    -1.784
      3.496     0.636    -1.785
      3.488     0.636    -1.785
      3.481     0.637    -1.785
      3.473     0.638    -1.786
      3.466     0.639    -1.786
      3.459     0.639    -1.786
      3.452     0.640    -1.787
      3.445     0.641    -1.787
      3.438     0.641    -1.787
      3.431     0.642    -1.788
      3.423     0.643    -1.788
      3.415     0.644    -1.788
      3.407     0.645    -1.789
      3.399     0.645    -1.789
      3.391     0.646    -1.789
      3.383     0.647    -1.790
      3.375     0.647    -1.790
      3.367     0.648    -1.790
      3.359     0.649    -1.790
      3.351     0.650    -1.791
      3.343     0.650    -1.791
      3.335     0.651    -1.791
      3.327     0.652    -1.792
      3.319     0.652    -1.792
      3.311     0.653    -1.792
      3.303     0.654    -1.793
      3.295     0.654    -1.793
      3.287     0.655    -1.793
      3.279     0.655    -1.793
      3.271     0.656    -1.794
      3.262     0.657    -1.794
      3.254     0.657    -1.794
      3.246     0.658    -1.794
      3.239     0.658    -1.795
      3.231     0.659    -1.795
      3.224     0.659    -1.795
      3.217     0.660    -1.795
      3.209     0.660    -1.796
      3.202     0.660    -1.796
      3.194     0.661    -1.796
      3.186     0.661    -1.796
      3.178     0.662    -1.797
      3.169     0.662    -1.797
      3.161     0.663    -1.797
      3.153     0.663    -1.797
      3.145     0.663    -1.798
      3.138     0.664    -1.798
      3.130     0.664    -1.798
      3.123     0.664    -1.798
      3.115     0.665    -1.798
      3.108     0.665    -1.799
      3.101     0.665    -1.799
      3.093     0.665    -1.799
      3.086     0.666    -1.799
      3.078     0.666    -1.799
      3.071     0.666    -1.800
      3.064     0.666    -1.800
      3.056     0.667    -1.800
      3.049     0.667    -1.800
      3.042     0.667    -1.800
      3.035     0.667    -1.801
      3.028     0.667    -1.801
      3.021     0.667    -1.801
      3.013     0.668    -1.801
      3.005     0.668    -1.801
      2.997     0.668    -1.801
      2.989     0.668    -1.802
      2.981     0.668    -1.802
      2.972     0.668    -1.802
      2.964     0.668    -1.802
      2.957     0.668    -1.802
      2.950     0.668    -1.803
      2.942     0.668    -1.803
      2.935     0.668    -1.803
      2.927     0.668    -1.803
      2.920     0.668    -1.803
      2.912     0.668    -1.803
      2.905     0.668    -1.804
      2.898     0.668    -1.804
      2.890     0.668    -1.804
      2.883     0.668    -1.804
      2.875     0.667    -1.804
      2.868     0.667    -1.804
      2.861     0.667    -1.805
      2.854     0.667    -1.805
      2.847     0.667    -1.805
      2.840     0.667    -1.805
      2.833     0.666    -1.805
      2.825     0.666    -1.805
      2.818     0.666    -1.805
      2.811     0.666    -1.806
      2.803     0.665    -1.806
      2.796     0.665    -1.806
      2.789     0.665    -1.806
      2.782     0.665    -1.806
      2.775     0.664    -1.806
      2.768     0.664    -1.806
      2.761     0.664    -1.806
      2.754     0.663    -1.807
      2.747     0.663    -1.807
      2.740     0.663    -1.807
      2.733     0.662    -1.807
      2.726     0.662    -1.807
      2.719     0.661    -1.807
      2.712     0.661    -1.807
      2.705     0.660    -1.807
      2.698     0.660    -1.808
      2.691     0.659    -1.808
      2.684     0.659    -1.808
      2.676     0.658    -1.808
      2.669     0.658    -1.808
      2.662     0.657    -1.808
      2.654     0.657    -1.808
      2.647     0.656    -1.808
      2.639     0.655    -1.809
      2.631     0.655    -1.809
      2.623     0.654    -1.809
      2.615     0.653    -1.809
      2.607     0.652    -1.809
      2.599     0.652    -1.809
      2.591     0.651    -1.809
      2.583     0.650    -1.809
      2.575     0.649    -1.810
      2.566     0.648    -1.810
      2.559     0.647    -1.810
      2.551     0.647    -1.810
      2.543     0.646    -1.810
      2.535     0.645    -1.810
      2.527     0.644    -1.810
      2.519     0.643    -1.810
      2.511     0.642    -1.810
      2.503     0.641    -1.811
      2.495     0.640    -1.811
      2.487     0.639    -1.811
      2.479     0.637    -1.811
      2.471     0.636    -1.811
      2.463     0.635    -1.811
      2.455     0.634    -1.811
      2.447     0.633    -1.811
      2.439     0.632    -1.811
      2.431     0.630    -1.811
      2.423     0.629    -1.812
      2.415     0.628    -1.812
      2.407     0.627    -1.812
      2.399     0.625    -1.812
      2.391     0.624    -1.812
      2.383     0.623    -1.812
      2.375     0.621    -1.812
      2.367     0.620    -1.812
      2.360     0.618    -1.812
      2.352     0.617    -1.812
      2.344     0.616    -1.813
      2.336     0.614    -1.813
      2.328     0.613    -1.813
      2.320     0.611    -1.813
      2.312     0.609    -1.813
      2.304     0.608    -1.813
      2.296     0.606    -1.813
      2.288     0.605    -1.813
      2.280     0.603    -1.813
      2.273     0.601    -1.813
      2.265     0.600    -1.813
      2.257     0.598    -1.814
      2.249     0.596    -1.814
      2.241     0.594    -1.814
      2.233     0.592    -1.814
      2.225     0.591    -1.814
      2.218     0.589    -1.814
      2.211     0.587    -1.814
      2.203     0.586    -1.814
      2.196     0.584    -1.814
      2.189     0.582    -1.814
      2.182     0.580    -1.814
      2.174     0.578    -1.815
      2.166     0.576    -1.815
      2.158     0.574    -1.815
      2.150     0.572    -1.815
      2.143     0.570    -1.815
      2.135     0.568    -1.815
      2.127     0.566    -1.815
      2.120     0.564    -1.815
      2.112     0.562    -1.815
      2.104     0.560    -1.815
      2.096     0.557    -1.816
      2.089     0.555    -1.816
      2.081     0.553    -1.816
      2.073     0.551    -1.816
      2.065     0.548    -1.816
      2.057     0.546    -1.816
      2.050     0.544    -1.816
      2.042     0.541    -1.816
      2.034     0.539    -1.816
      2.027     0.536    -1.817
      2.019     0.534    -1.817
      2.011     0.531    -1.817
      2.003     0.529    -1.817
      1.996     0.527    -1.817
      1.989     0.524    -1.817
      1.982     0.522    -1.817
      1.975     0.519    -1.817
      1.968     0.517    -1.817
      1.961     0.515    -1.817
      1.953     0.512    -1.818
      1.946     0.509    -1.818
      1.938     0.506    -1.818
      1.931     0.504    -1.818
      1.923     0.501    -1.818
      1.915     0.498    -1.818
      1.908     0.495    -1.818
      1.901     0.493    -1.818
      1.894     0.490    -1.819
      1.887     0.487    -1.819
      1.880     0.485    -1.819
      1.873     0.482    -1.819
      1.866     0.479    -1.819
      1.859     0.476    -1.819
      1.852     0.474    -1.819
      1.846     0.471    -1.820
      1.839     0.468    -1.820
      1.832     0.465    -1.820
      1.825     0.462    -1.820
      1.819     0.459    -1.820
      1.812     0.457    -1.820
      1.806     0.454    -1.820
      1.799     0.451    -1.820
      1.793     0.448    -1.821
      1.785     0.445    -1.821
      1.778     0.442    -1.821
      1.771     0.438    -1.821
      1.763     0.435    -1.821
      1.756     0.432    -1.821
      1.749     0.428    -1.822
      1.742     0.425    -1.822
      1.734     0.422    -1.822
      1.727     0.418    -1.822
      1.720     0.415    -1.822
      1.713     0.411    -1.822
      1.705     0.407    -1.823
      1.698     0.404    -1.823
      1.691     0.400    -1.823
      1.684     0.396    -1.823
      1.677     0.393    -1.823
      1.669     0.389    -1.823
      1.662     0.385    -1.824
      1.655     0.381    -1.824
      1.648     0.377    -1.824
      1.641     0.374    -1.824
      1.634     0.370    -1.824
      1.627     0.366    -1.824
      1.620     0.362    -1.825
      1.614     0.358    -1.825
      1.607     0.355    -1.825
      1.601     0.351    -1.825
      1.594     0.347    -1.825
      1.588     0.343    -1.825
      1.581     0.339    -1.826
      1.574     0.335    -1.826
      1.567     0.331    -1.826
      1.560     0.327    -1.826
      1.553     0.322    -1.826
      1.547     0.318    -1.827
      1.540     0.314    -1.827
      1.533     0.310    -1.827
      1.527     0.306    -1.827
      1.521     0.302    -1.827
      1.515     0.298    -1.827
      1.509     0.294    -1.828
      1.502     0.289    -1.828
      1.496     0.285    -1.828
      1.490     0.281    -1.828
      1.484     0.277    -1.828
      1.478     0.273    -1.828
      1.472     0.268    -1.829
      1.466     0.264    -1.829
      1.460     0.260    -1.829
      1.454     0.256    -1.829
      1.449     0.252    -1.829
      1.443     0.247    -1.829
      1.438     0.243    -1.829
      1.431     0.238    -1.830
      1.425     0.233    -1.830
      1.418     0.229    -1.830
      1.412     0.224    -1.830
      1.405     0.219    -1.830
      1.399     0.213    -1.830
      1.393     0.208    -1.831
      1.387     0.204    -1.831
      1.381     0.199    -1.831
      1.376     0.194    -1.831
      1.370     0.190    -1.831
      1.364     0.185    -1.831
      1.359     0.180    -1.832
      1.353     0.175    -1.832
      1.347     0.170    -1.832
      1.342     0.165    -1.832
      1.336     0.160    -1.832
      1.331     0.155    -1.832
      1.325     0.150    -1.832
      1.320     0.146    -1.832
      1.315     0.141    -1.833
      1.310     0.136    -1.833
      1.305     0.131    -1.833
      1.300     0.127    -1.833
      1.294     0.121    -1.833
      1.289     0.116    -1.833
      1.283     0.111    -1.833
      1.278     0.106    -1.833
      1.273     0.101    -1.833
      1.268     0.095    -1.833
      1.263     0.090    -1.834
      1.258     0.085    -1.834
      1.253     0.080    -1.834
      1.248     0.075    -1.834
      1.243     0.070    -1.834
      1.239     0.065    -1.834
      1.234     0.060    -1.834
      1.229     0.055    -1.834
      1.224     0.050    -1.834
      1.220     0.044    -1.834
      1.215     0.039    -1.834
      1.210     0.034    -1.834
      1.206     0.029    -1.834
      1.201     0.024    -1.834
