Count of Points:773

WCS coordinates of Points:
      7.498     0.165    -1.042
      7.490     0.167    -1.043
      7.483     0.169    -1.044
      7.475     0.171    -1.046
      7.467     0.173    -1.047
      7.459     0.175    -1.049
      7.452     0.177    -1.050
      7.444     0.179    -1.051
      7.437     0.181    -1.053
      7.430     0.183    -1.054
      7.422     0.185    -1.055
      7.415     0.187    -1.057
      7.408     0.189    -1.058
      7.401     0.190    -1.059
      7.394     0.192    -1.061
      7.387     0.194    -1.062
      7.380     0.196    -1.064
      7.373     0.198    -1.065
      7.366     0.200    -1.066
      7.359     0.202    -1.068
      7.352     0.204    -1.069
      7.345     0.206    -1.071
      7.339     0.208    -1.072
      7.332     0.210    -1.073
      7.325     0.211    -1.075
      7.318     0.213    -1.076
      7.311     0.215    -1.078
      7.304     0.217    -1.079
      7.297     0.219    -1.081
      7.290     0.221    -1.083
      7.283     0.223    -1.084
      7.277     0.225    -1.086
      7.270     0.227    -1.087
      7.263     0.229    -1.089
      7.257     0.231    -1.090
      7.250     0.233    -1.092
      7.243     0.235    -1.093
      7.237     0.237    -1.095
      7.230     0.239    -1.096
      7.224     0.241    -1.098
      7.217     0.243    -1.100
      7.211     0.244    -1.101
      7.204     0.246    -1.103
      7.198     0.248    -1.104
      7.191     0.250    -1.106
      7.184     0.252    -1.108
      7.177     0.254    -1.109
      7.170     0.256    -1.111
      7.163     0.258    -1.113
      7.156     0.260    -1.115
      7.149     0.263    -1.117
      7.143     0.265    -1.118
      7.136     0.266    -1.120
      7.130     0.268    -1.122
      7.123     0.270    -1.124
      7.117     0.272    -1.125
      7.110     0.274    -1.127
      7.104     0.276    -1.129
      7.097     0.278    -1.131
      7.091     0.280    -1.132
      7.084     0.282    -1.134
      7.078     0.284    -1.136
      7.071     0.286    -1.138
      7.065     0.288    -1.139
      7.058     0.290    -1.141
      7.052     0.292    -1.143
      7.045     0.294    -1.145
      7.039     0.296    -1.147
      7.032     0.298    -1.149
      7.026     0.300    -1.150
      7.020     0.302    -1.152
      7.013     0.304    -1.154
      7.007     0.306    -1.156
      7.000     0.308    -1.158
      6.993     0.310    -1.160
      6.985     0.312    -1.162
      6.978     0.314    -1.165
      6.970     0.317    -1.167
      6.962     0.319    -1.169
      6.955     0.321    -1.171
      6.948     0.323    -1.173
      6.941     0.326    -1.176
      6.934     0.328    -1.178
      6.927     0.330    -1.180
      6.921     0.332    -1.182
      6.914     0.334    -1.184
      6.907     0.336    -1.186
      6.901     0.338    -1.188
      6.894     0.340    -1.190
      6.888     0.342    -1.192
      6.881     0.344    -1.194
      6.875     0.346    -1.196
      6.868     0.348    -1.198
      6.862     0.350    -1.200
      6.856     0.351    -1.202
      6.849     0.353    -1.204
      6.843     0.355    -1.206
      6.836     0.357    -1.208
      6.830     0.359    -1.210
      6.824     0.361    -1.213
      6.817     0.363    -1.215
      6.811     0.365    -1.217
      6.804     0.367    -1.219
      6.798     0.369    -1.221
      6.791     0.371    -1.223
      6.785     0.373    -1.225
      6.779     0.374    -1.227
      6.773     0.376    -1.229
      6.766     0.378    -1.231
      6.759     0.380    -1.234
      6.751     0.383    -1.236
      6.744     0.385    -1.239
      6.736     0.387    -1.241
      6.729     0.389    -1.244
      6.721     0.391    -1.247
      6.715     0.393    -1.249
      6.708     0.395    -1.251
      6.702     0.397    -1.253
      6.695     0.399    -1.255
      6.689     0.401    -1.258
      6.683     0.402    -1.260
      6.676     0.404    -1.262
      6.670     0.406    -1.264
      6.664     0.408    -1.266
      6.656     0.410    -1.269
      6.649     0.412    -1.271
      6.641     0.414    -1.274
      6.633     0.416    -1.277
      6.626     0.419    -1.279
      6.618     0.421    -1.282
      6.611     0.423    -1.285
      6.603     0.425    -1.287
      6.596     0.427    -1.290
      6.588     0.429    -1.293
      6.581     0.431    -1.295
      6.573     0.433    -1.298
      6.566     0.435    -1.300
      6.559     0.437    -1.303
      6.552     0.439    -1.306
      6.545     0.441    -1.308
      6.538     0.443    -1.311
      6.531     0.445    -1.313
      6.524     0.447    -1.315
      6.518     0.449    -1.318
      6.511     0.450    -1.320
      6.504     0.452    -1.323
      6.497     0.454    -1.325
      6.491     0.456    -1.328
      6.484     0.458    -1.330
      6.478     0.459    -1.332
      6.471     0.461    -1.335
      6.465     0.463    -1.337
      6.459     0.464    -1.339
      6.452     0.466    -1.342
      6.446     0.468    -1.344
      6.439     0.469    -1.346
      6.433     0.471    -1.349
      6.427     0.473    -1.351
      6.420     0.474    -1.353
      6.414     0.476    -1.356
      6.408     0.478    -1.358
      6.401     0.479    -1.360
      6.395     0.481    -1.363
      6.388     0.483    -1.365
      6.382     0.484    -1.368
      6.375     0.486    -1.370
      6.369     0.487    -1.372
      6.363     0.489    -1.375
      6.356     0.491    -1.377
      6.350     0.492    -1.379
      6.343     0.494    -1.382
      6.335     0.496    -1.385
      6.328     0.498    -1.388
      6.320     0.500    -1.391
      6.313     0.502    -1.393
      6.305     0.503    -1.396
      6.299     0.505    -1.399
      6.292     0.507    -1.401
      6.286     0.508    -1.403
      6.279     0.510    -1.406
      6.273     0.511    -1.408
      6.266     0.513    -1.411
      6.260     0.514    -1.413
      6.254     0.516    -1.415
      6.248     0.517    -1.418
      6.240     0.519    -1.420
      6.232     0.521    -1.423
      6.225     0.523    -1.426
      6.217     0.524    -1.429
      6.210     0.526    -1.432
      6.202     0.528    -1.435
      6.195     0.530    -1.437
      6.187     0.531    -1.440
      6.180     0.533    -1.443
      6.172     0.535    -1.446
      6.165     0.537    -1.449
      6.157     0.538    -1.452
      6.150     0.540    -1.454
      6.143     0.542    -1.457
      6.136     0.543    -1.460
      6.129     0.545    -1.462
      6.121     0.546    -1.465
      6.115     0.548    -1.468
      6.109     0.549    -1.470
      6.102     0.551    -1.472
      6.096     0.552    -1.475
      6.089     0.554    -1.477
      6.083     0.555    -1.480
      6.077     0.556    -1.482
      6.070     0.558    -1.484
      6.064     0.559    -1.487
      6.056     0.561    -1.490
      6.049     0.562    -1.493
      6.041     0.564    -1.495
      6.034     0.566    -1.498
      6.026     0.567    -1.501
      6.018     0.569    -1.504
      6.011     0.570    -1.507
      6.003     0.572    -1.510
      5.996     0.574    -1.512
      5.988     0.575    -1.515
      5.981     0.577    -1.518
      5.973     0.578    -1.521
      5.966     0.580    -1.524
      5.959     0.581    -1.526
      5.952     0.583    -1.529
      5.944     0.584    -1.532
      5.937     0.586    -1.534
      5.930     0.587    -1.537
      5.922     0.589    -1.540
      5.915     0.590    -1.543
      5.907     0.592    -1.546
      5.899     0.593    -1.549
      5.892     0.595    -1.551
      5.885     0.596    -1.554
      5.877     0.598    -1.557
      5.870     0.599    -1.559
      5.863     0.600    -1.562
      5.856     0.602    -1.565
      5.849     0.603    -1.567
      5.842     0.604    -1.570
      5.834     0.606    -1.573
      5.827     0.607    -1.575
      5.820     0.609    -1.578
      5.813     0.610    -1.581
      5.806     0.611    -1.583
      5.799     0.613    -1.586
      5.792     0.614    -1.588
      5.785     0.615    -1.591
      5.778     0.616    -1.594
      5.771     0.618    -1.596
      5.764     0.619    -1.599
      5.757     0.620    -1.601
      5.750     0.622    -1.604
      5.744     0.623    -1.606
      5.737     0.624    -1.609
      5.731     0.625    -1.611
      5.724     0.626    -1.613
      5.718     0.628    -1.616
      5.711     0.629    -1.618
      5.705     0.630    -1.620
      5.698     0.631    -1.623
      5.692     0.632    -1.625
      5.685     0.633    -1.628
      5.679     0.635    -1.630
      5.672     0.636    -1.632
      5.666     0.637    -1.635
      5.659     0.638    -1.637
      5.653     0.639    -1.639
      5.646     0.640    -1.642
      5.640     0.641    -1.644
      5.633     0.642    -1.646
      5.627     0.644    -1.649
      5.620     0.645    -1.651
      5.614     0.646    -1.653
      5.607     0.647    -1.656
      5.601     0.648    -1.658
      5.593     0.649    -1.661
      5.586     0.650    -1.663
      5.578     0.652    -1.666
      5.570     0.653    -1.669
      5.563     0.654    -1.672
      5.555     0.656    -1.674
      5.548     0.657    -1.677
      5.542     0.658    -1.679
      5.535     0.659    -1.681
      5.529     0.660    -1.684
      5.522     0.661    -1.686
      5.516     0.662    -1.688
      5.509     0.663    -1.690
      5.503     0.664    -1.693
      5.496     0.665    -1.695
      5.488     0.666    -1.698
      5.481     0.667    -1.700
      5.473     0.668    -1.703
      5.465     0.670    -1.706
      5.458     0.671    -1.708
      5.450     0.672    -1.711
      5.442     0.673    -1.713
      5.434     0.674    -1.716
      5.427     0.676    -1.719
      5.419     0.677    -1.721
      5.411     0.678    -1.724
      5.404     0.679    -1.727
      5.396     0.680    -1.729
      5.389     0.681    -1.732
      5.382     0.682    -1.734
      5.374     0.683    -1.736
      5.367     0.684    -1.739
      5.360     0.685    -1.741
      5.354     0.686    -1.743
      5.347     0.687    -1.745
      5.341     0.688    -1.748
      5.334     0.689    -1.750
      5.327     0.690    -1.752
      5.321     0.691    -1.754
      5.314     0.692    -1.756
      5.308     0.693    -1.758
      5.300     0.694    -1.761
      5.292     0.695    -1.763
      5.285     0.696    -1.766
      5.277     0.697    -1.769
      5.269     0.698    -1.771
      5.261     0.699    -1.774
      5.253     0.700    -1.776
      5.246     0.701    -1.779
      5.238     0.702    -1.781
      5.230     0.703    -1.784
      5.222     0.704    -1.786
      5.214     0.705    -1.788
      5.207     0.706    -1.791
      5.200     0.707    -1.793
      5.192     0.708    -1.795
      5.185     0.709    -1.798
      5.178     0.710    -1.800
      5.170     0.711    -1.802
      5.162     0.712    -1.805
      5.154     0.713    -1.807
      5.146     0.714    -1.810
      5.139     0.715    -1.812
      5.131     0.716    -1.815
      5.123     0.717    -1.817
      5.116     0.718    -1.819
      5.109     0.718    -1.821
      5.101     0.719    -1.823
      5.094     0.720    -1.826
      5.086     0.721    -1.828
      5.079     0.722    -1.830
      5.072     0.723    -1.832
      5.064     0.724    -1.835
      5.057     0.725    -1.837
      5.050     0.726    -1.839
      5.042     0.726    -1.841
      5.035     0.727    -1.843
      5.028     0.728    -1.845
      5.021     0.729    -1.847
      5.014     0.730    -1.849
      5.008     0.731    -1.851
      5.001     0.731    -1.853
      4.994     0.732    -1.855
      4.987     0.733    -1.857
      4.981     0.734    -1.859
      4.974     0.734    -1.861
      4.968     0.735    -1.863
      4.960     0.736    -1.865
      4.952     0.737    -1.867
      4.944     0.738    -1.869
      4.936     0.739    -1.872
      4.928     0.740    -1.874
      4.920     0.740    -1.876
      4.912     0.741    -1.878
      4.905     0.742    -1.880
      4.897     0.743    -1.882
      4.889     0.744    -1.885
      4.881     0.745    -1.887
      4.873     0.746    -1.889
      4.865     0.747    -1.891
      4.858     0.747    -1.893
      4.851     0.748    -1.895
      4.843     0.749    -1.897
      4.836     0.750    -1.899
      4.828     0.751    -1.901
      4.820     0.752    -1.903
      4.812     0.752    -1.905
      4.804     0.753    -1.907
      4.796     0.754    -1.909
      4.788     0.755    -1.911
      4.780     0.756    -1.913
      4.773     0.757    -1.915
      4.766     0.757    -1.917
      4.758     0.758    -1.919
      4.751     0.759    -1.921
      4.743     0.760    -1.923
      4.736     0.761    -1.925
      4.728     0.761    -1.927
      4.721     0.762    -1.928
      4.713     0.763    -1.930
      4.706     0.764    -1.932
      4.698     0.764    -1.934
      4.691     0.765    -1.936
      4.684     0.766    -1.938
      4.676     0.767    -1.940
      4.668     0.768    -1.941
      4.660     0.768    -1.943
      4.652     0.769    -1.945
      4.644     0.770    -1.947
      4.636     0.771    -1.949
      4.628     0.772    -1.951
      4.621     0.772    -1.953
      4.613     0.773    -1.954
      4.606     0.774    -1.956
      4.598     0.775    -1.958
      4.591     0.776    -1.960
      4.583     0.776    -1.961
      4.575     0.777    -1.963
      4.568     0.778    -1.965
      4.560     0.779    -1.967
      4.553     0.779    -1.968
      4.546     0.780    -1.970
      4.538     0.781    -1.972
      4.531     0.782    -1.973
      4.523     0.782    -1.975
      4.516     0.783    -1.976
      4.508     0.784    -1.978
      4.501     0.785    -1.980
      4.493     0.785    -1.981
      4.486     0.786    -1.983
      4.478     0.787    -1.985
      4.471     0.787    -1.986
      4.463     0.788    -1.988
      4.456     0.789    -1.989
      4.448     0.790    -1.991
      4.440     0.790    -1.993
      4.433     0.791    -1.994
      4.425     0.792    -1.996
      4.418     0.793    -1.997
      4.410     0.793    -1.999
      4.403     0.794    -2.000
      4.395     0.795    -2.002
      4.388     0.796    -2.003
      4.381     0.796    -2.005
      4.374     0.797    -2.006
      4.366     0.798    -2.008
      4.359     0.798    -2.009
      4.353     0.799    -2.010
      4.346     0.800    -2.012
      4.339     0.800    -2.013
      4.332     0.801    -2.014
      4.325     0.802    -2.016
      4.318     0.802    -2.017
      4.311     0.803    -2.018
      4.304     0.803    -2.020
      4.297     0.804    -2.021
      4.291     0.805    -2.022
      4.284     0.805    -2.023
      4.277     0.806    -2.025
      4.270     0.807    -2.026
      4.263     0.807    -2.027
      4.256     0.808    -2.028
      4.250     0.809    -2.030
      4.243     0.809    -2.031
      4.236     0.810    -2.032
      4.229     0.810    -2.033
      4.222     0.811    -2.034
      4.215     0.812    -2.036
      4.209     0.812    -2.037
      4.200     0.813    -2.038
      4.192     0.814    -2.040
      4.184     0.814    -2.041
      4.176     0.815    -2.042
      4.168     0.816    -2.044
      4.160     0.817    -2.045
      4.153     0.817    -2.046
      4.146     0.818    -2.047
      4.139     0.818    -2.049
      4.132     0.819    -2.050
      4.125     0.820    -2.051
      4.119     0.820    -2.052
      4.112     0.821    -2.053
      4.105     0.821    -2.054
      4.098     0.822    -2.055
      4.090     0.823    -2.056
      4.082     0.823    -2.058
      4.074     0.824    -2.059
      4.066     0.825    -2.060
      4.058     0.825    -2.061
      4.049     0.826    -2.063
      4.041     0.827    -2.064
      4.033     0.827    -2.065
      4.025     0.828    -2.066
      4.017     0.829    -2.068
      4.009     0.829    -2.069
      4.001     0.830    -2.070
      3.993     0.831    -2.071
      3.985     0.831    -2.072
      3.978     0.832    -2.073
      3.970     0.833    -2.074
      3.962     0.833    -2.075
      3.955     0.834    -2.076
      3.948     0.834    -2.077
      3.941     0.835    -2.078
      3.934     0.835    -2.079
      3.927     0.836    -2.080
      3.921     0.836    -2.081
      3.914     0.837    -2.082
      3.907     0.838    -2.083
      3.900     0.838    -2.084
      3.892     0.839    -2.085
      3.884     0.839    -2.086
      3.876     0.840    -2.087
      3.867     0.840    -2.088
      3.859     0.841    -2.089
      3.851     0.842    -2.090
      3.843     0.842    -2.091
      3.835     0.843    -2.092
      3.827     0.843    -2.093
      3.819     0.844    -2.094
      3.810     0.845    -2.095
      3.802     0.845    -2.096
      3.795     0.846    -2.097
      3.787     0.846    -2.098
      3.779     0.847    -2.099
      3.771     0.847    -2.100
      3.764     0.848    -2.100
      3.756     0.848    -2.101
      3.747     0.849    -2.102
      3.739     0.849    -2.103
      3.731     0.850    -2.104
      3.723     0.850    -2.105
      3.715     0.851    -2.106
      3.707     0.851    -2.107
      3.699     0.852    -2.108
      3.692     0.852    -2.108
      3.684     0.853    -2.109
      3.676     0.853    -2.110
      3.668     0.854    -2.111
      3.661     0.854    -2.112
      3.653     0.855    -2.112
      3.645     0.855    -2.113
      3.637     0.856    -2.114
      3.630     0.856    -2.115
      3.622     0.856    -2.115
      3.615     0.857    -2.116
      3.607     0.857    -2.117
      3.600     0.858    -2.118
      3.593     0.858    -2.118
      3.586     0.858    -2.119
      3.579     0.859    -2.120
      3.572     0.859    -2.120
      3.565     0.859    -2.121
      3.558     0.860    -2.121
      3.551     0.860    -2.122
      3.545     0.860    -2.123
      3.536     0.861    -2.123
      3.528     0.861    -2.124
      3.520     0.861    -2.125
      3.512     0.862    -2.126
      3.504     0.862    -2.126
      3.495     0.863    -2.127
      3.487     0.863    -2.128
      3.479     0.863    -2.128
      3.471     0.864    -2.129
      3.463     0.864    -2.130
      3.454     0.864    -2.131
      3.446     0.864    -2.131
      3.438     0.865    -2.132
      3.431     0.865    -2.132
      3.423     0.865    -2.133
      3.415     0.865    -2.134
      3.407     0.866    -2.134
      3.399     0.866    -2.135
      3.391     0.866    -2.136
      3.383     0.866    -2.136
      3.375     0.867    -2.137
      3.366     0.867    -2.137
      3.358     0.867    -2.138
      3.350     0.867    -2.139
      3.343     0.867    -2.139
      3.335     0.868    -2.140
      3.327     0.868    -2.140
      3.319     0.868    -2.141
      3.312     0.868    -2.141
      3.304     0.868    -2.142
      3.296     0.868    -2.142
      3.288     0.868    -2.143
      3.281     0.869    -2.144
      3.273     0.869    -2.144
      3.265     0.869    -2.145
      3.258     0.869    -2.145
      3.250     0.869    -2.146
      3.242     0.869    -2.146
      3.234     0.869    -2.147
      3.226     0.869    -2.147
      3.217     0.869    -2.148
      3.209     0.869    -2.148
      3.201     0.869    -2.149
      3.193     0.869    -2.149
      3.185     0.869    -2.150
      3.178     0.869    -2.150
      3.170     0.869    -2.151
      3.162     0.869    -2.151
      3.154     0.869    -2.152
      3.147     0.869    -2.152
      3.139     0.869    -2.153
      3.131     0.869    -2.153
      3.123     0.869    -2.153
      3.116     0.869    -2.154
      3.108     0.868    -2.154
      3.100     0.868    -2.155
      3.093     0.868    -2.155
      3.085     0.868    -2.156
      3.077     0.868    -2.156
      3.069     0.868    -2.157
      3.062     0.868    -2.157
      3.054     0.867    -2.157
      3.046     0.867    -2.158
      3.039     0.867    -2.158
      3.031     0.867    -2.159
      3.023     0.866    -2.159
      3.016     0.866    -2.159
      3.008     0.866    -2.160
      3.000     0.866    -2.160
      2.992     0.865    -2.161
      2.985     0.865    -2.161
      2.977     0.865    -2.161
      2.969     0.864    -2.162
      2.962     0.864    -2.162
      2.955     0.864    -2.163
      2.948     0.864    -2.163
      2.941     0.863    -2.163
      2.934     0.863    -2.164
      2.927     0.862    -2.164
      2.920     0.862    -2.164
      2.913     0.862    -2.165
      2.906     0.861    -2.165
      2.898     0.861    -2.165
      2.890     0.860    -2.166
      2.882     0.860    -2.166
      2.873     0.859    -2.166
      2.865     0.859    -2.167
      2.857     0.858    -2.167
      2.849     0.858    -2.168
      2.841     0.857    -2.168
      2.832     0.856    -2.168
      2.824     0.856    -2.169
      2.816     0.855    -2.169
      2.808     0.855    -2.169
      2.800     0.854    -2.170
      2.792     0.853    -2.170
      2.785     0.853    -2.170
      2.777     0.852    -2.171
      2.769     0.851    -2.171
      2.761     0.850    -2.171
      2.753     0.850    -2.172
      2.744     0.849    -2.172
      2.736     0.848    -2.172
      2.728     0.847    -2.173
      2.720     0.846    -2.173
      2.712     0.846    -2.173
      2.704     0.845    -2.174
      2.697     0.844    -2.174
      2.689     0.843    -2.174
      2.681     0.842    -2.175
      2.674     0.841    -2.175
      2.666     0.840    -2.175
      2.658     0.839    -2.175
      2.650     0.839    -2.176
      2.643     0.838    -2.176
      2.635     0.837    -2.176
      2.628     0.836    -2.177
      2.620     0.835    -2.177
      2.613     0.834    -2.177
      2.604     0.832    -2.177
      2.596     0.831    -2.178
      2.588     0.830    -2.178
      2.580     0.829    -2.178
      2.572     0.828    -2.178
      2.564     0.827    -2.179
      2.556     0.825    -2.179
      2.548     0.824    -2.179
      2.541     0.823    -2.180
      2.533     0.822    -2.180
      2.525     0.821    -2.180
      2.518     0.819    -2.180
      2.510     0.818    -2.181
      2.502     0.817    -2.181
      2.495     0.815    -2.181
      2.487     0.814    -2.181
      2.479     0.813    -2.182
      2.472     0.811    -2.182
      2.464     0.810    -2.182
      2.457     0.809    -2.182
      2.449     0.807    -2.183
      2.442     0.806    -2.183
      2.434     0.804    -2.183
      2.426     0.803    -2.183
      2.419     0.801    -2.184
      2.411     0.800    -2.184
      2.404     0.798    -2.184
      2.396     0.797    -2.184
      2.389     0.795    -2.185
      2.381     0.794    -2.185
      2.374     0.792    -2.185
      2.366     0.791    -2.185
      2.358     0.789    -2.186
      2.351     0.787    -2.186
      2.343     0.785    -2.186
      2.336     0.784    -2.186
      2.328     0.782    -2.187
      2.320     0.780    -2.187
      2.312     0.778    -2.187
      2.303     0.776    -2.187
      2.295     0.774    -2.188
      2.287     0.772    -2.188
      2.280     0.770    -2.188
      2.272     0.769    -2.189
      2.265     0.767    -2.189
      2.257     0.765    -2.189
      2.250     0.763    -2.189
      2.242     0.761    -2.190
      2.235     0.759    -2.190
      2.227     0.757    -2.190
      2.220     0.755    -2.190
      2.212     0.753    -2.191
      2.205     0.751    -2.191
      2.198     0.748    -2.191
      2.190     0.746    -2.191
      2.183     0.744    -2.192
      2.176     0.742    -2.192
      2.168     0.740    -2.192
      2.161     0.738    -2.192
      2.153     0.735    -2.193
      2.146     0.733    -2.193
      2.139     0.731    -2.193
      2.131     0.728    -2.193
      2.124     0.726    -2.194
      2.117     0.724    -2.194
      2.109     0.721    -2.194
      2.102     0.719    -2.195
      2.095     0.717    -2.195
      2.087     0.714    -2.195
      2.080     0.712    -2.195
      2.073     0.709    -2.196
      2.065     0.706    -2.196
      2.058     0.704    -2.196
      2.051     0.701    -2.196
      2.043     0.699    -2.197
      2.036     0.696    -2.197
      2.029     0.693    -2.197
      2.022     0.691    -2.198
      2.014     0.688    -2.198
      2.007     0.685    -2.198
      2.000     0.683    -2.198
      1.993     0.680    -2.199
      1.986     0.677    -2.199
      1.978     0.674    -2.199
      1.971     0.671    -2.200
      1.964     0.668    -2.200
      1.957     0.665    -2.200
      1.950     0.662    -2.201
      1.942     0.659    -2.201
      1.935     0.656    -2.201
      1.928     0.653    -2.202
      1.921     0.650    -2.202
      1.914     0.647    -2.202
      1.907     0.644    -2.202
      1.900     0.641    -2.203
      1.893     0.638    -2.203
      1.887     0.635    -2.203
      1.880     0.632    -2.204
      1.874     0.629    -2.204
      1.867     0.626    -2.204
      1.861     0.623    -2.205
