Count of Points:869

WCS coordinates of Points:
      1.181     0.000    -1.740
      1.186     0.006    -1.740
      1.191     0.011    -1.740
      1.196     0.016    -1.740
      1.201     0.022    -1.740
      1.206     0.027    -1.740
      1.211     0.032    -1.740
      1.216     0.038    -1.740
      1.222     0.043    -1.739
      1.228     0.049    -1.739
      1.233     0.055    -1.739
      1.239     0.061    -1.739
      1.245     0.066    -1.739
      1.251     0.072    -1.739
      1.257     0.078    -1.739
      1.262     0.083    -1.739
      1.268     0.089    -1.739
      1.274     0.094    -1.739
      1.280     0.100    -1.739
      1.286     0.105    -1.739
      1.292     0.110    -1.739
      1.298     0.116    -1.739
      1.304     0.121    -1.739
      1.310     0.126    -1.738
      1.316     0.132    -1.738
      1.322     0.137    -1.738
      1.328     0.142    -1.738
      1.334     0.147    -1.738
      1.340     0.153    -1.738
      1.347     0.158    -1.738
      1.353     0.163    -1.738
      1.359     0.168    -1.738
      1.365     0.173    -1.737
      1.372     0.178    -1.737
      1.378     0.183    -1.737
      1.385     0.188    -1.737
      1.391     0.193    -1.737
      1.398     0.198    -1.737
      1.404     0.202    -1.737
      1.411     0.207    -1.736
      1.417     0.212    -1.736
      1.424     0.217    -1.736
      1.430     0.222    -1.736
      1.437     0.226    -1.736
      1.443     0.231    -1.736
      1.450     0.235    -1.736
      1.456     0.240    -1.735
      1.463     0.244    -1.735
      1.470     0.249    -1.735
      1.476     0.253    -1.735
      1.483     0.258    -1.735
      1.490     0.262    -1.735
      1.497     0.267    -1.735
      1.504     0.271    -1.734
      1.510     0.275    -1.734
      1.517     0.280    -1.734
      1.524     0.284    -1.734
      1.531     0.288    -1.734
      1.538     0.293    -1.734
      1.545     0.297    -1.734
      1.552     0.301    -1.734
      1.558     0.305    -1.733
      1.565     0.309    -1.733
      1.571     0.312    -1.733
      1.578     0.316    -1.733
      1.584     0.320    -1.733
      1.591     0.323    -1.733
      1.598     0.327    -1.733
      1.605     0.331    -1.732
      1.612     0.335    -1.732
      1.619     0.339    -1.732
      1.626     0.343    -1.732
      1.633     0.347    -1.732
      1.640     0.350    -1.732
      1.647     0.354    -1.732
      1.654     0.358    -1.732
      1.661     0.361    -1.731
      1.669     0.365    -1.731
      1.676     0.369    -1.731
      1.683     0.372    -1.731
      1.690     0.376    -1.731
      1.698     0.379    -1.731
      1.705     0.383    -1.731
      1.712     0.386    -1.731
      1.720     0.390    -1.730
      1.727     0.393    -1.730
      1.734     0.397    -1.730
      1.742     0.400    -1.730
      1.749     0.403    -1.730
      1.757     0.407    -1.730
      1.763     0.410    -1.730
      1.770     0.413    -1.730
      1.777     0.416    -1.729
      1.784     0.419    -1.729
      1.791     0.422    -1.729
      1.798     0.425    -1.729
      1.805     0.428    -1.729
      1.812     0.431    -1.729
      1.820     0.434    -1.729
      1.827     0.437    -1.729
      1.835     0.440    -1.729
      1.843     0.443    -1.729
      1.850     0.446    -1.728
      1.857     0.449    -1.728
      1.864     0.452    -1.728
      1.871     0.454    -1.728
      1.878     0.457    -1.728
      1.885     0.460    -1.728
      1.892     0.462    -1.728
      1.899     0.465    -1.728
      1.906     0.467    -1.728
      1.913     0.470    -1.728
      1.920     0.472    -1.728
      1.927     0.475    -1.727
      1.934     0.477    -1.727
      1.940     0.480    -1.727
      1.947     0.482    -1.727
      1.954     0.484    -1.727
      1.960     0.487    -1.727
      1.967     0.489    -1.727
      1.975     0.491    -1.727
      1.982     0.494    -1.727
      1.990     0.496    -1.727
      1.998     0.499    -1.727
      2.005     0.501    -1.727
      2.013     0.504    -1.726
      2.021     0.506    -1.726
      2.028     0.509    -1.726
      2.036     0.511    -1.726
      2.043     0.513    -1.726
      2.051     0.516    -1.726
      2.059     0.518    -1.726
      2.067     0.520    -1.726
      2.075     0.522    -1.726
      2.082     0.525    -1.726
      2.090     0.527    -1.726
      2.098     0.529    -1.726
      2.106     0.531    -1.726
      2.114     0.533    -1.725
      2.122     0.535    -1.725
      2.129     0.538    -1.725
      2.137     0.540    -1.725
      2.145     0.542    -1.725
      2.152     0.543    -1.725
      2.159     0.545    -1.725
      2.167     0.547    -1.725
      2.174     0.549    -1.725
      2.181     0.551    -1.725
      2.188     0.552    -1.725
      2.196     0.554    -1.725
      2.204     0.556    -1.725
      2.212     0.558    -1.725
      2.220     0.560    -1.724
      2.228     0.562    -1.724
      2.236     0.563    -1.724
      2.244     0.565    -1.724
      2.251     0.567    -1.724
      2.258     0.568    -1.724
      2.266     0.570    -1.724
      2.273     0.571    -1.724
      2.280     0.573    -1.724
      2.287     0.574    -1.724
      2.295     0.576    -1.724
      2.302     0.577    -1.724
      2.309     0.579    -1.724
      2.317     0.580    -1.724
      2.324     0.581    -1.723
      2.331     0.583    -1.723
      2.338     0.584    -1.723
      2.345     0.585    -1.723
      2.352     0.587    -1.723
      2.359     0.588    -1.723
      2.366     0.589    -1.723
      2.374     0.590    -1.723
      2.382     0.592    -1.723
      2.390     0.593    -1.723
      2.398     0.594    -1.723
      2.406     0.596    -1.723
      2.414     0.597    -1.723
      2.422     0.598    -1.722
      2.429     0.599    -1.722
      2.437     0.600    -1.722
      2.444     0.601    -1.722
      2.451     0.602    -1.722
      2.459     0.603    -1.722
      2.466     0.604    -1.722
      2.473     0.605    -1.722
      2.481     0.606    -1.722
      2.488     0.607    -1.722
      2.496     0.608    -1.722
      2.503     0.609    -1.722
      2.510     0.610    -1.721
      2.517     0.611    -1.721
      2.524     0.612    -1.721
      2.531     0.612    -1.721
      2.538     0.613    -1.721
      2.545     0.614    -1.721
      2.553     0.615    -1.721
      2.560     0.616    -1.721
      2.567     0.616    -1.721
      2.575     0.617    -1.721
      2.582     0.618    -1.721
      2.590     0.619    -1.720
      2.597     0.619    -1.720
      2.604     0.620    -1.720
      2.611     0.620    -1.720
      2.618     0.621    -1.720
      2.625     0.622    -1.720
      2.632     0.622    -1.720
      2.639     0.623    -1.720
      2.646     0.623    -1.720
      2.653     0.624    -1.720
      2.660     0.624    -1.720
      2.666     0.625    -1.719
      2.673     0.625    -1.719
      2.680     0.626    -1.719
      2.687     0.626    -1.719
      2.694     0.627    -1.719
      2.702     0.627    -1.719
      2.709     0.627    -1.719
      2.716     0.628    -1.719
      2.724     0.628    -1.719
      2.731     0.629    -1.719
      2.738     0.629    -1.718
      2.747     0.629    -1.718
      2.755     0.630    -1.718
      2.763     0.630    -1.718
      2.771     0.630    -1.718
      2.779     0.631    -1.718
      2.787     0.631    -1.718
      2.795     0.631    -1.718
      2.803     0.631    -1.717
      2.811     0.632    -1.717
      2.819     0.632    -1.717
      2.827     0.632    -1.717
      2.835     0.632    -1.717
      2.843     0.632    -1.717
      2.851     0.633    -1.717
      2.859     0.633    -1.716
      2.867     0.633    -1.716
      2.875     0.633    -1.716
      2.884     0.633    -1.716
      2.892     0.633    -1.716
      2.900     0.633    -1.716
      2.908     0.633    -1.716
      2.916     0.633    -1.716
      2.923     0.633    -1.715
      2.932     0.633    -1.715
      2.940     0.633    -1.715
      2.948     0.633    -1.715
      2.956     0.633    -1.715
      2.964     0.632    -1.715
      2.972     0.632    -1.715
      2.980     0.632    -1.714
      2.988     0.632    -1.714
      2.996     0.632    -1.714
      3.005     0.632    -1.714
      3.013     0.631    -1.714
      3.021     0.631    -1.714
      3.029     0.631    -1.713
      3.037     0.631    -1.713
      3.045     0.630    -1.713
      3.053     0.630    -1.713
      3.061     0.630    -1.713
      3.069     0.629    -1.713
      3.077     0.629    -1.712
      3.085     0.629    -1.712
      3.093     0.628    -1.712
      3.101     0.628    -1.712
      3.109     0.628    -1.712
      3.117     0.627    -1.712
      3.126     0.627    -1.711
      3.134     0.626    -1.711
      3.142     0.626    -1.711
      3.150     0.625    -1.711
      3.158     0.625    -1.711
      3.166     0.624    -1.710
      3.173     0.624    -1.710
      3.181     0.623    -1.710
      3.188     0.623    -1.710
      3.196     0.622    -1.710
      3.203     0.622    -1.709
      3.211     0.621    -1.709
      3.219     0.621    -1.709
      3.227     0.620    -1.709
      3.235     0.619    -1.709
      3.243     0.619    -1.708
      3.251     0.618    -1.708
      3.259     0.617    -1.708
      3.267     0.617    -1.708
      3.275     0.616    -1.708
      3.283     0.615    -1.707
      3.291     0.615    -1.707
      3.299     0.614    -1.707
      3.307     0.613    -1.707
      3.315     0.612    -1.706
      3.323     0.612    -1.706
      3.331     0.611    -1.706
      3.339     0.610    -1.706
      3.347     0.609    -1.705
      3.355     0.608    -1.705
      3.363     0.608    -1.705
      3.371     0.607    -1.705
      3.379     0.606    -1.704
      3.388     0.605    -1.704
      3.396     0.604    -1.704
      3.403     0.603    -1.703
      3.410     0.603    -1.703
      3.418     0.602    -1.703
      3.425     0.601    -1.703
      3.433     0.600    -1.702
      3.440     0.599    -1.702
      3.448     0.598    -1.702
      3.456     0.597    -1.702
      3.464     0.596    -1.701
      3.472     0.595    -1.701
      3.480     0.594    -1.701
      3.488     0.593    -1.700
      3.496     0.592    -1.700
      3.504     0.591    -1.700
      3.511     0.591    -1.699
      3.518     0.590    -1.699
      3.526     0.589    -1.699
      3.533     0.588    -1.698
      3.541     0.587    -1.698
      3.548     0.586    -1.698
      3.555     0.585    -1.697
      3.563     0.584    -1.697
      3.570     0.583    -1.697
      3.577     0.582    -1.697
      3.585     0.581    -1.696
      3.592     0.580    -1.696
      3.599     0.579    -1.696
      3.606     0.578    -1.695
      3.612     0.577    -1.695
      3.619     0.576    -1.695
      3.627     0.575    -1.694
      3.635     0.574    -1.694
      3.643     0.572    -1.693
      3.651     0.571    -1.693
      3.659     0.570    -1.693
      3.667     0.569    -1.692
      3.675     0.568    -1.692
      3.683     0.567    -1.691
      3.691     0.565    -1.691
      3.699     0.564    -1.690
      3.707     0.563    -1.690
      3.715     0.562    -1.690
      3.723     0.560    -1.689
      3.731     0.559    -1.689
      3.739     0.558    -1.688
      3.747     0.557    -1.688
      3.755     0.555    -1.687
      3.763     0.554    -1.687
      3.771     0.553    -1.686
      3.779     0.552    -1.686
      3.787     0.550    -1.685
      3.795     0.549    -1.685
      3.803     0.548    -1.684
      3.810     0.547    -1.684
      3.818     0.545    -1.683
      3.825     0.544    -1.683
      3.832     0.543    -1.682
      3.840     0.542    -1.682
      3.847     0.541    -1.681
      3.855     0.539    -1.681
      3.863     0.538    -1.680
      3.871     0.537    -1.680
      3.879     0.535    -1.679
      3.887     0.534    -1.679
      3.895     0.532    -1.678
      3.903     0.531    -1.677
      3.910     0.530    -1.677
      3.917     0.529    -1.676
      3.925     0.527    -1.676
      3.932     0.526    -1.675
      3.939     0.525    -1.675
      3.947     0.524    -1.674
      3.954     0.522    -1.674
      3.961     0.521    -1.673
      3.969     0.520    -1.672
      3.976     0.518    -1.672
      3.983     0.517    -1.671
      3.990     0.516    -1.671
      3.997     0.515    -1.670
      4.004     0.513    -1.669
      4.011     0.512    -1.669
      4.018     0.511    -1.668
      4.025     0.510    -1.668
      4.033     0.508    -1.667
      4.041     0.507    -1.666
      4.049     0.506    -1.666
      4.057     0.504    -1.665
      4.065     0.503    -1.664
      4.073     0.501    -1.664
      4.081     0.500    -1.663
      4.088     0.498    -1.662
      4.095     0.497    -1.661
      4.102     0.496    -1.661
      4.110     0.494    -1.660
      4.117     0.493    -1.659
      4.124     0.492    -1.659
      4.132     0.490    -1.658
      4.139     0.489    -1.657
      4.146     0.488    -1.657
      4.153     0.486    -1.656
      4.161     0.485    -1.655
      4.168     0.484    -1.654
      4.175     0.483    -1.654
      4.182     0.481    -1.653
      4.189     0.480    -1.652
      4.195     0.479    -1.652
      4.202     0.477    -1.651
      4.210     0.476    -1.650
      4.217     0.475    -1.649
      4.224     0.473    -1.649
      4.231     0.472    -1.648
      4.239     0.471    -1.647
      4.246     0.469    -1.646
      4.253     0.468    -1.645
      4.260     0.467    -1.645
      4.267     0.465    -1.644
      4.273     0.464    -1.643
      4.280     0.463    -1.642
      4.287     0.462    -1.642
      4.294     0.460    -1.641
      4.301     0.459    -1.640
      4.308     0.458    -1.639
      4.314     0.456    -1.638
      4.321     0.455    -1.638
      4.328     0.454    -1.637
      4.335     0.453    -1.636
      4.341     0.451    -1.635
      4.349     0.450    -1.634
      4.357     0.448    -1.633
      4.365     0.447    -1.632
      4.374     0.445    -1.631
      4.382     0.444    -1.630
      4.390     0.442    -1.629
      4.398     0.441    -1.628
      4.405     0.439    -1.627
      4.412     0.438    -1.626
      4.420     0.436    -1.626
      4.427     0.435    -1.625
      4.434     0.434    -1.624
      4.442     0.432    -1.623
      4.449     0.431    -1.622
      4.457     0.429    -1.621
      4.464     0.428    -1.620
      4.471     0.427    -1.619
      4.479     0.425    -1.618
      4.486     0.424    -1.617
      4.493     0.422    -1.616
      4.500     0.421    -1.615
      4.507     0.420    -1.614
      4.514     0.418    -1.613
      4.521     0.417    -1.612
      4.528     0.416    -1.611
      4.535     0.414    -1.610
      4.543     0.413    -1.609
      4.550     0.411    -1.608
      4.557     0.410    -1.607
      4.565     0.409    -1.606
      4.572     0.407    -1.605
      4.579     0.406    -1.604
      4.586     0.405    -1.602
      4.592     0.403    -1.601
      4.599     0.402    -1.600
      4.606     0.401    -1.599
      4.613     0.399    -1.598
      4.620     0.398    -1.597
      4.627     0.397    -1.596
      4.634     0.395    -1.595
      4.641     0.394    -1.594
      4.648     0.393    -1.593
      4.654     0.392    -1.592
      4.661     0.390    -1.591
      4.669     0.389    -1.590
      4.676     0.387    -1.588
      4.683     0.386    -1.587
      4.691     0.385    -1.586
      4.698     0.383    -1.585
      4.705     0.382    -1.584
      4.712     0.380    -1.583
      4.719     0.379    -1.581
      4.726     0.378    -1.580
      4.733     0.376    -1.579
      4.740     0.375    -1.578
      4.747     0.374    -1.577
      4.754     0.373    -1.576
      4.760     0.371    -1.574
      4.767     0.370    -1.573
      4.774     0.369    -1.572
      4.781     0.367    -1.571
      4.788     0.366    -1.570
      4.795     0.365    -1.568
      4.801     0.363    -1.567
      4.808     0.362    -1.566
      4.815     0.361    -1.565
      4.822     0.359    -1.563
      4.829     0.358    -1.562
      4.836     0.357    -1.561
      4.843     0.355    -1.560
      4.849     0.354    -1.558
      4.856     0.353    -1.557
      4.863     0.351    -1.556
      4.871     0.350    -1.554
      4.879     0.348    -1.553
      4.887     0.347    -1.551
      4.895     0.345    -1.550
      4.903     0.344    -1.548
      4.911     0.342    -1.547
      4.918     0.341    -1.545
      4.926     0.339    -1.544
      4.933     0.338    -1.542
      4.940     0.336    -1.541
      4.947     0.335    -1.540
      4.955     0.334    -1.538
      4.962     0.332    -1.537
      4.968     0.331    -1.535
      4.975     0.330    -1.534
      4.982     0.328    -1.532
      4.989     0.327    -1.531
      4.996     0.325    -1.530
      5.003     0.324    -1.528
      5.010     0.323    -1.527
      5.016     0.321    -1.525
      5.023     0.320    -1.524
      5.030     0.319    -1.522
      5.037     0.317    -1.521
      5.043     0.316    -1.520
      5.050     0.315    -1.518
      5.057     0.313    -1.517
      5.064     0.312    -1.515
      5.071     0.311    -1.514
      5.077     0.309    -1.512
      5.084     0.308    -1.511
      5.091     0.307    -1.509
      5.098     0.305    -1.508
      5.104     0.304    -1.506
      5.111     0.303    -1.505
      5.119     0.301    -1.503
      5.127     0.299    -1.501
      5.135     0.298    -1.499
      5.143     0.296    -1.497
      5.151     0.295    -1.496
      5.159     0.293    -1.494
      5.166     0.292    -1.492
      5.173     0.290    -1.491
      5.179     0.289    -1.489
      5.186     0.287    -1.487
      5.193     0.286    -1.486
      5.200     0.285    -1.484
      5.206     0.283    -1.483
      5.213     0.282    -1.481
      5.220     0.281    -1.479
      5.228     0.279    -1.477
      5.236     0.277    -1.476
      5.243     0.276    -1.474
      5.251     0.274    -1.472
      5.259     0.272    -1.470
      5.267     0.271    -1.468
      5.275     0.269    -1.466
      5.283     0.267    -1.464
      5.291     0.266    -1.462
      5.299     0.264    -1.460
      5.307     0.262    -1.458
      5.315     0.261    -1.456
      5.322     0.259    -1.454
      5.330     0.258    -1.452
      5.337     0.256    -1.450
      5.345     0.254    -1.448
      5.352     0.253    -1.446
      5.359     0.251    -1.444
      5.366     0.250    -1.442
      5.374     0.248    -1.441
      5.381     0.247    -1.439
      5.388     0.245    -1.437
      5.395     0.244    -1.435
      5.402     0.242    -1.433
      5.408     0.241    -1.431
      5.415     0.239    -1.429
      5.422     0.238    -1.428
      5.429     0.236    -1.426
      5.435     0.235    -1.424
      5.442     0.233    -1.422
      5.449     0.232    -1.420
      5.456     0.230    -1.419
      5.462     0.229    -1.417
      5.469     0.228    -1.415
      5.476     0.226    -1.413
      5.482     0.225    -1.411
      5.489     0.223    -1.409
      5.495     0.222    -1.408
      5.502     0.220    -1.406
      5.509     0.219    -1.404
      5.516     0.217    -1.402
      5.522     0.216    -1.400
      5.529     0.214    -1.398
      5.535     0.213    -1.396
      5.542     0.211    -1.395
      5.549     0.210    -1.393
      5.557     0.208    -1.391
      5.564     0.206    -1.388
      5.572     0.205    -1.386
      5.580     0.203    -1.384
      5.588     0.201    -1.382
      5.596     0.199    -1.379
      5.602     0.198    -1.377
      5.609     0.196    -1.375
      5.616     0.195    -1.374
      5.622     0.193    -1.372
      5.629     0.192    -1.370
      5.636     0.190    -1.368
      5.642     0.189    -1.366
      5.649     0.187    -1.364
      5.655     0.186    -1.362
      5.663     0.184    -1.360
      5.671     0.182    -1.357
      5.679     0.180    -1.355
      5.687     0.178    -1.353
      5.694     0.177    -1.351
      5.702     0.175    -1.348
      5.710     0.173    -1.346
      5.718     0.171    -1.344
      5.726     0.169    -1.341
      5.733     0.167    -1.339
      5.741     0.166    -1.337
      5.749     0.164    -1.334
      5.756     0.162    -1.332
      5.764     0.160    -1.330
      5.771     0.159    -1.328
      5.778     0.157    -1.325
      5.786     0.155    -1.323
      5.792     0.153    -1.321
      5.799     0.152    -1.319
      5.805     0.150    -1.317
      5.812     0.149    -1.315
      5.819     0.147    -1.313
      5.825     0.145    -1.311
      5.832     0.144    -1.309
      5.838     0.142    -1.307
      5.845     0.141    -1.305
      5.853     0.139    -1.303
      5.860     0.137    -1.300
      5.868     0.135    -1.298
      5.876     0.133    -1.296
      5.884     0.131    -1.293
      5.891     0.129    -1.291
      5.899     0.127    -1.289
      5.907     0.125    -1.286
      5.915     0.123    -1.284
      5.922     0.121    -1.281
      5.930     0.119    -1.279
      5.938     0.118    -1.277
      5.945     0.116    -1.274
      5.952     0.114    -1.272
      5.960     0.112    -1.270
      5.967     0.110    -1.267
      5.974     0.108    -1.265
      5.982     0.106    -1.263
      5.990     0.104    -1.260
      5.997     0.102    -1.258
      6.005     0.100    -1.255
      6.013     0.098    -1.253
      6.021     0.096    -1.251
      6.028     0.094    -1.248
      6.035     0.093    -1.246
      6.042     0.091    -1.244
      6.050     0.089    -1.241
      6.057     0.087    -1.239
      6.064     0.085    -1.237
      6.071     0.083    -1.235
      6.079     0.081    -1.232
      6.086     0.079    -1.230
      6.093     0.077    -1.228
      6.100     0.075    -1.225
      6.108     0.073    -1.223
      6.115     0.071    -1.221
      6.122     0.070    -1.219
      6.129     0.068    -1.217
      6.136     0.066    -1.214
      6.143     0.064    -1.212
      6.150     0.062    -1.210
      6.157     0.060    -1.208
      6.164     0.058    -1.206
      6.170     0.056    -1.203
      6.177     0.055    -1.201
      6.183     0.053    -1.199
      6.190     0.051    -1.197
      6.196     0.049    -1.195
      6.203     0.047    -1.193
      6.210     0.046    -1.191
      6.216     0.044    -1.189
      6.223     0.042    -1.187
      6.229     0.040    -1.185
      6.236     0.038    -1.183
      6.242     0.036    -1.181
      6.249     0.035    -1.179
      6.255     0.033    -1.177
      6.262     0.031    -1.175
      6.268     0.029    -1.172
      6.275     0.027    -1.170
      6.281     0.025    -1.168
      6.288     0.023    -1.166
      6.294     0.022    -1.164
      6.301     0.020    -1.162
      6.307     0.018    -1.160
      6.314     0.016    -1.158
      6.321     0.014    -1.156
      6.329     0.012    -1.153
      6.337     0.009    -1.151
      6.344     0.007    -1.149
      6.352     0.005    -1.146
      6.360     0.003    -1.144
      6.366     0.001    -1.142
      6.373    -0.001    -1.140
      6.379    -0.003    -1.138
      6.386    -0.005    -1.136
      6.392    -0.007    -1.134
      6.399    -0.009    -1.132
      6.405    -0.011    -1.130
      6.412    -0.012    -1.128
      6.418    -0.014    -1.126
      6.426    -0.017    -1.123
      6.434    -0.019    -1.121
      6.441    -0.021    -1.119
      6.449    -0.023    -1.116
      6.457    -0.026    -1.114
      6.464    -0.028    -1.112
      6.472    -0.030    -1.109
      6.480    -0.033    -1.107
      6.487    -0.035    -1.105
      6.495    -0.037    -1.102
      6.503    -0.040    -1.100
      6.510    -0.042    -1.098
      6.517    -0.044    -1.096
      6.525    -0.046    -1.093
      6.532    -0.048    -1.091
      6.539    -0.051    -1.089
      6.546    -0.053    -1.087
      6.553    -0.055    -1.085
      6.559    -0.057    -1.083
      6.566    -0.059    -1.081
      6.573    -0.061    -1.079
      6.579    -0.063    -1.077
      6.586    -0.065    -1.075
      6.592    -0.067    -1.073
      6.598    -0.069    -1.072
      6.605    -0.071    -1.070
      6.613    -0.073    -1.067
      6.620    -0.076    -1.065
      6.628    -0.078    -1.063
      6.636    -0.080    -1.061
      6.643    -0.083    -1.059
      6.651    -0.085    -1.056
      6.659    -0.088    -1.054
      6.666    -0.090    -1.052
      6.674    -0.092    -1.050
      6.682    -0.095    -1.048
      6.689    -0.097    -1.045
      6.697    -0.100    -1.043
      6.704    -0.102    -1.041
      6.711    -0.104    -1.039
      6.719    -0.106    -1.037
      6.726    -0.109    -1.035
      6.733    -0.111    -1.033
      6.741    -0.113    -1.031
      6.749    -0.116    -1.029
      6.756    -0.118    -1.027
      6.764    -0.121    -1.025
      6.772    -0.123    -1.023
      6.779    -0.126    -1.021
      6.787    -0.128    -1.019
      6.794    -0.130    -1.017
      6.801    -0.132    -1.015
      6.808    -0.135    -1.013
      6.816    -0.137    -1.011
      6.823    -0.139    -1.009
      6.830    -0.142    -1.007
      6.837    -0.144    -1.005
      6.845    -0.146    -1.004
      6.852    -0.148    -1.002
      6.859    -0.151    -1.000
      6.866    -0.153    -0.998
      6.873    -0.155    -0.996
      6.881    -0.157    -0.994
      6.887    -0.159    -0.993
      6.894    -0.162    -0.991
      6.901    -0.164    -0.989
      6.907    -0.166    -0.988
      6.914    -0.168    -0.986
      6.920    -0.170    -0.985
      6.927    -0.172    -0.983
      6.933    -0.174    -0.981
      6.940    -0.176    -0.980
      6.948    -0.178    -0.978
      6.955    -0.181    -0.976
      6.963    -0.183    -0.974
      6.971    -0.185    -0.973
      6.979    -0.188    -0.971
      6.986    -0.190    -0.969
      6.994    -0.193    -0.967
      7.002    -0.195    -0.965
      7.010    -0.197    -0.964
      7.018    -0.200    -0.962
      7.025    -0.202    -0.960
      7.033    -0.205    -0.958
      7.040    -0.207    -0.957
      7.048    -0.209    -0.955
      7.055    -0.211    -0.954
      7.063    -0.214    -0.952
      7.070    -0.216    -0.951
      7.078    -0.218    -0.949
      7.086    -0.220    -0.947
      7.093    -0.223    -0.946
      7.101    -0.225    -0.944
      7.109    -0.227    -0.942
      7.117    -0.230    -0.941
      7.124    -0.232    -0.939
      7.132    -0.234    -0.938
      7.139    -0.236    -0.936
      7.147    -0.239    -0.935
      7.154    -0.241    -0.933
      7.161    -0.243    -0.932
      7.169    -0.245    -0.931
      7.176    -0.247    -0.929
      7.184    -0.249    -0.928
      7.191    -0.252    -0.926
      7.198    -0.254    -0.925
      7.206    -0.256    -0.924
      7.213    -0.258    -0.922
      7.220    -0.260    -0.921
      7.228    -0.262    -0.920
      7.236    -0.264    -0.918
      7.244    -0.267    -0.917
      7.252    -0.269    -0.915
      7.260    -0.271    -0.914
      7.268    -0.273    -0.913
      7.275    -0.275    -0.911
      7.283    -0.277    -0.910
      7.290    -0.279    -0.909
      7.298    -0.281    -0.907
      7.305    -0.283    -0.906
      7.313    -0.285    -0.905
      7.320    -0.287    -0.904
      7.328    -0.289    -0.903
      7.335    -0.291    -0.901
      7.343    -0.293    -0.900
      7.350    -0.295    -0.899
      7.357    -0.297    -0.898
      7.365    -0.299    -0.897
      7.372    -0.301    -0.896
      7.380    -0.303    -0.894
      7.387    -0.305    -0.893
      7.395    -0.307    -0.892
      7.402    -0.309    -0.891
      7.410    -0.311    -0.890
      7.417    -0.312    -0.889
      7.425    -0.314    -0.888
      7.432    -0.316    -0.887
      7.440    -0.318    -0.886
      7.447    -0.320    -0.885
      7.455    -0.321    -0.884
      7.462    -0.323    -0.883
      7.470    -0.325    -0.882
      7.478    -0.327    -0.881
      7.485    -0.329    -0.880
      7.493    -0.330    -0.879
