Count of Points:874

WCS coordinates of Points:
      1.181     0.000    -1.519
      1.187     0.005    -1.519
      1.192     0.010    -1.519
      1.197     0.015    -1.519
      1.203     0.019    -1.519
      1.208     0.024    -1.519
      1.213     0.029    -1.519
      1.219     0.034    -1.519
      1.224     0.038    -1.519
      1.229     0.043    -1.519
      1.235     0.047    -1.519
      1.240     0.052    -1.519
      1.246     0.057    -1.519
      1.252     0.061    -1.519
      1.257     0.066    -1.519
      1.263     0.070    -1.519
      1.268     0.075    -1.519
      1.274     0.079    -1.518
      1.280     0.084    -1.518
      1.285     0.088    -1.518
      1.291     0.093    -1.518
      1.297     0.097    -1.518
      1.303     0.101    -1.518
      1.308     0.106    -1.518
      1.315     0.111    -1.518
      1.321     0.115    -1.518
      1.327     0.120    -1.518
      1.334     0.125    -1.518
      1.340     0.129    -1.518
      1.346     0.133    -1.518
      1.352     0.138    -1.518
      1.358     0.142    -1.518
      1.364     0.146    -1.517
      1.370     0.150    -1.517
      1.376     0.154    -1.517
      1.382     0.158    -1.517
      1.388     0.163    -1.517
      1.395     0.167    -1.517
      1.402     0.171    -1.517
      1.408     0.176    -1.517
      1.415     0.180    -1.517
      1.421     0.184    -1.517
      1.428     0.189    -1.517
      1.435     0.193    -1.517
      1.442     0.197    -1.517
      1.448     0.201    -1.516
      1.455     0.205    -1.516
      1.462     0.209    -1.516
      1.468     0.213    -1.516
      1.475     0.217    -1.516
      1.481     0.221    -1.516
      1.487     0.225    -1.516
      1.494     0.228    -1.516
      1.500     0.232    -1.516
      1.506     0.236    -1.516
      1.512     0.239    -1.516
      1.519     0.243    -1.516
      1.526     0.247    -1.516
      1.533     0.250    -1.516
      1.539     0.254    -1.515
      1.546     0.258    -1.515
      1.553     0.262    -1.515
      1.560     0.266    -1.515
      1.567     0.269    -1.515
      1.574     0.273    -1.515
      1.581     0.277    -1.515
      1.588     0.280    -1.515
      1.595     0.284    -1.515
      1.602     0.288    -1.515
      1.609     0.291    -1.515
      1.616     0.295    -1.515
      1.623     0.298    -1.515
      1.630     0.302    -1.515
      1.638     0.305    -1.515
      1.645     0.309    -1.515
      1.652     0.312    -1.515
      1.659     0.315    -1.515
      1.666     0.319    -1.514
      1.673     0.322    -1.514
      1.680     0.325    -1.514
      1.687     0.329    -1.514
      1.695     0.332    -1.514
      1.702     0.335    -1.514
      1.709     0.338    -1.514
      1.716     0.342    -1.514
      1.724     0.345    -1.514
      1.731     0.348    -1.514
      1.738     0.351    -1.514
      1.744     0.354    -1.514
      1.751     0.357    -1.514
      1.757     0.359    -1.514
      1.764     0.362    -1.514
      1.771     0.365    -1.514
      1.777     0.368    -1.514
      1.785     0.371    -1.514
      1.792     0.374    -1.514
      1.799     0.377    -1.514
      1.807     0.380    -1.514
      1.814     0.383    -1.514
      1.822     0.385    -1.514
      1.829     0.388    -1.514
      1.836     0.391    -1.513
      1.844     0.394    -1.513
      1.851     0.397    -1.513
      1.859     0.399    -1.513
      1.866     0.402    -1.513
      1.873     0.405    -1.513
      1.881     0.407    -1.513
      1.888     0.410    -1.513
      1.895     0.413    -1.513
      1.903     0.415    -1.513
      1.910     0.418    -1.513
      1.918     0.421    -1.513
      1.925     0.423    -1.513
      1.933     0.426    -1.513
      1.940     0.428    -1.513
      1.948     0.431    -1.513
      1.955     0.433    -1.513
      1.963     0.435    -1.513
      1.970     0.438    -1.513
      1.978     0.440    -1.513
      1.985     0.443    -1.513
      1.993     0.445    -1.513
      2.001     0.447    -1.513
      2.008     0.450    -1.513
      2.016     0.452    -1.513
      2.023     0.454    -1.513
      2.031     0.456    -1.512
      2.039     0.459    -1.512
      2.046     0.461    -1.512
      2.054     0.463    -1.512
      2.061     0.465    -1.512
      2.069     0.467    -1.512
      2.076     0.469    -1.512
      2.084     0.471    -1.512
      2.092     0.473    -1.512
      2.099     0.475    -1.512
      2.107     0.477    -1.512
      2.115     0.479    -1.512
      2.122     0.481    -1.512
      2.130     0.483    -1.512
      2.138     0.485    -1.512
      2.146     0.487    -1.512
      2.153     0.489    -1.512
      2.161     0.491    -1.512
      2.169     0.492    -1.512
      2.177     0.494    -1.512
      2.184     0.496    -1.512
      2.191     0.497    -1.512
      2.198     0.499    -1.512
      2.205     0.501    -1.511
      2.212     0.502    -1.511
      2.219     0.504    -1.511
      2.226     0.505    -1.511
      2.233     0.507    -1.511
      2.240     0.508    -1.511
      2.248     0.510    -1.511
      2.255     0.511    -1.511
      2.262     0.512    -1.511
      2.269     0.514    -1.511
      2.277     0.515    -1.511
      2.284     0.517    -1.511
      2.292     0.518    -1.511
      2.300     0.520    -1.511
      2.308     0.521    -1.511
      2.316     0.522    -1.511
      2.323     0.524    -1.511
      2.331     0.525    -1.511
      2.339     0.526    -1.511
      2.347     0.528    -1.510
      2.355     0.529    -1.510
      2.362     0.530    -1.510
      2.370     0.531    -1.510
      2.378     0.532    -1.510
      2.386     0.534    -1.510
      2.393     0.535    -1.510
      2.401     0.536    -1.510
      2.409     0.537    -1.510
      2.417     0.538    -1.510
      2.425     0.539    -1.510
      2.432     0.540    -1.510
      2.440     0.541    -1.510
      2.448     0.542    -1.510
      2.456     0.543    -1.510
      2.464     0.544    -1.510
      2.472     0.545    -1.509
      2.479     0.546    -1.509
      2.487     0.547    -1.509
      2.495     0.548    -1.509
      2.503     0.549    -1.509
      2.511     0.549    -1.509
      2.519     0.550    -1.509
      2.527     0.551    -1.509
      2.535     0.552    -1.509
      2.543     0.552    -1.509
      2.550     0.553    -1.509
      2.558     0.554    -1.509
      2.566     0.555    -1.509
      2.574     0.555    -1.509
      2.582     0.556    -1.509
      2.590     0.556    -1.509
      2.597     0.557    -1.508
      2.605     0.558    -1.508
      2.613     0.558    -1.508
      2.621     0.559    -1.508
      2.629     0.559    -1.508
      2.637     0.560    -1.508
      2.645     0.560    -1.508
      2.653     0.561    -1.508
      2.661     0.561    -1.508
      2.669     0.561    -1.508
      2.677     0.562    -1.508
      2.685     0.562    -1.508
      2.692     0.562    -1.508
      2.699     0.563    -1.508
      2.707     0.563    -1.508
      2.714     0.563    -1.507
      2.721     0.564    -1.507
      2.729     0.564    -1.507
      2.736     0.564    -1.507
      2.744     0.564    -1.507
      2.752     0.564    -1.507
      2.760     0.565    -1.507
      2.768     0.565    -1.507
      2.776     0.565    -1.507
      2.784     0.565    -1.507
      2.792     0.565    -1.507
      2.799     0.565    -1.507
      2.807     0.565    -1.507
      2.815     0.565    -1.507
      2.823     0.565    -1.507
      2.831     0.565    -1.507
      2.839     0.565    -1.506
      2.847     0.565    -1.506
      2.855     0.565    -1.506
      2.863     0.565    -1.506
      2.871     0.565    -1.506
      2.879     0.565    -1.506
      2.887     0.565    -1.506
      2.895     0.565    -1.506
      2.903     0.564    -1.506
      2.911     0.564    -1.506
      2.918     0.564    -1.506
      2.925     0.564    -1.506
      2.933     0.564    -1.506
      2.940     0.563    -1.506
      2.947     0.563    -1.506
      2.954     0.563    -1.505
      2.962     0.563    -1.505
      2.970     0.562    -1.505
      2.978     0.562    -1.505
      2.986     0.562    -1.505
      2.994     0.561    -1.505
      3.002     0.561    -1.505
      3.010     0.560    -1.505
      3.017     0.560    -1.505
      3.025     0.560    -1.505
      3.032     0.559    -1.505
      3.039     0.559    -1.505
      3.046     0.558    -1.505
      3.054     0.558    -1.504
      3.061     0.557    -1.504
      3.068     0.557    -1.504
      3.075     0.556    -1.504
      3.083     0.556    -1.504
      3.090     0.555    -1.504
      3.097     0.555    -1.504
      3.104     0.554    -1.504
      3.111     0.554    -1.504
      3.118     0.553    -1.504
      3.125     0.553    -1.504
      3.132     0.552    -1.503
      3.139     0.551    -1.503
      3.146     0.551    -1.503
      3.153     0.550    -1.503
      3.160     0.550    -1.503
      3.167     0.549    -1.503
      3.175     0.548    -1.503
      3.182     0.548    -1.503
      3.190     0.547    -1.503
      3.198     0.546    -1.502
      3.206     0.545    -1.502
      3.213     0.544    -1.502
      3.221     0.543    -1.502
      3.229     0.543    -1.502
      3.237     0.542    -1.502
      3.245     0.541    -1.502
      3.253     0.540    -1.502
      3.261     0.539    -1.501
      3.268     0.538    -1.501
      3.276     0.537    -1.501
      3.284     0.536    -1.501
      3.292     0.535    -1.501
      3.300     0.534    -1.501
      3.307     0.533    -1.501
      3.315     0.532    -1.500
      3.323     0.531    -1.500
      3.331     0.530    -1.500
      3.339     0.529    -1.500
      3.346     0.528    -1.500
      3.354     0.527    -1.500
      3.362     0.526    -1.499
      3.370     0.525    -1.499
      3.378     0.524    -1.499
      3.386     0.523    -1.499
      3.393     0.522    -1.499
      3.401     0.521    -1.498
      3.409     0.520    -1.498
      3.417     0.518    -1.498
      3.425     0.517    -1.498
      3.433     0.516    -1.498
      3.441     0.515    -1.498
      3.448     0.514    -1.497
      3.456     0.512    -1.497
      3.464     0.511    -1.497
      3.472     0.510    -1.497
      3.479     0.509    -1.497
      3.487     0.508    -1.496
      3.495     0.506    -1.496
      3.503     0.505    -1.496
      3.511     0.504    -1.496
      3.518     0.502    -1.495
      3.526     0.501    -1.495
      3.534     0.500    -1.495
      3.542     0.498    -1.495
      3.550     0.497    -1.494
      3.558     0.496    -1.494
      3.565     0.494    -1.494
      3.573     0.493    -1.494
      3.581     0.492    -1.494
      3.589     0.490    -1.493
      3.597     0.489    -1.493
      3.604     0.487    -1.493
      3.611     0.486    -1.493
      3.618     0.485    -1.492
      3.625     0.484    -1.492
      3.633     0.482    -1.492
      3.640     0.481    -1.492
      3.647     0.479    -1.491
      3.655     0.478    -1.491
      3.663     0.477    -1.491
      3.671     0.475    -1.490
      3.679     0.474    -1.490
      3.686     0.472    -1.490
      3.694     0.471    -1.490
      3.702     0.469    -1.489
      3.709     0.468    -1.489
      3.717     0.466    -1.489
      3.725     0.465    -1.488
      3.733     0.463    -1.488
      3.740     0.461    -1.488
      3.748     0.460    -1.487
      3.756     0.458    -1.487
      3.764     0.457    -1.487
      3.772     0.455    -1.486
      3.779     0.454    -1.486
      3.787     0.452    -1.486
      3.795     0.450    -1.485
      3.803     0.449    -1.485
      3.810     0.447    -1.485
      3.818     0.446    -1.484
      3.825     0.444    -1.484
      3.832     0.443    -1.484
      3.840     0.441    -1.483
      3.847     0.440    -1.483
      3.854     0.438    -1.483
      3.861     0.437    -1.482
      3.869     0.435    -1.482
      3.877     0.433    -1.482
      3.884     0.432    -1.481
      3.892     0.430    -1.481
      3.900     0.428    -1.480
      3.908     0.426    -1.480
      3.915     0.425    -1.480
      3.922     0.423    -1.479
      3.930     0.422    -1.479
      3.937     0.420    -1.478
      3.944     0.419    -1.478
      3.951     0.417    -1.478
      3.958     0.415    -1.477
      3.965     0.414    -1.477
      3.972     0.412    -1.476
      3.979     0.411    -1.476
      3.986     0.409    -1.476
      3.993     0.407    -1.475
      4.001     0.406    -1.475
      4.007     0.404    -1.474
      4.014     0.403    -1.474
      4.021     0.401    -1.473
      4.027     0.400    -1.473
      4.034     0.398    -1.473
      4.042     0.396    -1.472
      4.050     0.395    -1.472
      4.057     0.393    -1.471
      4.065     0.391    -1.471
      4.073     0.389    -1.470
      4.080     0.388    -1.470
      4.088     0.386    -1.469
      4.095     0.384    -1.469
      4.103     0.382    -1.468
      4.111     0.381    -1.468
      4.118     0.379    -1.467
      4.126     0.377    -1.466
      4.134     0.375    -1.466
      4.142     0.373    -1.465
      4.149     0.372    -1.465
      4.157     0.370    -1.464
      4.165     0.368    -1.464
      4.172     0.366    -1.463
      4.180     0.364    -1.462
      4.188     0.363    -1.462
      4.196     0.361    -1.461
      4.203     0.359    -1.461
      4.211     0.357    -1.460
      4.218     0.355    -1.459
      4.225     0.354    -1.459
      4.232     0.352    -1.458
      4.239     0.350    -1.458
      4.246     0.349    -1.457
      4.254     0.347    -1.457
      4.261     0.345    -1.456
      4.269     0.343    -1.455
      4.277     0.342    -1.455
      4.284     0.340    -1.454
      4.292     0.338    -1.453
      4.300     0.336    -1.453
      4.307     0.334    -1.452
      4.315     0.332    -1.451
      4.322     0.331    -1.451
      4.329     0.329    -1.450
      4.336     0.327    -1.449
      4.343     0.326    -1.449
      4.350     0.324    -1.448
      4.357     0.322    -1.447
      4.364     0.321    -1.447
      4.371     0.319    -1.446
      4.378     0.317    -1.445
      4.385     0.315    -1.445
      4.392     0.314    -1.444
      4.399     0.312    -1.443
      4.405     0.311    -1.443
      4.412     0.309    -1.442
      4.419     0.307    -1.441
      4.425     0.306    -1.441
      4.433     0.304    -1.440
      4.441     0.302    -1.439
      4.448     0.300    -1.438
      4.456     0.298    -1.438
      4.464     0.296    -1.437
      4.472     0.294    -1.436
      4.479     0.293    -1.435
      4.486     0.291    -1.435
      4.493     0.289    -1.434
      4.500     0.287    -1.433
      4.507     0.286    -1.432
      4.514     0.284    -1.431
      4.521     0.282    -1.431
      4.529     0.281    -1.430
      4.536     0.279    -1.429
      4.543     0.277    -1.428
      4.550     0.276    -1.428
      4.557     0.274    -1.427
      4.564     0.272    -1.426
      4.570     0.270    -1.425
      4.577     0.269    -1.424
      4.584     0.267    -1.424
      4.590     0.266    -1.423
      4.597     0.264    -1.422
      4.604     0.262    -1.421
      4.611     0.261    -1.420
      4.618     0.259    -1.419
      4.625     0.257    -1.419
      4.632     0.256    -1.418
      4.639     0.254    -1.417
      4.646     0.252    -1.416
      4.652     0.251    -1.415
      4.659     0.249    -1.414
      4.666     0.247    -1.414
      4.672     0.246    -1.413
      4.680     0.244    -1.412
      4.687     0.242    -1.411
      4.694     0.240    -1.410
      4.702     0.239    -1.409
      4.709     0.237    -1.408
      4.717     0.235    -1.407
      4.724     0.233    -1.406
      4.731     0.231    -1.405
      4.738     0.230    -1.404
      4.745     0.228    -1.403
      4.752     0.226    -1.402
      4.759     0.225    -1.401
      4.766     0.223    -1.400
      4.773     0.221    -1.399
      4.780     0.220    -1.398
      4.788     0.218    -1.397
      4.795     0.216    -1.396
      4.803     0.214    -1.395
      4.811     0.212    -1.394
      4.818     0.210    -1.393
      4.826     0.208    -1.392
      4.834     0.207    -1.390
      4.841     0.205    -1.389
      4.849     0.203    -1.388
      4.856     0.201    -1.387
      4.864     0.199    -1.386
      4.871     0.197    -1.385
      4.879     0.196    -1.384
      4.886     0.194    -1.382
      4.894     0.192    -1.381
      4.902     0.190    -1.380
      4.909     0.188    -1.379
      4.917     0.186    -1.377
      4.924     0.184    -1.376
      4.932     0.183    -1.375
      4.939     0.181    -1.374
      4.947     0.179    -1.373
      4.954     0.177    -1.371
      4.962     0.175    -1.370
      4.970     0.173    -1.369
      4.977     0.172    -1.367
      4.985     0.170    -1.366
      4.992     0.168    -1.365
      5.000     0.166    -1.363
      5.008     0.164    -1.362
      5.015     0.162    -1.361
      5.023     0.160    -1.359
      5.030     0.159    -1.358
      5.038     0.157    -1.357
      5.046     0.155    -1.355
      5.053     0.153    -1.354
      5.061     0.151    -1.353
      5.068     0.149    -1.351
      5.075     0.147    -1.350
      5.083     0.146    -1.349
      5.091     0.144    -1.347
      5.098     0.142    -1.346
      5.106     0.140    -1.344
      5.113     0.138    -1.343
      5.121     0.136    -1.341
      5.129     0.134    -1.340
      5.136     0.132    -1.338
      5.144     0.131    -1.337
      5.151     0.129    -1.335
      5.159     0.127    -1.334
      5.167     0.125    -1.333
      5.174     0.123    -1.331
      5.182     0.121    -1.329
      5.189     0.119    -1.328
      5.196     0.118    -1.327
      5.202     0.116    -1.325
      5.209     0.114    -1.324
      5.216     0.112    -1.322
      5.223     0.111    -1.321
      5.231     0.109    -1.319
      5.238     0.107    -1.318
      5.246     0.105    -1.316
      5.253     0.103    -1.315
      5.261     0.101    -1.313
      5.268     0.099    -1.312
      5.276     0.098    -1.310
      5.283     0.096    -1.308
      5.291     0.094    -1.307
      5.298     0.092    -1.305
      5.306     0.090    -1.304
      5.313     0.088    -1.302
      5.321     0.086    -1.300
      5.328     0.084    -1.299
      5.336     0.082    -1.297
      5.343     0.080    -1.295
      5.351     0.079    -1.294
      5.358     0.077    -1.292
      5.366     0.075    -1.290
      5.374     0.073    -1.289
      5.381     0.071    -1.287
      5.389     0.069    -1.285
      5.396     0.067    -1.283
      5.403     0.065    -1.282
      5.410     0.063    -1.280
      5.417     0.062    -1.279
      5.424     0.060    -1.277
      5.431     0.058    -1.275
      5.437     0.056    -1.274
      5.445     0.054    -1.272
      5.452     0.053    -1.270
      5.460     0.051    -1.269
      5.467     0.049    -1.267
      5.475     0.047    -1.265
      5.482     0.045    -1.263
      5.490     0.043    -1.261
      5.497     0.041    -1.260
      5.504     0.039    -1.258
      5.511     0.037    -1.256
      5.517     0.036    -1.255
      5.524     0.034    -1.253
      5.531     0.032    -1.251
      5.538     0.030    -1.250
      5.545     0.028    -1.248
      5.552     0.027    -1.246
      5.559     0.025    -1.245
      5.565     0.023    -1.243
      5.572     0.021    -1.241
      5.579     0.020    -1.240
      5.585     0.018    -1.238
      5.592     0.016    -1.236
      5.598     0.014    -1.235
      5.605     0.013    -1.233
      5.612     0.011    -1.231
      5.620     0.009    -1.229
      5.627     0.007    -1.228
      5.634     0.005    -1.226
      5.642     0.003    -1.224
      5.649     0.001    -1.222
      5.657    -0.001    -1.220
      5.664    -0.003    -1.218
      5.671    -0.005    -1.216
      5.679    -0.007    -1.214
      5.686    -0.009    -1.212
      5.693    -0.011    -1.211
      5.701    -0.013    -1.209
      5.708    -0.015    -1.207
      5.716    -0.017    -1.205
      5.723    -0.019    -1.203
      5.731    -0.021    -1.201
      5.738    -0.023    -1.199
      5.746    -0.025    -1.197
      5.753    -0.027    -1.195
      5.760    -0.029    -1.193
      5.768    -0.031    -1.191
      5.775    -0.033    -1.189
      5.782    -0.035    -1.187
      5.789    -0.037    -1.185
      5.796    -0.039    -1.184
      5.803    -0.041    -1.182
      5.809    -0.042    -1.180
      5.816    -0.044    -1.178
      5.824    -0.046    -1.176
      5.831    -0.048    -1.174
      5.838    -0.050    -1.172
      5.846    -0.053    -1.170
      5.853    -0.055    -1.168
      5.861    -0.057    -1.166
      5.868    -0.059    -1.164
      5.875    -0.061    -1.162
      5.882    -0.063    -1.160
      5.888    -0.064    -1.159
      5.895    -0.066    -1.157
      5.902    -0.068    -1.155
      5.909    -0.070    -1.153
      5.916    -0.072    -1.151
      5.922    -0.074    -1.149
      5.929    -0.076    -1.147
      5.936    -0.078    -1.146
      5.943    -0.080    -1.144
      5.950    -0.082    -1.142
      5.956    -0.083    -1.140
      5.962    -0.085    -1.138
      5.969    -0.087    -1.137
      5.975    -0.089    -1.135
      5.981    -0.091    -1.133
      5.989    -0.093    -1.131
      5.996    -0.095    -1.129
      6.004    -0.097    -1.127
      6.011    -0.099    -1.125
      6.018    -0.101    -1.123
      6.026    -0.104    -1.121
      6.033    -0.106    -1.119
      6.040    -0.108    -1.117
      6.047    -0.110    -1.115
      6.053    -0.112    -1.113
      6.060    -0.114    -1.111
      6.067    -0.116    -1.109
      6.074    -0.117    -1.107
      6.080    -0.119    -1.105
      6.087    -0.121    -1.104
      6.094    -0.123    -1.102
      6.101    -0.125    -1.100
      6.107    -0.127    -1.098
      6.114    -0.129    -1.096
      6.121    -0.131    -1.094
      6.127    -0.133    -1.092
      6.133    -0.135    -1.091
      6.140    -0.137    -1.089
      6.146    -0.139    -1.087
      6.153    -0.141    -1.085
      6.159    -0.143    -1.083
      6.166    -0.145    -1.081
      6.173    -0.147    -1.080
      6.180    -0.149    -1.078
      6.186    -0.151    -1.076
      6.193    -0.153    -1.074
      6.199    -0.155    -1.072
      6.206    -0.157    -1.070
      6.212    -0.159    -1.069
      6.218    -0.161    -1.067
      6.225    -0.163    -1.065
      6.232    -0.165    -1.063
      6.240    -0.167    -1.061
      6.247    -0.169    -1.059
      6.254    -0.171    -1.057
      6.261    -0.174    -1.055
      6.268    -0.176    -1.053
      6.275    -0.178    -1.051
      6.282    -0.180    -1.049
      6.290    -0.183    -1.047
      6.297    -0.185    -1.045
      6.304    -0.187    -1.043
      6.312    -0.189    -1.041
      6.319    -0.192    -1.039
      6.326    -0.194    -1.037
      6.333    -0.196    -1.035
      6.340    -0.198    -1.033
      6.348    -0.201    -1.031
      6.355    -0.203    -1.029
      6.362    -0.205    -1.027
      6.370    -0.207    -1.025
      6.377    -0.210    -1.023
      6.384    -0.212    -1.021
      6.392    -0.214    -1.019
      6.399    -0.217    -1.017
      6.406    -0.219    -1.015
      6.414    -0.221    -1.013
      6.421    -0.224    -1.011
      6.428    -0.226    -1.009
      6.436    -0.228    -1.007
      6.443    -0.231    -1.005
      6.450    -0.233    -1.003
      6.457    -0.235    -1.001
      6.463    -0.237    -0.999
      6.470    -0.239    -0.997
      6.477    -0.241    -0.996
      6.483    -0.243    -0.994
      6.491    -0.246    -0.992
      6.498    -0.248    -0.990
      6.505    -0.251    -0.988
      6.513    -0.253    -0.986
      6.520    -0.255    -0.984
      6.527    -0.258    -0.982
      6.535    -0.260    -0.980
      6.542    -0.262    -0.978
      6.548    -0.264    -0.977
      6.555    -0.267    -0.975
      6.562    -0.269    -0.973
      6.568    -0.271    -0.971
      6.575    -0.273    -0.970
      6.582    -0.275    -0.968
      6.589    -0.277    -0.966
      6.595    -0.280    -0.964
      6.602    -0.282    -0.963
      6.609    -0.284    -0.961
      6.616    -0.286    -0.959
      6.622    -0.288    -0.958
      6.628    -0.290    -0.956
      6.635    -0.292    -0.954
      6.641    -0.294    -0.953
      6.647    -0.296    -0.951
      6.655    -0.299    -0.949
      6.662    -0.301    -0.948
      6.669    -0.304    -0.946
      6.677    -0.306    -0.944
      6.684    -0.308    -0.942
      6.692    -0.311    -0.940
      6.699    -0.313    -0.938
      6.706    -0.315    -0.937
      6.712    -0.318    -0.935
      6.719    -0.320    -0.933
      6.726    -0.322    -0.932
      6.733    -0.324    -0.930
      6.739    -0.326    -0.929
      6.746    -0.329    -0.927
      6.753    -0.331    -0.925
      6.760    -0.333    -0.924
      6.767    -0.335    -0.922
      6.773    -0.337    -0.921
      6.780    -0.339    -0.919
      6.786    -0.342    -0.917
      6.793    -0.344    -0.916
      6.799    -0.346    -0.914
      6.806    -0.348    -0.913
      6.812    -0.350    -0.911
      6.819    -0.352    -0.910
      6.826    -0.354    -0.908
      6.832    -0.356    -0.907
      6.839    -0.358    -0.905
      6.846    -0.361    -0.904
      6.853    -0.363    -0.902
      6.859    -0.365    -0.901
      6.866    -0.367    -0.899
      6.872    -0.369    -0.898
      6.878    -0.371    -0.896
      6.885    -0.373    -0.895
      6.892    -0.375    -0.893
      6.899    -0.377    -0.892
      6.906    -0.380    -0.890
      6.913    -0.382    -0.889
      6.921    -0.384    -0.887
      6.928    -0.386    -0.886
      6.935    -0.389    -0.884
      6.942    -0.391    -0.883
      6.950    -0.393    -0.881
      6.957    -0.395    -0.879
      6.964    -0.398    -0.878
      6.972    -0.400    -0.876
      6.979    -0.402    -0.875
      6.987    -0.405    -0.873
      6.994    -0.407    -0.872
      7.001    -0.409    -0.870
      7.008    -0.411    -0.869
      7.015    -0.413    -0.868
      7.022    -0.415    -0.866
      7.028    -0.417    -0.865
      7.035    -0.419    -0.863
      7.042    -0.422    -0.862
      7.049    -0.424    -0.861
      7.056    -0.426    -0.859
      7.063    -0.428    -0.858
      7.070    -0.430    -0.857
      7.077    -0.432    -0.855
      7.083    -0.434    -0.854
      7.090    -0.436    -0.853
      7.096    -0.437    -0.852
      7.103    -0.439    -0.851
      7.109    -0.441    -0.849
      7.116    -0.443    -0.848
      7.123    -0.445    -0.847
      7.130    -0.447    -0.845
      7.137    -0.449    -0.844
      7.143    -0.451    -0.843
      7.150    -0.453    -0.842
      7.157    -0.455    -0.841
      7.163    -0.457    -0.839
      7.170    -0.459    -0.838
      7.176    -0.461    -0.837
      7.183    -0.462    -0.836
      7.190    -0.464    -0.835
      7.198    -0.466    -0.833
      7.205    -0.468    -0.832
      7.212    -0.470    -0.831
      7.219    -0.472    -0.830
      7.227    -0.474    -0.828
      7.234    -0.476    -0.827
      7.241    -0.478    -0.826
      7.248    -0.480    -0.825
      7.255    -0.482    -0.824
      7.262    -0.484    -0.822
      7.269    -0.486    -0.821
      7.276    -0.488    -0.820
      7.283    -0.489    -0.819
      7.290    -0.491    -0.818
      7.296    -0.493    -0.817
      7.303    -0.495    -0.816
      7.309    -0.496    -0.815
      7.316    -0.498    -0.814
      7.323    -0.500    -0.813
      7.331    -0.502    -0.811
      7.338    -0.503    -0.810
      7.345    -0.505    -0.809
      7.353    -0.507    -0.808
      7.360    -0.509    -0.807
      7.368    -0.511    -0.806
      7.375    -0.512    -0.805
      7.382    -0.514    -0.804
      7.390    -0.516    -0.803
      7.397    -0.518    -0.801
      7.404    -0.520    -0.800
      7.412    -0.521    -0.799
      7.419    -0.523    -0.798
      7.427    -0.525    -0.797
      7.434    -0.526    -0.796
      7.442    -0.528    -0.795
      7.450    -0.530    -0.794
      7.457    -0.532    -0.793
      7.465    -0.533    -0.792
      7.473    -0.535    -0.791
      7.481    -0.537    -0.790
