Count of Points:874

WCS coordinates of Points:
      1.181     0.000    -1.393
      1.187     0.005    -1.393
      1.192     0.009    -1.393
      1.198     0.014    -1.393
      1.203     0.018    -1.393
      1.209     0.023    -1.393
      1.215     0.027    -1.393
      1.220     0.032    -1.393
      1.226     0.036    -1.393
      1.231     0.040    -1.393
      1.237     0.045    -1.393
      1.243     0.049    -1.393
      1.248     0.054    -1.393
      1.254     0.058    -1.393
      1.260     0.062    -1.393
      1.266     0.066    -1.393
      1.271     0.071    -1.393
      1.277     0.075    -1.393
      1.283     0.079    -1.393
      1.289     0.083    -1.393
      1.295     0.088    -1.393
      1.301     0.092    -1.393
      1.306     0.096    -1.392
      1.312     0.100    -1.392
      1.319     0.105    -1.392
      1.325     0.109    -1.392
      1.332     0.113    -1.392
      1.339     0.118    -1.392
      1.345     0.122    -1.392
      1.351     0.126    -1.392
      1.357     0.130    -1.392
      1.363     0.134    -1.392
      1.369     0.138    -1.392
      1.375     0.142    -1.392
      1.381     0.146    -1.392
      1.387     0.150    -1.392
      1.394     0.154    -1.392
      1.401     0.158    -1.392
      1.408     0.162    -1.392
      1.414     0.166    -1.392
      1.421     0.171    -1.392
      1.428     0.175    -1.392
      1.435     0.179    -1.392
      1.441     0.183    -1.392
      1.448     0.187    -1.391
      1.455     0.191    -1.391
      1.462     0.195    -1.391
      1.469     0.199    -1.391
      1.475     0.202    -1.391
      1.482     0.206    -1.391
      1.488     0.210    -1.391
      1.495     0.213    -1.391
      1.501     0.217    -1.391
      1.507     0.220    -1.391
      1.514     0.224    -1.391
      1.520     0.227    -1.391
      1.526     0.230    -1.391
      1.533     0.234    -1.391
      1.540     0.238    -1.391
      1.547     0.242    -1.391
      1.554     0.245    -1.391
      1.561     0.249    -1.391
      1.568     0.252    -1.391
      1.575     0.256    -1.391
      1.582     0.260    -1.391
      1.590     0.263    -1.391
      1.597     0.267    -1.391
      1.604     0.270    -1.391
      1.611     0.273    -1.391
      1.618     0.277    -1.391
      1.625     0.280    -1.390
      1.632     0.284    -1.390
      1.639     0.287    -1.390
      1.646     0.290    -1.390
      1.653     0.294    -1.390
      1.660     0.297    -1.390
      1.668     0.300    -1.390
      1.675     0.303    -1.390
      1.682     0.307    -1.390
      1.689     0.310    -1.390
      1.696     0.313    -1.390
      1.703     0.316    -1.390
      1.711     0.319    -1.390
      1.718     0.322    -1.390
      1.725     0.325    -1.390
      1.733     0.329    -1.390
      1.740     0.332    -1.390
      1.747     0.334    -1.390
      1.753     0.337    -1.390
      1.760     0.340    -1.390
      1.767     0.342    -1.390
      1.773     0.345    -1.390
      1.780     0.348    -1.390
      1.787     0.350    -1.390
      1.794     0.353    -1.390
      1.801     0.356    -1.390
      1.809     0.359    -1.390
      1.816     0.362    -1.389
      1.824     0.365    -1.389
      1.831     0.367    -1.389
      1.838     0.370    -1.389
      1.846     0.373    -1.389
      1.853     0.375    -1.389
      1.861     0.378    -1.389
      1.868     0.381    -1.389
      1.875     0.383    -1.389
      1.883     0.386    -1.389
      1.890     0.388    -1.389
      1.898     0.391    -1.389
      1.905     0.394    -1.389
      1.913     0.396    -1.389
      1.920     0.398    -1.389
      1.928     0.401    -1.389
      1.935     0.403    -1.389
      1.943     0.406    -1.389
      1.950     0.408    -1.389
      1.957     0.410    -1.389
      1.965     0.413    -1.389
      1.973     0.415    -1.389
      1.980     0.417    -1.389
      1.988     0.420    -1.389
      1.995     0.422    -1.389
      2.003     0.424    -1.389
      2.011     0.426    -1.389
      2.018     0.429    -1.388
      2.026     0.431    -1.388
      2.033     0.433    -1.388
      2.041     0.435    -1.388
      2.049     0.437    -1.388
      2.056     0.439    -1.388
      2.064     0.441    -1.388
      2.071     0.443    -1.388
      2.079     0.445    -1.388
      2.086     0.447    -1.388
      2.094     0.449    -1.388
      2.102     0.451    -1.388
      2.110     0.453    -1.388
      2.117     0.455    -1.388
      2.125     0.457    -1.388
      2.133     0.459    -1.388
      2.140     0.460    -1.388
      2.148     0.462    -1.388
      2.156     0.464    -1.388
      2.164     0.466    -1.388
      2.171     0.467    -1.388
      2.179     0.469    -1.388
      2.187     0.471    -1.388
      2.194     0.472    -1.388
      2.201     0.474    -1.388
      2.208     0.475    -1.388
      2.215     0.477    -1.388
      2.222     0.478    -1.388
      2.230     0.480    -1.388
      2.237     0.481    -1.387
      2.244     0.482    -1.387
      2.251     0.484    -1.387
      2.258     0.485    -1.387
      2.265     0.486    -1.387
      2.272     0.488    -1.387
      2.279     0.489    -1.387
      2.287     0.490    -1.387
      2.295     0.492    -1.387
      2.302     0.493    -1.387
      2.310     0.494    -1.387
      2.318     0.496    -1.387
      2.326     0.497    -1.387
      2.334     0.498    -1.387
      2.342     0.500    -1.387
      2.349     0.501    -1.387
      2.357     0.502    -1.387
      2.365     0.503    -1.387
      2.373     0.504    -1.387
      2.380     0.505    -1.387
      2.388     0.506    -1.387
      2.396     0.507    -1.387
      2.404     0.509    -1.387
      2.412     0.510    -1.387
      2.419     0.511    -1.386
      2.427     0.512    -1.386
      2.435     0.512    -1.386
      2.443     0.513    -1.386
      2.450     0.514    -1.386
      2.458     0.515    -1.386
      2.466     0.516    -1.386
      2.474     0.517    -1.386
      2.482     0.518    -1.386
      2.490     0.519    -1.386
      2.498     0.519    -1.386
      2.505     0.520    -1.386
      2.513     0.521    -1.386
      2.521     0.522    -1.386
      2.529     0.522    -1.386
      2.537     0.523    -1.386
      2.545     0.524    -1.386
      2.553     0.524    -1.386
      2.561     0.525    -1.386
      2.568     0.525    -1.386
      2.576     0.526    -1.386
      2.584     0.527    -1.386
      2.592     0.527    -1.386
      2.600     0.528    -1.385
      2.608     0.528    -1.385
      2.615     0.529    -1.385
      2.623     0.529    -1.385
      2.631     0.529    -1.385
      2.639     0.530    -1.385
      2.647     0.530    -1.385
      2.655     0.531    -1.385
      2.663     0.531    -1.385
      2.671     0.531    -1.385
      2.679     0.532    -1.385
      2.687     0.532    -1.385
      2.695     0.532    -1.385
      2.702     0.532    -1.385
      2.709     0.533    -1.385
      2.717     0.533    -1.385
      2.724     0.533    -1.385
      2.731     0.533    -1.385
      2.738     0.533    -1.385
      2.746     0.533    -1.385
      2.754     0.533    -1.385
      2.762     0.533    -1.385
      2.770     0.534    -1.385
      2.778     0.534    -1.385
      2.786     0.534    -1.385
      2.793     0.534    -1.385
      2.801     0.534    -1.384
      2.809     0.534    -1.384
      2.817     0.534    -1.384
      2.825     0.533    -1.384
      2.833     0.533    -1.384
      2.841     0.533    -1.384
      2.849     0.533    -1.384
      2.857     0.533    -1.384
      2.865     0.533    -1.384
      2.873     0.533    -1.384
      2.880     0.532    -1.384
      2.888     0.532    -1.384
      2.896     0.532    -1.384
      2.904     0.532    -1.384
      2.912     0.531    -1.384
      2.920     0.531    -1.384
      2.927     0.531    -1.384
      2.935     0.530    -1.384
      2.942     0.530    -1.384
      2.949     0.530    -1.384
      2.956     0.529    -1.384
      2.964     0.529    -1.383
      2.972     0.529    -1.383
      2.980     0.528    -1.383
      2.988     0.528    -1.383
      2.995     0.527    -1.383
      3.003     0.527    -1.383
      3.011     0.526    -1.383
      3.019     0.526    -1.383
      3.026     0.525    -1.383
      3.034     0.525    -1.383
      3.041     0.524    -1.383
      3.048     0.524    -1.383
      3.056     0.523    -1.383
      3.063     0.522    -1.383
      3.070     0.522    -1.383
      3.077     0.521    -1.383
      3.085     0.521    -1.383
      3.092     0.520    -1.382
      3.099     0.519    -1.382
      3.106     0.519    -1.382
      3.113     0.518    -1.382
      3.120     0.517    -1.382
      3.127     0.517    -1.382
      3.134     0.516    -1.382
      3.140     0.515    -1.382
      3.148     0.515    -1.382
      3.155     0.514    -1.382
      3.162     0.513    -1.382
      3.169     0.512    -1.382
      3.176     0.511    -1.382
      3.183     0.511    -1.382
      3.190     0.510    -1.381
      3.198     0.509    -1.381
      3.206     0.508    -1.381
      3.214     0.507    -1.381
      3.222     0.506    -1.381
      3.230     0.505    -1.381
      3.238     0.504    -1.381
      3.245     0.503    -1.381
      3.253     0.502    -1.381
      3.261     0.501    -1.381
      3.269     0.500    -1.381
      3.277     0.499    -1.380
      3.284     0.498    -1.380
      3.292     0.497    -1.380
      3.300     0.496    -1.380
      3.308     0.495    -1.380
      3.315     0.494    -1.380
      3.323     0.492    -1.380
      3.331     0.491    -1.380
      3.339     0.490    -1.380
      3.347     0.489    -1.379
      3.354     0.488    -1.379
      3.362     0.487    -1.379
      3.370     0.485    -1.379
      3.377     0.484    -1.379
      3.385     0.483    -1.379
      3.393     0.482    -1.379
      3.401     0.480    -1.379
      3.409     0.479    -1.378
      3.417     0.478    -1.378
      3.424     0.476    -1.378
      3.432     0.475    -1.378
      3.440     0.474    -1.378
      3.448     0.472    -1.378
      3.456     0.471    -1.378
      3.463     0.470    -1.377
      3.471     0.468    -1.377
      3.479     0.467    -1.377
      3.486     0.466    -1.377
      3.494     0.464    -1.377
      3.502     0.463    -1.377
      3.510     0.461    -1.376
      3.517     0.460    -1.376
      3.525     0.458    -1.376
      3.533     0.457    -1.376
      3.541     0.455    -1.376
      3.549     0.454    -1.376
      3.556     0.452    -1.375
      3.564     0.451    -1.375
      3.572     0.449    -1.375
      3.580     0.448    -1.375
      3.587     0.446    -1.375
      3.595     0.445    -1.374
      3.603     0.443    -1.374
      3.610     0.442    -1.374
      3.617     0.440    -1.374
      3.624     0.439    -1.374
      3.632     0.437    -1.373
      3.639     0.436    -1.373
      3.646     0.434    -1.373
      3.654     0.433    -1.373
      3.661     0.431    -1.373
      3.669     0.429    -1.372
      3.677     0.428    -1.372
      3.685     0.426    -1.372
      3.692     0.424    -1.372
      3.700     0.423    -1.371
      3.707     0.421    -1.371
      3.715     0.419    -1.371
      3.723     0.418    -1.371
      3.730     0.416    -1.371
      3.738     0.414    -1.370
      3.746     0.413    -1.370
      3.754     0.411    -1.370
      3.761     0.409    -1.369
      3.769     0.407    -1.369
      3.777     0.406    -1.369
      3.785     0.404    -1.369
      3.792     0.402    -1.368
      3.800     0.400    -1.368
      3.808     0.398    -1.368
      3.816     0.397    -1.368
      3.823     0.395    -1.367
      3.830     0.393    -1.367
      3.837     0.391    -1.367
      3.844     0.390    -1.366
      3.852     0.388    -1.366
      3.859     0.386    -1.366
      3.866     0.385    -1.366
      3.873     0.383    -1.365
      3.881     0.381    -1.365
      3.889     0.379    -1.365
      3.897     0.377    -1.364
      3.904     0.375    -1.364
      3.912     0.373    -1.364
      3.920     0.372    -1.363
      3.927     0.370    -1.363
      3.934     0.368    -1.363
      3.941     0.366    -1.362
      3.948     0.365    -1.362
      3.955     0.363    -1.362
      3.962     0.361    -1.361
      3.969     0.359    -1.361
      3.976     0.358    -1.361
      3.983     0.356    -1.360
      3.990     0.354    -1.360
      3.997     0.352    -1.360
      4.004     0.350    -1.359
      4.011     0.349    -1.359
      4.018     0.347    -1.359
      4.024     0.345    -1.358
      4.031     0.344    -1.358
      4.038     0.342    -1.358
      4.045     0.340    -1.357
      4.053     0.338    -1.357
      4.061     0.336    -1.357
      4.068     0.334    -1.356
      4.076     0.332    -1.356
      4.083     0.330    -1.355
      4.091     0.328    -1.355
      4.098     0.326    -1.354
      4.106     0.324    -1.354
      4.114     0.322    -1.354
      4.121     0.320    -1.353
      4.129     0.318    -1.353
      4.137     0.316    -1.352
      4.144     0.314    -1.352
      4.152     0.312    -1.351
      4.159     0.310    -1.351
      4.167     0.308    -1.350
      4.175     0.306    -1.350
      4.182     0.304    -1.349
      4.190     0.302    -1.349
      4.198     0.300    -1.348
      4.205     0.298    -1.348
      4.213     0.296    -1.347
      4.220     0.294    -1.347
      4.227     0.292    -1.346
      4.234     0.291    -1.346
      4.241     0.289    -1.346
      4.248     0.287    -1.345
      4.255     0.285    -1.345
      4.263     0.283    -1.344
      4.270     0.281    -1.343
      4.278     0.279    -1.343
      4.286     0.277    -1.342
      4.293     0.275    -1.342
      4.301     0.273    -1.341
      4.308     0.271    -1.341
      4.315     0.269    -1.340
      4.322     0.267    -1.340
      4.329     0.265    -1.339
      4.336     0.263    -1.339
      4.343     0.261    -1.338
      4.350     0.259    -1.337
      4.357     0.257    -1.337
      4.364     0.255    -1.336
      4.371     0.253    -1.336
      4.378     0.251    -1.335
      4.385     0.250    -1.335
      4.392     0.248    -1.334
      4.399     0.246    -1.334
      4.406     0.244    -1.333
      4.412     0.242    -1.332
      4.419     0.240    -1.332
      4.425     0.239    -1.331
      4.433     0.237    -1.331
      4.441     0.234    -1.330
      4.448     0.232    -1.329
      4.456     0.230    -1.329
      4.464     0.228    -1.328
      4.471     0.226    -1.327
      4.479     0.224    -1.327
      4.486     0.222    -1.326
      4.493     0.220    -1.325
      4.500     0.218    -1.325
      4.507     0.216    -1.324
      4.514     0.214    -1.323
      4.521     0.212    -1.323
      4.528     0.211    -1.322
      4.535     0.209    -1.321
      4.542     0.207    -1.321
      4.549     0.205    -1.320
      4.556     0.203    -1.319
      4.563     0.201    -1.319
      4.569     0.199    -1.318
      4.576     0.197    -1.317
      4.582     0.196    -1.317
      4.589     0.194    -1.316
      4.596     0.192    -1.315
      4.603     0.190    -1.315
      4.610     0.188    -1.314
      4.617     0.186    -1.313
      4.623     0.184    -1.312
      4.630     0.182    -1.312
      4.637     0.180    -1.311
      4.644     0.179    -1.310
      4.651     0.177    -1.310
      4.657     0.175    -1.309
      4.664     0.173    -1.308
      4.670     0.171    -1.307
      4.678     0.169    -1.307
      4.685     0.167    -1.306
      4.692     0.165    -1.305
      4.700     0.163    -1.304
      4.707     0.161    -1.303
      4.714     0.159    -1.302
      4.722     0.157    -1.302
      4.729     0.155    -1.301
      4.736     0.153    -1.300
      4.743     0.152    -1.299
      4.750     0.150    -1.298
      4.757     0.148    -1.297
      4.764     0.146    -1.297
      4.770     0.144    -1.296
      4.777     0.142    -1.295
      4.785     0.140    -1.294
      4.792     0.138    -1.293
      4.800     0.136    -1.292
      4.808     0.134    -1.291
      4.815     0.132    -1.290
      4.823     0.130    -1.289
      4.830     0.128    -1.288
      4.838     0.125    -1.287
      4.846     0.123    -1.286
      4.853     0.121    -1.285
      4.861     0.119    -1.284
      4.868     0.117    -1.283
      4.875     0.115    -1.282
      4.883     0.113    -1.281
      4.890     0.111    -1.280
      4.898     0.109    -1.279
      4.906     0.107    -1.278
      4.913     0.105    -1.277
      4.921     0.103    -1.276
      4.928     0.101    -1.275
      4.936     0.099    -1.274
      4.943     0.097    -1.273
      4.950     0.095    -1.271
      4.958     0.092    -1.270
      4.966     0.090    -1.269
      4.973     0.088    -1.268
      4.981     0.086    -1.267
      4.988     0.084    -1.266
      4.996     0.082    -1.265
      5.003     0.080    -1.263
      5.011     0.078    -1.262
      5.018     0.076    -1.261
      5.026     0.074    -1.260
      5.034     0.072    -1.259
      5.041     0.070    -1.258
      5.048     0.067    -1.256
      5.056     0.065    -1.255
      5.063     0.063    -1.254
      5.071     0.061    -1.253
      5.078     0.059    -1.251
      5.086     0.057    -1.250
      5.093     0.055    -1.249
      5.101     0.053    -1.248
      5.108     0.051    -1.246
      5.116     0.049    -1.245
      5.124     0.047    -1.244
      5.131     0.045    -1.243
      5.139     0.043    -1.241
      5.146     0.040    -1.240
      5.154     0.038    -1.239
      5.161     0.036    -1.237
      5.169     0.034    -1.236
      5.176     0.032    -1.235
      5.183     0.030    -1.233
      5.190     0.028    -1.232
      5.197     0.026    -1.231
      5.204     0.024    -1.230
      5.211     0.022    -1.228
      5.218     0.021    -1.227
      5.225     0.018    -1.226
      5.233     0.016    -1.224
      5.240     0.014    -1.223
      5.248     0.012    -1.221
      5.255     0.010    -1.220
      5.263     0.008    -1.219
      5.270     0.006    -1.217
      5.277     0.004    -1.216
      5.285     0.002    -1.214
      5.292    -0.000    -1.213
      5.300    -0.002    -1.211
      5.307    -0.005    -1.210
      5.315    -0.007    -1.208
      5.322    -0.009    -1.207
      5.330    -0.011    -1.205
      5.337    -0.013    -1.204
      5.345    -0.015    -1.202
      5.352    -0.017    -1.201
      5.360    -0.019    -1.199
      5.367    -0.021    -1.198
      5.375    -0.024    -1.196
      5.382    -0.026    -1.195
      5.390    -0.028    -1.193
      5.397    -0.030    -1.192
      5.403    -0.032    -1.190
      5.410    -0.034    -1.189
      5.417    -0.036    -1.188
      5.424    -0.037    -1.186
      5.431    -0.039    -1.185
      5.438    -0.042    -1.183
      5.446    -0.044    -1.181
      5.453    -0.046    -1.180
      5.461    -0.048    -1.178
      5.468    -0.050    -1.177
      5.476    -0.052    -1.175
      5.483    -0.054    -1.173
      5.490    -0.056    -1.172
      5.497    -0.058    -1.170
      5.504    -0.060    -1.169
      5.511    -0.062    -1.167
      5.517    -0.064    -1.166
      5.524    -0.066    -1.164
      5.531    -0.068    -1.163
      5.538    -0.070    -1.161
      5.545    -0.072    -1.160
      5.552    -0.074    -1.158
      5.558    -0.076    -1.157
      5.565    -0.078    -1.155
      5.572    -0.080    -1.154
      5.578    -0.082    -1.152
      5.585    -0.083    -1.151
      5.591    -0.085    -1.149
      5.597    -0.087    -1.148
      5.605    -0.089    -1.146
      5.612    -0.091    -1.145
      5.620    -0.094    -1.143
      5.627    -0.096    -1.141
      5.635    -0.098    -1.139
      5.642    -0.100    -1.138
      5.649    -0.102    -1.136
      5.656    -0.104    -1.134
      5.664    -0.106    -1.133
      5.671    -0.108    -1.131
      5.679    -0.111    -1.129
      5.686    -0.113    -1.127
      5.693    -0.115    -1.126
      5.701    -0.117    -1.124
      5.708    -0.119    -1.122
      5.716    -0.121    -1.120
      5.723    -0.124    -1.119
      5.731    -0.126    -1.117
      5.738    -0.128    -1.115
      5.745    -0.130    -1.113
      5.753    -0.132    -1.111
      5.760    -0.135    -1.110
      5.768    -0.137    -1.108
      5.774    -0.139    -1.106
      5.781    -0.141    -1.105
      5.788    -0.143    -1.103
      5.795    -0.145    -1.101
      5.802    -0.147    -1.100
      5.808    -0.149    -1.098
      5.816    -0.151    -1.096
      5.823    -0.153    -1.094
      5.831    -0.155    -1.092
      5.838    -0.158    -1.091
      5.845    -0.160    -1.089
      5.853    -0.162    -1.087
      5.860    -0.164    -1.085
      5.867    -0.166    -1.083
      5.874    -0.168    -1.082
      5.881    -0.170    -1.080
      5.887    -0.172    -1.078
      5.894    -0.174    -1.077
      5.901    -0.176    -1.075
      5.908    -0.178    -1.073
      5.914    -0.181    -1.072
      5.921    -0.183    -1.070
      5.928    -0.185    -1.068
      5.935    -0.187    -1.066
      5.941    -0.189    -1.065
      5.948    -0.191    -1.063
      5.954    -0.193    -1.061
      5.961    -0.195    -1.060
      5.967    -0.197    -1.058
      5.973    -0.198    -1.057
      5.981    -0.201    -1.055
      5.988    -0.203    -1.053
      5.995    -0.205    -1.051
      6.003    -0.207    -1.049
      6.010    -0.210    -1.047
      6.018    -0.212    -1.045
      6.025    -0.214    -1.043
      6.032    -0.216    -1.042
      6.038    -0.218    -1.040
      6.045    -0.221    -1.038
      6.052    -0.223    -1.037
      6.059    -0.225    -1.035
      6.065    -0.227    -1.033
      6.072    -0.229    -1.031
      6.079    -0.231    -1.030
      6.086    -0.233    -1.028
      6.092    -0.235    -1.026
      6.099    -0.237    -1.024
      6.106    -0.239    -1.023
      6.112    -0.241    -1.021
      6.119    -0.243    -1.019
      6.125    -0.245    -1.018
      6.131    -0.247    -1.016
      6.138    -0.249    -1.014
      6.144    -0.252    -1.013
      6.151    -0.254    -1.011
      6.158    -0.256    -1.009
      6.165    -0.258    -1.007
      6.171    -0.260    -1.006
      6.178    -0.262    -1.004
      6.184    -0.264    -1.002
      6.191    -0.266    -1.001
      6.197    -0.268    -0.999
      6.203    -0.270    -0.997
      6.210    -0.272    -0.996
      6.217    -0.275    -0.994
      6.224    -0.277    -0.992
      6.231    -0.279    -0.990
      6.238    -0.281    -0.989
      6.245    -0.284    -0.987
      6.252    -0.286    -0.985
      6.259    -0.288    -0.983
      6.266    -0.291    -0.981
      6.274    -0.293    -0.979
      6.281    -0.295    -0.977
      6.288    -0.298    -0.976
      6.296    -0.300    -0.974
      6.303    -0.302    -0.972
      6.310    -0.305    -0.970
      6.317    -0.307    -0.968
      6.324    -0.309    -0.966
      6.332    -0.312    -0.965
      6.339    -0.314    -0.963
      6.346    -0.316    -0.961
      6.354    -0.319    -0.959
      6.361    -0.321    -0.957
      6.368    -0.324    -0.955
      6.376    -0.326    -0.953
      6.383    -0.328    -0.951
      6.390    -0.331    -0.950
      6.398    -0.333    -0.948
      6.405    -0.336    -0.946
      6.412    -0.338    -0.944
      6.420    -0.340    -0.942
      6.427    -0.343    -0.940
      6.434    -0.345    -0.939
      6.441    -0.348    -0.937
      6.448    -0.350    -0.935
      6.454    -0.352    -0.933
      6.461    -0.354    -0.932
      6.468    -0.356    -0.930
      6.475    -0.359    -0.928
      6.482    -0.361    -0.927
      6.489    -0.363    -0.925
      6.497    -0.366    -0.923
      6.504    -0.368    -0.921
      6.511    -0.371    -0.919
      6.519    -0.373    -0.918
      6.526    -0.376    -0.916
      6.533    -0.378    -0.914
      6.539    -0.380    -0.913
      6.546    -0.382    -0.911
      6.553    -0.385    -0.909
      6.560    -0.387    -0.908
      6.566    -0.389    -0.906
      6.573    -0.391    -0.904
      6.580    -0.393    -0.903
      6.587    -0.396    -0.901
      6.593    -0.398    -0.900
      6.600    -0.400    -0.898
      6.607    -0.402    -0.896
      6.613    -0.404    -0.895
      6.619    -0.407    -0.893
      6.626    -0.409    -0.892
      6.632    -0.411    -0.890
      6.639    -0.413    -0.889
      6.646    -0.415    -0.887
      6.653    -0.418    -0.885
      6.661    -0.420    -0.884
      6.668    -0.423    -0.882
      6.675    -0.425    -0.880
      6.683    -0.427    -0.879
      6.690    -0.430    -0.877
      6.697    -0.432    -0.875
      6.704    -0.434    -0.874
      6.710    -0.437    -0.872
      6.717    -0.439    -0.871
      6.724    -0.441    -0.869
      6.731    -0.443    -0.868
      6.737    -0.445    -0.866
      6.744    -0.448    -0.865
      6.751    -0.450    -0.863
      6.758    -0.452    -0.862
      6.764    -0.454    -0.860
      6.771    -0.456    -0.859
      6.778    -0.459    -0.857
      6.784    -0.461    -0.856
      6.790    -0.463    -0.854
      6.797    -0.465    -0.853
      6.803    -0.467    -0.852
      6.810    -0.469    -0.850
      6.817    -0.471    -0.849
      6.823    -0.473    -0.847
      6.830    -0.476    -0.846
      6.837    -0.478    -0.844
      6.844    -0.480    -0.843
      6.850    -0.482    -0.842
      6.857    -0.484    -0.840
      6.863    -0.486    -0.839
      6.869    -0.488    -0.838
      6.876    -0.490    -0.836
      6.883    -0.492    -0.835
      6.890    -0.495    -0.833
      6.897    -0.497    -0.832
      6.904    -0.499    -0.830
      6.912    -0.501    -0.829
      6.919    -0.504    -0.827
      6.926    -0.506    -0.826
      6.933    -0.508    -0.824
      6.941    -0.510    -0.823
      6.948    -0.513    -0.821
      6.955    -0.515    -0.820
      6.963    -0.517    -0.818
      6.970    -0.520    -0.817
      6.978    -0.522    -0.816
      6.985    -0.524    -0.814
      6.992    -0.526    -0.813
      6.999    -0.528    -0.811
      7.006    -0.530    -0.810
      7.013    -0.532    -0.809
      7.020    -0.535    -0.807
      7.026    -0.537    -0.806
      7.033    -0.539    -0.805
      7.040    -0.541    -0.804
      7.047    -0.543    -0.802
      7.054    -0.545    -0.801
      7.061    -0.547    -0.800
      7.068    -0.549    -0.798
      7.074    -0.551    -0.797
      7.081    -0.553    -0.796
      7.087    -0.554    -0.795
      7.094    -0.556    -0.794
      7.100    -0.558    -0.793
      7.107    -0.560    -0.791
      7.114    -0.562    -0.790
      7.121    -0.564    -0.789
      7.128    -0.566    -0.788
      7.135    -0.568    -0.786
      7.141    -0.570    -0.785
      7.148    -0.572    -0.784
      7.154    -0.574    -0.783
      7.161    -0.575    -0.782
      7.167    -0.577    -0.781
      7.174    -0.579    -0.780
      7.181    -0.581    -0.778
      7.189    -0.583    -0.777
      7.196    -0.585    -0.776
      7.203    -0.587    -0.775
      7.210    -0.589    -0.773
      7.218    -0.591    -0.772
      7.225    -0.593    -0.771
      7.232    -0.595    -0.770
      7.239    -0.597    -0.769
      7.246    -0.598    -0.768
      7.253    -0.600    -0.766
      7.260    -0.602    -0.765
      7.267    -0.604    -0.764
      7.274    -0.606    -0.763
      7.281    -0.607    -0.762
      7.287    -0.609    -0.761
      7.294    -0.611    -0.760
      7.300    -0.612    -0.759
      7.307    -0.614    -0.758
      7.314    -0.616    -0.757
      7.322    -0.617    -0.756
      7.329    -0.619    -0.755
      7.336    -0.621    -0.754
      7.344    -0.623    -0.752
      7.351    -0.625    -0.751
      7.359    -0.626    -0.750
      7.366    -0.628    -0.749
      7.373    -0.630    -0.748
      7.381    -0.632    -0.747
      7.388    -0.633    -0.746
      7.395    -0.635    -0.745
      7.403    -0.637    -0.744
      7.410    -0.638    -0.743
      7.418    -0.640    -0.742
      7.425    -0.642    -0.741
      7.433    -0.643    -0.740
      7.441    -0.645    -0.739
      7.448    -0.647    -0.737
      7.456    -0.648    -0.736
      7.464    -0.650    -0.735
      7.472    -0.652    -0.734
