Count of Points:173

WCS coordinates of Points:
      6.296     0.660    -1.463
      6.303     0.658    -1.460
      6.310     0.657    -1.457
      6.318     0.655    -1.455
      6.325     0.653    -1.452
      6.332     0.651    -1.449
      6.339     0.650    -1.446
      6.347     0.648    -1.443
      6.354     0.646    -1.441
      6.361     0.644    -1.438
      6.368     0.643    -1.435
      6.376     0.641    -1.432
      6.383     0.639    -1.429
      6.390     0.637    -1.427
      6.398     0.635    -1.424
      6.405     0.634    -1.421
      6.412     0.632    -1.418
      6.420     0.630    -1.416
      6.427     0.628    -1.413
      6.434     0.626    -1.410
      6.441     0.624    -1.407
      6.449     0.622    -1.404
      6.456     0.621    -1.402
      6.463     0.619    -1.399
      6.470     0.617    -1.396
      6.477     0.615    -1.394
      6.484     0.614    -1.391
      6.490     0.612    -1.389
      6.497     0.610    -1.386
      6.504     0.608    -1.384
      6.511     0.606    -1.381
      6.518     0.605    -1.378
      6.526     0.603    -1.376
      6.533     0.601    -1.373
      6.540     0.599    -1.370
      6.548     0.597    -1.367
      6.555     0.595    -1.365
      6.562     0.593    -1.362
      6.568     0.591    -1.360
      6.575     0.589    -1.357
      6.582     0.588    -1.355
      6.588     0.586    -1.352
      6.595     0.584    -1.350
      6.602     0.582    -1.348
      6.608     0.580    -1.345
      6.615     0.579    -1.343
      6.622     0.577    -1.340
      6.629     0.575    -1.338
      6.635     0.573    -1.335
      6.642     0.571    -1.333
      6.648     0.570    -1.331
      6.654     0.568    -1.329
      6.661     0.566    -1.326
      6.667     0.564    -1.324
      6.674     0.562    -1.321
      6.682     0.560    -1.319
      6.689     0.558    -1.316
      6.696     0.556    -1.314
      6.704     0.554    -1.311
      6.711     0.552    -1.308
      6.718     0.550    -1.306
      6.725     0.548    -1.303
      6.732     0.546    -1.301
      6.738     0.544    -1.299
      6.745     0.542    -1.296
      6.752     0.540    -1.294
      6.759     0.538    -1.292
      6.765     0.536    -1.289
      6.772     0.535    -1.287
      6.779     0.533    -1.285
      6.785     0.531    -1.282
      6.792     0.529    -1.280
      6.799     0.527    -1.278
      6.805     0.525    -1.276
      6.812     0.523    -1.274
      6.818     0.521    -1.271
      6.824     0.519    -1.269
      6.831     0.518    -1.267
      6.837     0.516    -1.265
      6.844     0.514    -1.263
      6.851     0.512    -1.260
      6.858     0.510    -1.258
      6.864     0.508    -1.256
      6.871     0.506    -1.254
      6.877     0.504    -1.252
      6.884     0.502    -1.250
      6.890     0.500    -1.247
      6.896     0.498    -1.245
      6.903     0.496    -1.243
      6.910     0.494    -1.241
      6.917     0.492    -1.239
      6.924     0.490    -1.236
      6.931     0.488    -1.234
      6.938     0.486    -1.232
      6.945     0.483    -1.230
      6.953     0.481    -1.227
      6.960     0.479    -1.225
      6.967     0.477    -1.223
      6.974     0.475    -1.221
      6.982     0.472    -1.218
      6.989     0.470    -1.216
      6.997     0.468    -1.214
      7.004     0.466    -1.211
      7.011     0.464    -1.209
      7.018     0.461    -1.207
      7.025     0.459    -1.205
      7.032     0.457    -1.203
      7.038     0.455    -1.201
      7.045     0.453    -1.199
      7.052     0.451    -1.197
      7.059     0.449    -1.195
      7.066     0.447    -1.193
      7.072     0.445    -1.191
      7.079     0.443    -1.189
      7.086     0.441    -1.187
      7.093     0.439    -1.185
      7.099     0.437    -1.183
      7.106     0.435    -1.181
      7.112     0.433    -1.180
      7.118     0.431    -1.178
      7.125     0.429    -1.176
      7.132     0.427    -1.174
      7.138     0.425    -1.172
      7.145     0.423    -1.170
      7.152     0.421    -1.168
      7.159     0.419    -1.167
      7.166     0.417    -1.165
      7.172     0.415    -1.163
      7.179     0.413    -1.161
      7.185     0.411    -1.159
      7.192     0.409    -1.158
      7.198     0.407    -1.156
      7.205     0.405    -1.154
      7.212     0.403    -1.152
      7.220     0.401    -1.150
      7.227     0.399    -1.149
      7.234     0.397    -1.147
      7.241     0.394    -1.145
      7.249     0.392    -1.143
      7.256     0.390    -1.141
      7.263     0.388    -1.140
      7.270     0.386    -1.138
      7.276     0.384    -1.136
      7.283     0.382    -1.134
      7.290     0.380    -1.133
      7.297     0.378    -1.131
      7.304     0.376    -1.130
      7.310     0.374    -1.128
      7.317     0.373    -1.127
      7.323     0.371    -1.125
      7.330     0.369    -1.124
      7.337     0.367    -1.122
      7.344     0.365    -1.120
      7.352     0.363    -1.119
      7.359     0.360    -1.117
      7.366     0.358    -1.115
      7.373     0.356    -1.114
      7.381     0.354    -1.112
      7.388     0.352    -1.111
      7.395     0.350    -1.109
      7.403     0.348    -1.107
      7.410     0.346    -1.106
      7.417     0.344    -1.104
      7.425     0.342    -1.103
      7.432     0.340    -1.101
      7.439     0.338    -1.100
      7.447     0.336    -1.098
      7.454     0.334    -1.097
      7.462     0.332    -1.095
      7.470     0.330    -1.094
      7.478     0.328    -1.092
      7.485     0.326    -1.091
      7.493     0.324    -1.090
