Count of Points:874

WCS coordinates of Points:
      7.474    -0.623    -0.748
      7.467    -0.622    -0.749
      7.460    -0.620    -0.750
      7.453    -0.619    -0.751
      7.446    -0.617    -0.752
      7.439    -0.616    -0.753
      7.432    -0.614    -0.754
      7.426    -0.613    -0.755
      7.419    -0.611    -0.756
      7.412    -0.609    -0.757
      7.405    -0.608    -0.758
      7.398    -0.606    -0.759
      7.391    -0.605    -0.760
      7.384    -0.603    -0.761
      7.377    -0.601    -0.762
      7.370    -0.600    -0.763
      7.363    -0.598    -0.764
      7.356    -0.597    -0.765
      7.349    -0.595    -0.766
      7.343    -0.593    -0.767
      7.336    -0.592    -0.768
      7.329    -0.590    -0.769
      7.322    -0.588    -0.770
      7.315    -0.586    -0.771
      7.307    -0.585    -0.773
      7.300    -0.583    -0.774
      7.292    -0.581    -0.775
      7.284    -0.579    -0.776
      7.277    -0.577    -0.777
      7.270    -0.575    -0.778
      7.263    -0.573    -0.780
      7.256    -0.572    -0.781
      7.249    -0.570    -0.782
      7.242    -0.568    -0.783
      7.236    -0.566    -0.784
      7.229    -0.564    -0.785
      7.221    -0.562    -0.786
      7.214    -0.560    -0.788
      7.206    -0.558    -0.789
      7.199    -0.556    -0.790
      7.191    -0.554    -0.791
      7.183    -0.552    -0.793
      7.176    -0.550    -0.794
      7.168    -0.548    -0.795
      7.161    -0.546    -0.797
      7.153    -0.544    -0.798
      7.146    -0.542    -0.799
      7.139    -0.539    -0.801
      7.131    -0.537    -0.802
      7.124    -0.535    -0.803
      7.117    -0.533    -0.804
      7.110    -0.531    -0.806
      7.103    -0.529    -0.807
      7.097    -0.527    -0.808
      7.090    -0.525    -0.809
      7.083    -0.524    -0.811
      7.076    -0.522    -0.812
      7.069    -0.519    -0.813
      7.061    -0.517    -0.815
      7.054    -0.515    -0.816
      7.046    -0.513    -0.817
      7.039    -0.510    -0.819
      7.031    -0.508    -0.820
      7.024    -0.506    -0.822
      7.016    -0.504    -0.823
      7.009    -0.502    -0.825
      7.001    -0.499    -0.826
      6.994    -0.497    -0.828
      6.987    -0.495    -0.829
      6.979    -0.493    -0.830
      6.972    -0.490    -0.832
      6.965    -0.488    -0.833
      6.957    -0.486    -0.835
      6.950    -0.483    -0.836
      6.942    -0.481    -0.838
      6.935    -0.479    -0.839
      6.928    -0.477    -0.841
      6.920    -0.474    -0.842
      6.913    -0.472    -0.844
      6.906    -0.470    -0.845
      6.898    -0.467    -0.847
      6.891    -0.465    -0.848
      6.884    -0.463    -0.850
      6.876    -0.460    -0.852
      6.869    -0.458    -0.853
      6.861    -0.456    -0.855
      6.854    -0.453    -0.856
      6.847    -0.451    -0.858
      6.840    -0.449    -0.859
      6.834    -0.447    -0.861
      6.827    -0.445    -0.862
      6.820    -0.443    -0.864
      6.814    -0.440    -0.865
      6.807    -0.438    -0.867
      6.800    -0.436    -0.868
      6.792    -0.433    -0.870
      6.785    -0.431    -0.871
      6.777    -0.429    -0.873
      6.770    -0.426    -0.875
      6.763    -0.424    -0.876
      6.755    -0.421    -0.878
      6.748    -0.419    -0.880
      6.741    -0.417    -0.881
      6.733    -0.414    -0.883
      6.726    -0.412    -0.885
      6.719    -0.410    -0.886
      6.712    -0.407    -0.888
      6.704    -0.405    -0.890
      6.697    -0.402    -0.891
      6.690    -0.400    -0.893
      6.682    -0.398    -0.895
      6.675    -0.395    -0.897
      6.668    -0.393    -0.898
      6.660    -0.390    -0.900
      6.653    -0.388    -0.902
      6.646    -0.386    -0.903
      6.639    -0.383    -0.905
      6.631    -0.381    -0.907
      6.624    -0.378    -0.909
      6.617    -0.376    -0.911
      6.609    -0.374    -0.912
      6.602    -0.371    -0.914
      6.595    -0.369    -0.916
      6.587    -0.366    -0.918
      6.580    -0.364    -0.919
      6.573    -0.362    -0.921
      6.565    -0.359    -0.923
      6.558    -0.357    -0.925
      6.551    -0.354    -0.927
      6.544    -0.352    -0.928
      6.536    -0.350    -0.930
      6.529    -0.347    -0.932
      6.522    -0.345    -0.934
      6.515    -0.342    -0.936
      6.507    -0.340    -0.937
      6.500    -0.338    -0.939
      6.493    -0.335    -0.941
      6.485    -0.333    -0.943
      6.478    -0.330    -0.945
      6.471    -0.328    -0.947
      6.463    -0.326    -0.949
      6.456    -0.323    -0.950
      6.449    -0.321    -0.952
      6.441    -0.318    -0.954
      6.434    -0.316    -0.956
      6.427    -0.314    -0.958
      6.419    -0.311    -0.960
      6.413    -0.309    -0.961
      6.406    -0.307    -0.963
      6.399    -0.305    -0.965
      6.392    -0.302    -0.967
      6.386    -0.300    -0.968
      6.379    -0.298    -0.970
      6.372    -0.296    -0.972
      6.366    -0.294    -0.974
      6.359    -0.292    -0.975
      6.352    -0.289    -0.977
      6.346    -0.287    -0.979
      6.339    -0.285    -0.981
      6.332    -0.283    -0.982
      6.325    -0.281    -0.984
      6.318    -0.278    -0.986
      6.310    -0.276    -0.988
      6.303    -0.274    -0.990
      6.296    -0.271    -0.992
      6.288    -0.269    -0.994
      6.281    -0.267    -0.996
      6.274    -0.264    -0.998
      6.266    -0.262    -0.999
      6.259    -0.260    -1.001
      6.252    -0.257    -1.003
      6.245    -0.255    -1.005
      6.238    -0.253    -1.007
      6.230    -0.250    -1.009
      6.223    -0.248    -1.011
      6.216    -0.246    -1.013
      6.208    -0.243    -1.015
      6.201    -0.241    -1.017
      6.194    -0.239    -1.019
      6.187    -0.237    -1.021
      6.179    -0.234    -1.022
      6.172    -0.232    -1.024
      6.165    -0.230    -1.026
      6.158    -0.228    -1.028
      6.150    -0.225    -1.030
      6.143    -0.223    -1.032
      6.136    -0.221    -1.034
      6.128    -0.218    -1.036
      6.121    -0.216    -1.038
      6.113    -0.214    -1.040
      6.106    -0.212    -1.042
      6.099    -0.209    -1.044
      6.091    -0.207    -1.046
      6.084    -0.205    -1.048
      6.077    -0.203    -1.049
      6.070    -0.200    -1.051
      6.062    -0.198    -1.053
      6.055    -0.196    -1.055
      6.048    -0.194    -1.057
      6.041    -0.191    -1.059
      6.033    -0.189    -1.061
      6.026    -0.187    -1.063
      6.018    -0.185    -1.065
      6.011    -0.183    -1.067
      6.004    -0.180    -1.069
      5.996    -0.178    -1.071
      5.989    -0.176    -1.072
      5.982    -0.174    -1.074
      5.974    -0.171    -1.076
      5.967    -0.169    -1.078
      5.959    -0.167    -1.080
      5.952    -0.165    -1.082
      5.945    -0.163    -1.084
      5.938    -0.160    -1.086
      5.931    -0.158    -1.087
      5.924    -0.156    -1.089
      5.918    -0.154    -1.091
      5.911    -0.152    -1.093
      5.904    -0.150    -1.094
      5.897    -0.148    -1.096
      5.889    -0.146    -1.098
      5.882    -0.144    -1.100
      5.875    -0.142    -1.102
      5.867    -0.139    -1.104
      5.860    -0.137    -1.106
      5.853    -0.135    -1.108
      5.845    -0.133    -1.109
      5.838    -0.131    -1.111
      5.831    -0.129    -1.113
      5.823    -0.127    -1.115
      5.816    -0.124    -1.117
      5.809    -0.122    -1.119
      5.801    -0.120    -1.121
      5.794    -0.118    -1.122
      5.786    -0.116    -1.124
      5.779    -0.114    -1.126
      5.772    -0.112    -1.128
      5.764    -0.109    -1.130
      5.757    -0.107    -1.132
      5.749    -0.105    -1.133
      5.742    -0.103    -1.135
      5.734    -0.101    -1.137
      5.728    -0.099    -1.139
      5.721    -0.097    -1.140
      5.714    -0.095    -1.142
      5.707    -0.093    -1.144
      5.700    -0.091    -1.145
      5.694    -0.089    -1.147
      5.686    -0.087    -1.149
      5.679    -0.085    -1.151
      5.671    -0.083    -1.153
      5.664    -0.081    -1.154
      5.656    -0.079    -1.156
      5.649    -0.076    -1.158
      5.641    -0.074    -1.160
      5.635    -0.072    -1.161
      5.628    -0.070    -1.163
      5.621    -0.068    -1.164
      5.614    -0.067    -1.166
      5.607    -0.065    -1.168
      5.601    -0.063    -1.169
      5.594    -0.061    -1.171
      5.587    -0.059    -1.173
      5.580    -0.057    -1.174
      5.573    -0.055    -1.176
      5.566    -0.053    -1.177
      5.559    -0.051    -1.179
      5.553    -0.049    -1.180
      5.547    -0.048    -1.182
      5.540    -0.046    -1.183
      5.534    -0.044    -1.185
      5.527    -0.042    -1.186
      5.520    -0.040    -1.188
      5.514    -0.038    -1.189
      5.507    -0.036    -1.191
      5.500    -0.035    -1.192
      5.493    -0.033    -1.194
      5.487    -0.031    -1.195
      5.480    -0.029    -1.197
      5.472    -0.027    -1.199
      5.465    -0.025    -1.200
      5.457    -0.023    -1.202
      5.450    -0.021    -1.203
      5.442    -0.018    -1.205
      5.435    -0.016    -1.207
      5.428    -0.014    -1.208
      5.420    -0.012    -1.210
      5.413    -0.010    -1.212
      5.405    -0.008    -1.213
      5.398    -0.006    -1.215
      5.390    -0.004    -1.216
      5.383    -0.002    -1.218
      5.376    -0.000    -1.219
      5.368     0.002    -1.221
      5.361     0.004    -1.223
      5.353     0.006    -1.224
      5.346     0.008    -1.226
      5.338     0.010    -1.227
      5.331     0.012    -1.229
      5.324     0.014    -1.230
      5.316     0.016    -1.232
      5.309     0.018    -1.233
      5.301     0.020    -1.235
      5.294     0.022    -1.236
      5.286     0.024    -1.238
      5.279     0.027    -1.239
      5.271     0.029    -1.241
      5.264     0.031    -1.242
      5.256     0.033    -1.244
      5.249     0.035    -1.245
      5.241     0.037    -1.247
      5.234     0.039    -1.248
      5.226     0.041    -1.250
      5.219     0.043    -1.251
      5.211     0.045    -1.252
      5.204     0.047    -1.254
      5.196     0.049    -1.255
      5.189     0.051    -1.257
      5.181     0.053    -1.258
      5.174     0.055    -1.259
      5.166     0.057    -1.261
      5.159     0.059    -1.262
      5.151     0.061    -1.263
      5.144     0.063    -1.265
      5.136     0.065    -1.266
      5.129     0.067    -1.267
      5.121     0.069    -1.269
      5.114     0.071    -1.270
      5.106     0.073    -1.271
      5.098     0.075    -1.273
      5.091     0.077    -1.274
      5.083     0.079    -1.275
      5.076     0.081    -1.277
      5.069     0.083    -1.278
      5.062     0.085    -1.279
      5.056     0.087    -1.280
      5.049     0.089    -1.281
      5.042     0.091    -1.282
      5.034     0.093    -1.284
      5.027     0.095    -1.285
      5.019     0.097    -1.286
      5.011     0.099    -1.287
      5.004     0.101    -1.288
      4.996     0.103    -1.290
      4.989     0.105    -1.291
      4.982     0.107    -1.292
      4.974     0.109    -1.293
      4.967     0.111    -1.294
      4.959     0.113    -1.296
      4.951     0.115    -1.297
      4.944     0.117    -1.298
      4.936     0.119    -1.299
      4.929     0.121    -1.300
      4.921     0.123    -1.301
      4.913     0.125    -1.302
      4.906     0.127    -1.303
      4.898     0.129    -1.305
      4.891     0.131    -1.306
      4.883     0.133    -1.307
      4.875     0.135    -1.308
      4.868     0.137    -1.309
      4.861     0.139    -1.310
      4.854     0.141    -1.311
      4.847     0.143    -1.312
      4.840     0.144    -1.313
      4.833     0.146    -1.314
      4.826     0.148    -1.315
      4.818     0.150    -1.316
      4.811     0.152    -1.317
      4.803     0.154    -1.318
      4.796     0.156    -1.319
      4.788     0.158    -1.320
      4.780     0.160    -1.321
      4.773     0.162    -1.322
      4.766     0.164    -1.322
      4.759     0.166    -1.323
      4.752     0.168    -1.324
      4.745     0.170    -1.325
      4.738     0.172    -1.326
      4.731     0.174    -1.327
      4.724     0.175    -1.328
      4.717     0.177    -1.329
      4.710     0.179    -1.329
      4.703     0.181    -1.330
      4.696     0.183    -1.331
      4.689     0.185    -1.332
      4.682     0.187    -1.333
      4.676     0.188    -1.333
      4.669     0.190    -1.334
      4.663     0.192    -1.335
      4.656     0.194    -1.336
      4.648     0.196    -1.337
      4.641     0.198    -1.337
      4.633     0.200    -1.338
      4.626     0.202    -1.339
      4.618     0.204    -1.340
      4.610     0.206    -1.341
      4.603     0.208    -1.342
      4.596     0.210    -1.342
      4.588     0.212    -1.343
      4.580     0.214    -1.344
      4.573     0.216    -1.345
      4.565     0.218    -1.345
      4.558     0.220    -1.346
      4.550     0.222    -1.347
      4.542     0.224    -1.348
      4.535     0.226    -1.349
      4.527     0.228    -1.349
      4.519     0.230    -1.350
      4.512     0.232    -1.351
      4.504     0.234    -1.352
      4.496     0.236    -1.352
      4.489     0.238    -1.353
      4.481     0.240    -1.354
      4.474     0.242    -1.354
      4.467     0.244    -1.355
      4.460     0.246    -1.356
      4.453     0.248    -1.356
      4.446     0.249    -1.357
      4.439     0.251    -1.358
      4.431     0.253    -1.358
      4.424     0.255    -1.359
      4.416     0.257    -1.360
      4.409     0.259    -1.360
      4.401     0.261    -1.361
      4.393     0.263    -1.362
      4.386     0.265    -1.362
      4.379     0.267    -1.363
      4.372     0.269    -1.364
      4.365     0.271    -1.364
      4.358     0.273    -1.365
      4.351     0.275    -1.365
      4.343     0.277    -1.366
      4.336     0.278    -1.366
      4.329     0.280    -1.367
      4.322     0.282    -1.368
      4.315     0.284    -1.368
      4.308     0.286    -1.369
      4.301     0.288    -1.369
      4.295     0.289    -1.370
      4.288     0.291    -1.370
      4.282     0.293    -1.371
      4.275     0.295    -1.371
      4.268     0.296    -1.372
      4.261     0.298    -1.372
      4.253     0.300    -1.373
      4.245     0.302    -1.373
      4.238     0.304    -1.374
      4.230     0.306    -1.375
      4.222     0.308    -1.375
      4.215     0.310    -1.376
      4.208     0.312    -1.376
      4.201     0.314    -1.377
      4.194     0.316    -1.377
      4.187     0.318    -1.378
      4.180     0.319    -1.378
      4.172     0.321    -1.379
      4.165     0.323    -1.379
      4.158     0.325    -1.379
      4.151     0.327    -1.380
      4.144     0.329    -1.380
      4.137     0.330    -1.381
      4.130     0.332    -1.381
      4.124     0.334    -1.382
      4.117     0.336    -1.382
      4.110     0.337    -1.382
      4.104     0.339    -1.383
      4.097     0.341    -1.383
      4.090     0.342    -1.384
      4.083     0.344    -1.384
      4.076     0.346    -1.385
      4.069     0.348    -1.385
      4.062     0.349    -1.385
      4.055     0.351    -1.386
      4.048     0.353    -1.386
      4.042     0.354    -1.386
      4.035     0.356    -1.387
      4.028     0.358    -1.387
      4.022     0.359    -1.388
      4.014     0.361    -1.388
      4.007     0.363    -1.388
      3.999     0.365    -1.389
      3.992     0.367    -1.389
      3.984     0.369    -1.389
      3.977     0.370    -1.390
      3.970     0.372    -1.390
      3.962     0.374    -1.391
      3.955     0.376    -1.391
      3.948     0.377    -1.391
      3.941     0.379    -1.392
      3.934     0.381    -1.392
      3.927     0.382    -1.392
      3.920     0.384    -1.393
      3.913     0.386    -1.393
      3.905     0.388    -1.393
      3.898     0.389    -1.394
      3.890     0.391    -1.394
      3.882     0.393    -1.394
      3.875     0.395    -1.395
      3.867     0.397    -1.395
      3.859     0.398    -1.395
      3.852     0.400    -1.396
      3.844     0.402    -1.396
      3.836     0.404    -1.396
      3.829     0.406    -1.397
      3.821     0.407    -1.397
      3.813     0.409    -1.397
      3.806     0.411    -1.397
      3.798     0.412    -1.398
      3.790     0.414    -1.398
      3.783     0.416    -1.398
      3.775     0.418    -1.399
      3.767     0.419    -1.399
      3.760     0.421    -1.399
      3.752     0.423    -1.399
      3.744     0.424    -1.400
      3.737     0.426    -1.400
      3.729     0.428    -1.400
      3.721     0.429    -1.401
      3.714     0.431    -1.401
      3.706     0.433    -1.401
      3.698     0.434    -1.401
      3.690     0.436    -1.402
      3.682     0.438    -1.402
      3.675     0.439    -1.402
      3.667     0.441    -1.402
      3.659     0.442    -1.402
      3.651     0.444    -1.403
      3.644     0.446    -1.403
      3.636     0.447    -1.403
      3.628     0.449    -1.403
      3.621     0.450    -1.404
      3.613     0.452    -1.404
      3.605     0.453    -1.404
      3.598     0.455    -1.404
      3.590     0.456    -1.404
      3.582     0.458    -1.405
      3.574     0.459    -1.405
      3.566     0.461    -1.405
      3.559     0.462    -1.405
      3.551     0.464    -1.405
      3.543     0.465    -1.406
      3.535     0.467    -1.406
      3.527     0.468    -1.406
      3.520     0.470    -1.406
      3.512     0.471    -1.406
      3.504     0.472    -1.406
      3.497     0.474    -1.407
      3.490     0.475    -1.407
      3.483     0.476    -1.407
      3.475     0.478    -1.407
      3.468     0.479    -1.407
      3.461     0.480    -1.407
      3.453     0.481    -1.408
      3.445     0.483    -1.408
      3.438     0.484    -1.408
      3.430     0.485    -1.408
      3.422     0.487    -1.408
      3.414     0.488    -1.408
      3.407     0.489    -1.409
      3.399     0.490    -1.409
      3.391     0.492    -1.409
      3.383     0.493    -1.409
      3.376     0.494    -1.409
      3.368     0.495    -1.409
      3.360     0.496    -1.409
      3.352     0.498    -1.410
      3.344     0.499    -1.410
      3.336     0.500    -1.410
      3.329     0.501    -1.410
      3.321     0.502    -1.410
      3.313     0.503    -1.410
      3.305     0.504    -1.410
      3.297     0.505    -1.410
      3.289     0.506    -1.411
      3.281     0.508    -1.411
      3.274     0.508    -1.411
      3.267     0.509    -1.411
      3.260     0.510    -1.411
      3.252     0.511    -1.411
      3.245     0.512    -1.411
      3.238     0.513    -1.411
      3.230     0.514    -1.411
      3.222     0.515    -1.411
      3.214     0.516    -1.412
      3.207     0.517    -1.412
      3.199     0.518    -1.412
      3.191     0.519    -1.412
      3.183     0.519    -1.412
      3.176     0.520    -1.412
      3.168     0.521    -1.412
      3.161     0.522    -1.412
      3.154     0.523    -1.412
      3.147     0.523    -1.412
      3.139     0.524    -1.412
      3.132     0.525    -1.413
      3.125     0.525    -1.413
      3.118     0.526    -1.413
      3.110     0.527    -1.413
      3.103     0.527    -1.413
      3.096     0.528    -1.413
      3.089     0.529    -1.413
      3.082     0.529    -1.413
      3.075     0.530    -1.413
      3.069     0.530    -1.413
      3.062     0.531    -1.413
      3.054     0.531    -1.413
      3.046     0.532    -1.413
      3.038     0.533    -1.413
      3.030     0.533    -1.414
      3.022     0.534    -1.414
      3.014     0.534    -1.414
      3.007     0.535    -1.414
      2.999     0.535    -1.414
      2.991     0.535    -1.414
      2.983     0.536    -1.414
      2.975     0.536    -1.414
      2.967     0.537    -1.414
      2.959     0.537    -1.414
      2.952     0.538    -1.414
      2.944     0.538    -1.414
      2.936     0.538    -1.414
      2.928     0.539    -1.414
      2.920     0.539    -1.414
      2.912     0.539    -1.414
      2.904     0.539    -1.415
      2.896     0.540    -1.415
      2.888     0.540    -1.415
      2.880     0.540    -1.415
      2.873     0.540    -1.415
      2.866     0.540    -1.415
      2.858     0.541    -1.415
      2.851     0.541    -1.415
      2.844     0.541    -1.415
      2.836     0.541    -1.415
      2.829     0.541    -1.415
      2.821     0.541    -1.415
      2.813     0.541    -1.415
      2.805     0.541    -1.415
      2.797     0.541    -1.415
      2.789     0.541    -1.415
      2.781     0.541    -1.415
      2.774     0.541    -1.415
      2.766     0.541    -1.415
      2.759     0.541    -1.415
      2.752     0.541    -1.415
      2.745     0.541    -1.416
      2.737     0.540    -1.416
      2.730     0.540    -1.416
      2.723     0.540    -1.416
      2.715     0.540    -1.416
      2.708     0.540    -1.416
      2.701     0.540    -1.416
      2.694     0.539    -1.416
      2.687     0.539    -1.416
      2.680     0.539    -1.416
      2.673     0.539    -1.416
      2.666     0.538    -1.416
      2.659     0.538    -1.416
      2.651     0.538    -1.416
      2.643     0.537    -1.416
      2.636     0.537    -1.416
      2.628     0.536    -1.416
      2.620     0.536    -1.416
      2.612     0.535    -1.416
      2.604     0.535    -1.416
      2.597     0.534    -1.416
      2.589     0.534    -1.416
      2.582     0.533    -1.416
      2.575     0.533    -1.417
      2.568     0.532    -1.417
      2.560     0.532    -1.417
      2.553     0.531    -1.417
      2.546     0.531    -1.417
      2.539     0.530    -1.417
      2.531     0.529    -1.417
      2.524     0.529    -1.417
      2.517     0.528    -1.417
      2.510     0.527    -1.417
      2.503     0.527    -1.417
      2.496     0.526    -1.417
      2.489     0.525    -1.417
      2.483     0.525    -1.417
      2.475     0.524    -1.417
      2.468     0.523    -1.417
      2.461     0.522    -1.417
      2.454     0.521    -1.417
      2.446     0.521    -1.417
      2.439     0.520    -1.417
      2.432     0.519    -1.417
      2.426     0.518    -1.417
      2.419     0.517    -1.417
      2.412     0.516    -1.418
      2.405     0.515    -1.418
      2.398     0.514    -1.418
      2.390     0.513    -1.418
      2.382     0.512    -1.418
      2.375     0.511    -1.418
      2.367     0.510    -1.418
      2.360     0.509    -1.418
      2.352     0.508    -1.418
      2.345     0.506    -1.418
      2.337     0.505    -1.418
      2.329     0.504    -1.418
      2.321     0.503    -1.418
      2.313     0.501    -1.418
      2.306     0.500    -1.418
      2.298     0.499    -1.418
      2.290     0.497    -1.418
      2.283     0.496    -1.418
      2.275     0.495    -1.418
      2.267     0.493    -1.418
      2.259     0.492    -1.418
      2.251     0.490    -1.419
      2.244     0.489    -1.419
      2.236     0.487    -1.419
      2.228     0.486    -1.419
      2.220     0.484    -1.419
      2.213     0.482    -1.419
      2.205     0.481    -1.419
      2.197     0.479    -1.419
      2.189     0.477    -1.419
      2.182     0.476    -1.419
      2.174     0.474    -1.419
      2.166     0.472    -1.419
      2.159     0.471    -1.419
      2.152     0.469    -1.419
      2.145     0.467    -1.419
      2.138     0.466    -1.419
      2.131     0.464    -1.419
      2.124     0.462    -1.419
      2.116     0.460    -1.419
      2.108     0.459    -1.419
      2.100     0.457    -1.419
      2.093     0.455    -1.419
      2.085     0.453    -1.419
      2.077     0.451    -1.419
      2.070     0.449    -1.419
      2.063     0.447    -1.419
      2.056     0.445    -1.420
      2.049     0.443    -1.420
      2.042     0.441    -1.420
      2.035     0.439    -1.420
      2.028     0.437    -1.420
      2.021     0.435    -1.420
      2.014     0.433    -1.420
      2.007     0.431    -1.420
      2.000     0.429    -1.420
      1.993     0.427    -1.420
      1.986     0.425    -1.420
      1.979     0.423    -1.420
      1.973     0.421    -1.420
      1.966     0.419    -1.420
      1.959     0.417    -1.420
      1.953     0.415    -1.420
      1.945     0.412    -1.420
      1.938     0.410    -1.420
      1.930     0.407    -1.420
      1.923     0.405    -1.420
      1.915     0.402    -1.420
      1.908     0.400    -1.420
      1.900     0.397    -1.420
      1.893     0.395    -1.420
      1.886     0.392    -1.420
      1.879     0.390    -1.420
      1.873     0.388    -1.420
      1.866     0.385    -1.420
      1.859     0.383    -1.420
      1.852     0.380    -1.420
      1.845     0.378    -1.420
      1.838     0.375    -1.420
      1.832     0.373    -1.420
      1.825     0.370    -1.420
      1.818     0.368    -1.420
      1.812     0.365    -1.421
      1.805     0.363    -1.421
      1.799     0.360    -1.421
      1.792     0.358    -1.421
      1.786     0.355    -1.421
      1.779     0.352    -1.421
      1.772     0.350    -1.421
      1.766     0.347    -1.421
      1.759     0.344    -1.421
      1.752     0.341    -1.421
      1.746     0.339    -1.421
      1.739     0.336    -1.421
      1.733     0.333    -1.421
      1.727     0.331    -1.421
      1.720     0.328    -1.421
      1.714     0.325    -1.421
      1.707     0.322    -1.421
      1.700     0.319    -1.421
      1.693     0.316    -1.421
      1.686     0.313    -1.421
      1.679     0.310    -1.421
      1.672     0.307    -1.421
      1.665     0.303    -1.421
      1.658     0.300    -1.421
      1.651     0.297    -1.421
      1.644     0.294    -1.421
      1.636     0.290    -1.421
      1.629     0.287    -1.421
      1.622     0.283    -1.421
      1.615     0.280    -1.421
      1.608     0.276    -1.421
      1.601     0.273    -1.421
      1.595     0.270    -1.422
      1.588     0.267    -1.422
      1.582     0.263    -1.422
      1.575     0.260    -1.422
      1.569     0.257    -1.422
      1.562     0.253    -1.422
      1.556     0.250    -1.422
      1.550     0.247    -1.422
      1.543     0.243    -1.422
      1.537     0.240    -1.422
      1.530     0.236    -1.422
      1.524     0.233    -1.422
      1.518     0.230    -1.422
      1.512     0.227    -1.422
      1.506     0.223    -1.422
      1.500     0.220    -1.422
      1.494     0.216    -1.422
      1.487     0.213    -1.422
      1.481     0.209    -1.422
      1.475     0.206    -1.422
      1.469     0.202    -1.422
      1.462     0.198    -1.422
      1.456     0.195    -1.422
      1.450     0.191    -1.423
      1.444     0.188    -1.423
      1.439     0.184    -1.423
      1.433     0.181    -1.423
      1.426     0.177    -1.423
      1.420     0.173    -1.423
      1.413     0.169    -1.423
      1.407     0.165    -1.423
      1.400     0.161    -1.423
      1.394     0.157    -1.423
      1.387     0.152    -1.423
      1.381     0.148    -1.423
      1.375     0.144    -1.423
      1.369     0.140    -1.423
      1.363     0.136    -1.423
      1.356     0.132    -1.423
      1.350     0.128    -1.423
      1.344     0.124    -1.423
      1.339     0.120    -1.424
      1.333     0.116    -1.424
      1.327     0.113    -1.424
      1.322     0.109    -1.424
      1.316     0.105    -1.424
      1.310     0.100    -1.424
      1.304     0.096    -1.424
      1.297     0.091    -1.424
      1.291     0.087    -1.424
      1.285     0.082    -1.424
      1.279     0.078    -1.424
      1.273     0.073    -1.424
      1.267     0.069    -1.424
      1.261     0.064    -1.424
      1.254     0.059    -1.424
      1.248     0.055    -1.424
      1.242     0.050    -1.424
      1.236     0.045    -1.424
      1.230     0.041    -1.424
      1.224     0.036    -1.424
      1.218     0.031    -1.425
      1.212     0.026    -1.425
      1.206     0.021    -1.425
      1.200     0.016    -1.425
      1.194     0.011    -1.425
      1.187     0.005    -1.425
      1.181     0.000    -1.425
