Count of Points:874

WCS coordinates of Points:
      1.181     0.000    -1.204
      1.187     0.004    -1.204
      1.193     0.009    -1.204
      1.198     0.013    -1.204
      1.204     0.017    -1.204
      1.210     0.021    -1.204
      1.216     0.025    -1.204
      1.222     0.029    -1.204
      1.227     0.033    -1.204
      1.233     0.037    -1.204
      1.239     0.041    -1.204
      1.245     0.046    -1.204
      1.251     0.050    -1.204
      1.257     0.054    -1.204
      1.263     0.058    -1.204
      1.269     0.062    -1.204
      1.275     0.066    -1.204
      1.281     0.070    -1.204
      1.287     0.074    -1.204
      1.293     0.078    -1.204
      1.299     0.081    -1.204
      1.305     0.085    -1.204
      1.311     0.089    -1.204
      1.317     0.093    -1.204
      1.324     0.097    -1.204
      1.330     0.101    -1.204
      1.337     0.106    -1.204
      1.344     0.110    -1.204
      1.350     0.114    -1.204
      1.357     0.118    -1.204
      1.363     0.121    -1.204
      1.369     0.125    -1.204
      1.375     0.129    -1.204
      1.381     0.132    -1.204
      1.387     0.136    -1.204
      1.394     0.140    -1.204
      1.400     0.144    -1.204
      1.407     0.147    -1.204
      1.414     0.151    -1.204
      1.421     0.155    -1.204
      1.428     0.159    -1.204
      1.435     0.163    -1.204
      1.442     0.167    -1.204
      1.449     0.171    -1.204
      1.456     0.174    -1.204
      1.463     0.178    -1.204
      1.469     0.182    -1.204
      1.476     0.185    -1.204
      1.483     0.189    -1.203
      1.490     0.193    -1.203
      1.496     0.196    -1.203
      1.503     0.199    -1.203
      1.509     0.203    -1.203
      1.516     0.206    -1.203
      1.522     0.209    -1.203
      1.528     0.212    -1.203
      1.535     0.215    -1.203
      1.542     0.219    -1.203
      1.549     0.222    -1.203
      1.556     0.226    -1.203
      1.563     0.229    -1.203
      1.570     0.233    -1.203
      1.578     0.236    -1.203
      1.585     0.239    -1.203
      1.592     0.243    -1.203
      1.599     0.246    -1.203
      1.606     0.249    -1.203
      1.613     0.253    -1.203
      1.620     0.256    -1.203
      1.627     0.259    -1.203
      1.635     0.262    -1.203
      1.642     0.265    -1.203
      1.649     0.269    -1.203
      1.656     0.272    -1.203
      1.663     0.275    -1.203
      1.671     0.278    -1.203
      1.678     0.281    -1.203
      1.685     0.284    -1.203
      1.692     0.287    -1.203
      1.699     0.290    -1.202
      1.707     0.293    -1.202
      1.714     0.296    -1.202
      1.721     0.299    -1.202
      1.729     0.302    -1.202
      1.736     0.305    -1.202
      1.743     0.308    -1.202
      1.751     0.311    -1.202
      1.758     0.313    -1.202
      1.764     0.316    -1.202
      1.771     0.318    -1.202
      1.778     0.321    -1.202
      1.784     0.323    -1.202
      1.791     0.326    -1.202
      1.798     0.328    -1.202
      1.805     0.331    -1.202
      1.813     0.334    -1.202
      1.820     0.336    -1.202
      1.828     0.339    -1.202
      1.835     0.342    -1.202
      1.843     0.344    -1.202
      1.850     0.347    -1.202
      1.858     0.349    -1.202
      1.865     0.352    -1.202
      1.873     0.354    -1.202
      1.880     0.357    -1.202
      1.887     0.359    -1.202
      1.895     0.362    -1.202
      1.902     0.364    -1.202
      1.910     0.366    -1.202
      1.917     0.369    -1.202
      1.925     0.371    -1.202
      1.932     0.374    -1.202
      1.940     0.376    -1.202
      1.947     0.378    -1.202
      1.955     0.380    -1.202
      1.962     0.383    -1.202
      1.970     0.385    -1.202
      1.977     0.387    -1.202
      1.985     0.389    -1.201
      1.992     0.391    -1.201
      2.000     0.393    -1.201
      2.008     0.396    -1.201
      2.015     0.398    -1.201
      2.023     0.400    -1.201
      2.031     0.402    -1.201
      2.038     0.404    -1.201
      2.046     0.406    -1.201
      2.053     0.408    -1.201
      2.061     0.410    -1.201
      2.069     0.412    -1.201
      2.076     0.413    -1.201
      2.084     0.415    -1.201
      2.091     0.417    -1.201
      2.099     0.419    -1.201
      2.107     0.421    -1.201
      2.114     0.423    -1.201
      2.122     0.424    -1.201
      2.130     0.426    -1.201
      2.137     0.428    -1.201
      2.145     0.430    -1.201
      2.153     0.431    -1.201
      2.161     0.433    -1.201
      2.168     0.435    -1.201
      2.176     0.436    -1.201
      2.184     0.438    -1.201
      2.192     0.440    -1.201
      2.199     0.441    -1.201
      2.207     0.442    -1.201
      2.214     0.444    -1.201
      2.221     0.445    -1.201
      2.228     0.447    -1.201
      2.235     0.448    -1.201
      2.242     0.449    -1.201
      2.249     0.451    -1.201
      2.256     0.452    -1.201
      2.263     0.453    -1.201
      2.271     0.454    -1.201
      2.278     0.455    -1.201
      2.285     0.457    -1.201
      2.292     0.458    -1.201
      2.300     0.459    -1.201
      2.307     0.460    -1.201
      2.315     0.462    -1.201
      2.323     0.463    -1.201
      2.331     0.464    -1.201
      2.339     0.465    -1.201
      2.347     0.466    -1.201
      2.354     0.467    -1.201
      2.362     0.468    -1.201
      2.370     0.469    -1.201
      2.378     0.470    -1.201
      2.385     0.471    -1.201
      2.393     0.472    -1.201
      2.401     0.473    -1.201
      2.409     0.474    -1.201
      2.417     0.475    -1.201
      2.424     0.476    -1.201
      2.432     0.477    -1.200
      2.440     0.478    -1.200
      2.448     0.479    -1.200
      2.456     0.480    -1.200
      2.463     0.480    -1.200
      2.471     0.481    -1.200
      2.479     0.482    -1.200
      2.487     0.483    -1.200
      2.495     0.483    -1.200
      2.503     0.484    -1.200
      2.510     0.485    -1.200
      2.518     0.485    -1.200
      2.526     0.486    -1.200
      2.534     0.486    -1.200
      2.542     0.487    -1.200
      2.550     0.488    -1.200
      2.558     0.488    -1.200
      2.566     0.489    -1.200
      2.573     0.489    -1.200
      2.581     0.490    -1.200
      2.589     0.490    -1.200
      2.597     0.490    -1.200
      2.604     0.491    -1.200
      2.612     0.491    -1.200
      2.620     0.492    -1.200
      2.628     0.492    -1.200
      2.636     0.492    -1.200
      2.644     0.492    -1.200
      2.652     0.493    -1.200
      2.660     0.493    -1.200
      2.668     0.493    -1.200
      2.676     0.493    -1.200
      2.684     0.494    -1.200
      2.692     0.494    -1.200
      2.699     0.494    -1.200
      2.707     0.494    -1.200
      2.715     0.494    -1.200
      2.722     0.494    -1.200
      2.729     0.494    -1.200
      2.736     0.494    -1.200
      2.744     0.494    -1.200
      2.751     0.494    -1.199
      2.759     0.494    -1.199
      2.767     0.494    -1.199
      2.775     0.494    -1.199
      2.782     0.494    -1.199
      2.790     0.494    -1.199
      2.798     0.494    -1.199
      2.806     0.494    -1.199
      2.814     0.494    -1.199
      2.821     0.493    -1.199
      2.829     0.493    -1.199
      2.837     0.493    -1.199
      2.845     0.493    -1.199
      2.853     0.492    -1.199
      2.861     0.492    -1.199
      2.869     0.492    -1.199
      2.877     0.492    -1.199
      2.885     0.491    -1.199
      2.893     0.491    -1.199
      2.901     0.490    -1.199
      2.909     0.490    -1.199
      2.916     0.490    -1.199
      2.924     0.489    -1.199
      2.932     0.489    -1.199
      2.940     0.488    -1.199
      2.947     0.488    -1.199
      2.954     0.487    -1.199
      2.961     0.487    -1.199
      2.969     0.486    -1.199
      2.976     0.486    -1.199
      2.984     0.485    -1.199
      2.992     0.485    -1.199
      2.999     0.484    -1.198
      3.007     0.483    -1.198
      3.015     0.483    -1.198
      3.023     0.482    -1.198
      3.031     0.481    -1.198
      3.038     0.481    -1.198
      3.046     0.480    -1.198
      3.053     0.479    -1.198
      3.060     0.478    -1.198
      3.067     0.478    -1.198
      3.074     0.477    -1.198
      3.082     0.476    -1.198
      3.089     0.475    -1.198
      3.096     0.475    -1.198
      3.103     0.474    -1.198
      3.111     0.473    -1.198
      3.118     0.472    -1.198
      3.125     0.471    -1.198
      3.131     0.471    -1.198
      3.138     0.470    -1.198
      3.145     0.469    -1.198
      3.152     0.468    -1.198
      3.159     0.467    -1.198
      3.166     0.466    -1.198
      3.173     0.465    -1.198
      3.180     0.464    -1.197
      3.187     0.463    -1.197
      3.194     0.463    -1.197
      3.202     0.462    -1.197
      3.209     0.460    -1.197
      3.217     0.459    -1.197
      3.225     0.458    -1.197
      3.233     0.457    -1.197
      3.241     0.456    -1.197
      3.248     0.455    -1.197
      3.256     0.453    -1.197
      3.264     0.452    -1.197
      3.272     0.451    -1.197
      3.280     0.450    -1.197
      3.287     0.449    -1.197
      3.295     0.447    -1.197
      3.303     0.446    -1.197
      3.310     0.445    -1.196
      3.318     0.443    -1.196
      3.326     0.442    -1.196
      3.334     0.441    -1.196
      3.341     0.439    -1.196
      3.349     0.438    -1.196
      3.357     0.437    -1.196
      3.364     0.435    -1.196
      3.372     0.434    -1.196
      3.380     0.432    -1.196
      3.387     0.431    -1.196
      3.395     0.430    -1.196
      3.403     0.428    -1.196
      3.411     0.427    -1.195
      3.419     0.425    -1.195
      3.426     0.424    -1.195
      3.434     0.422    -1.195
      3.442     0.420    -1.195
      3.450     0.419    -1.195
      3.457     0.417    -1.195
      3.465     0.416    -1.195
      3.473     0.414    -1.195
      3.480     0.413    -1.195
      3.488     0.411    -1.195
      3.496     0.409    -1.194
      3.503     0.408    -1.194
      3.511     0.406    -1.194
      3.519     0.404    -1.194
      3.526     0.403    -1.194
      3.534     0.401    -1.194
      3.542     0.399    -1.194
      3.550     0.398    -1.194
      3.557     0.396    -1.194
      3.565     0.394    -1.193
      3.573     0.392    -1.193
      3.580     0.391    -1.193
      3.588     0.389    -1.193
      3.596     0.387    -1.193
      3.604     0.385    -1.193
      3.611     0.383    -1.193
      3.618     0.382    -1.193
      3.625     0.380    -1.192
      3.633     0.378    -1.192
      3.640     0.377    -1.192
      3.647     0.375    -1.192
      3.654     0.373    -1.192
      3.661     0.371    -1.192
      3.669     0.370    -1.192
      3.677     0.368    -1.191
      3.684     0.366    -1.191
      3.692     0.364    -1.191
      3.700     0.362    -1.191
      3.707     0.360    -1.191
      3.715     0.358    -1.191
      3.722     0.356    -1.191
      3.730     0.354    -1.190
      3.738     0.352    -1.190
      3.745     0.350    -1.190
      3.753     0.348    -1.190
      3.761     0.346    -1.190
      3.768     0.344    -1.190
      3.776     0.342    -1.189
      3.784     0.340    -1.189
      3.791     0.338    -1.189
      3.799     0.336    -1.189
      3.806     0.334    -1.189
      3.814     0.332    -1.188
      3.822     0.330    -1.188
      3.829     0.328    -1.188
      3.836     0.326    -1.188
      3.843     0.324    -1.188
      3.850     0.322    -1.187
      3.857     0.320    -1.187
      3.864     0.318    -1.187
      3.871     0.316    -1.187
      3.879     0.314    -1.187
      3.887     0.312    -1.186
      3.894     0.310    -1.186
      3.902     0.308    -1.186
      3.910     0.305    -1.186
      3.917     0.303    -1.186
      3.925     0.301    -1.185
      3.932     0.299    -1.185
      3.939     0.297    -1.185
      3.946     0.295    -1.185
      3.953     0.293    -1.184
      3.960     0.291    -1.184
      3.967     0.289    -1.184
      3.974     0.287    -1.184
      3.981     0.285    -1.183
      3.988     0.283    -1.183
      3.995     0.281    -1.183
      4.002     0.279    -1.183
      4.008     0.277    -1.183
      4.015     0.275    -1.182
      4.022     0.273    -1.182
      4.028     0.271    -1.182
      4.035     0.269    -1.182
      4.041     0.267    -1.181
      4.049     0.265    -1.181
      4.056     0.262    -1.181
      4.064     0.260    -1.180
      4.072     0.258    -1.180
      4.079     0.255    -1.180
      4.086     0.253    -1.180
      4.094     0.251    -1.179
      4.101     0.249    -1.179
      4.109     0.246    -1.179
      4.116     0.244    -1.178
      4.124     0.242    -1.178
      4.131     0.239    -1.178
      4.139     0.237    -1.177
      4.147     0.235    -1.177
      4.154     0.232    -1.177
      4.162     0.230    -1.176
      4.169     0.228    -1.176
      4.177     0.225    -1.176
      4.184     0.223    -1.175
      4.192     0.221    -1.175
      4.199     0.218    -1.175
      4.207     0.216    -1.174
      4.214     0.214    -1.174
      4.221     0.211    -1.174
      4.228     0.209    -1.173
      4.235     0.207    -1.173
      4.242     0.205    -1.173
      4.249     0.203    -1.172
      4.256     0.201    -1.172
      4.263     0.198    -1.171
      4.271     0.196    -1.171
      4.278     0.193    -1.171
      4.286     0.191    -1.170
      4.294     0.189    -1.170
      4.301     0.186    -1.169
      4.309     0.184    -1.169
      4.315     0.182    -1.169
      4.322     0.179    -1.168
      4.329     0.177    -1.168
      4.336     0.175    -1.167
      4.343     0.173    -1.167
      4.350     0.171    -1.167
      4.357     0.168    -1.166
      4.364     0.166    -1.166
      4.371     0.164    -1.165
      4.378     0.162    -1.165
      4.385     0.159    -1.165
      4.391     0.157    -1.164
      4.398     0.155    -1.164
      4.404     0.153    -1.163
      4.411     0.151    -1.163
      4.417     0.149    -1.163
      4.424     0.147    -1.162
      4.431     0.144    -1.162
      4.439     0.142    -1.161
      4.447     0.139    -1.161
      4.454     0.137    -1.160
      4.462     0.134    -1.160
      4.469     0.132    -1.159
      4.477     0.130    -1.159
      4.483     0.127    -1.158
      4.490     0.125    -1.158
      4.497     0.123    -1.157
      4.504     0.121    -1.157
      4.511     0.118    -1.156
      4.518     0.116    -1.156
      4.525     0.114    -1.155
      4.532     0.112    -1.155
      4.539     0.109    -1.154
      4.545     0.107    -1.154
      4.552     0.105    -1.153
      4.559     0.103    -1.153
      4.566     0.100    -1.152
      4.572     0.098    -1.152
      4.579     0.096    -1.151
      4.585     0.094    -1.151
      4.592     0.092    -1.150
      4.599     0.090    -1.150
      4.605     0.087    -1.149
      4.612     0.085    -1.149
      4.619     0.083    -1.148
      4.626     0.081    -1.147
      4.633     0.079    -1.147
      4.639     0.076    -1.146
      4.646     0.074    -1.146
      4.652     0.072    -1.145
      4.659     0.070    -1.145
      4.665     0.068    -1.144
      4.673     0.066    -1.144
      4.680     0.063    -1.143
      4.687     0.061    -1.142
      4.694     0.059    -1.142
      4.702     0.056    -1.141
      4.709     0.054    -1.141
      4.716     0.051    -1.140
      4.723     0.049    -1.139
      4.730     0.047    -1.139
      4.737     0.045    -1.138
      4.744     0.042    -1.137
      4.751     0.040    -1.137
      4.757     0.038    -1.136
      4.764     0.036    -1.136
      4.771     0.034    -1.135
      4.778     0.031    -1.134
      4.786     0.029    -1.134
      4.793     0.026    -1.133
      4.801     0.024    -1.132
      4.808     0.021    -1.131
      4.816     0.019    -1.131
      4.823     0.017    -1.130
      4.831     0.014    -1.129
      4.838     0.012    -1.128
      4.846     0.009    -1.128
      4.853     0.007    -1.127
      4.860     0.004    -1.126
      4.868     0.002    -1.125
      4.875    -0.000    -1.124
      4.883    -0.003    -1.124
      4.890    -0.005    -1.123
      4.898    -0.008    -1.122
      4.905    -0.010    -1.121
      4.913    -0.012    -1.120
      4.920    -0.015    -1.119
      4.927    -0.017    -1.119
      4.935    -0.020    -1.118
      4.942    -0.022    -1.117
      4.949    -0.024    -1.116
      4.957    -0.027    -1.115
      4.964    -0.029    -1.114
      4.972    -0.032    -1.113
      4.979    -0.034    -1.112
      4.987    -0.037    -1.111
      4.994    -0.039    -1.111
      5.002    -0.042    -1.110
      5.009    -0.044    -1.109
      5.017    -0.046    -1.108
      5.024    -0.049    -1.107
      5.031    -0.051    -1.106
      5.039    -0.054    -1.105
      5.046    -0.056    -1.104
      5.053    -0.058    -1.103
      5.061    -0.061    -1.102
      5.068    -0.063    -1.101
      5.076    -0.066    -1.100
      5.083    -0.068    -1.099
      5.091    -0.071    -1.098
      5.098    -0.073    -1.097
      5.106    -0.075    -1.096
      5.113    -0.078    -1.095
      5.120    -0.080    -1.094
      5.128    -0.083    -1.093
      5.135    -0.085    -1.092
      5.143    -0.088    -1.090
      5.150    -0.090    -1.089
      5.158    -0.093    -1.088
      5.165    -0.095    -1.087
      5.172    -0.097    -1.086
      5.179    -0.099    -1.085
      5.186    -0.102    -1.084
      5.193    -0.104    -1.083
      5.199    -0.106    -1.082
      5.206    -0.108    -1.081
      5.214    -0.111    -1.080
      5.221    -0.113    -1.079
      5.229    -0.116    -1.078
      5.236    -0.118    -1.076
      5.243    -0.121    -1.075
      5.251    -0.123    -1.074
      5.258    -0.125    -1.073
      5.265    -0.128    -1.072
      5.273    -0.130    -1.071
      5.280    -0.133    -1.069
      5.287    -0.135    -1.068
      5.295    -0.137    -1.067
      5.302    -0.140    -1.066
      5.310    -0.142    -1.065
      5.317    -0.145    -1.063
      5.325    -0.147    -1.062
      5.332    -0.150    -1.061
      5.339    -0.152    -1.060
      5.347    -0.154    -1.058
      5.354    -0.157    -1.057
      5.362    -0.159    -1.056
      5.369    -0.162    -1.055
      5.377    -0.164    -1.053
      5.383    -0.166    -1.052
      5.390    -0.169    -1.051
      5.397    -0.171    -1.050
      5.404    -0.173    -1.049
      5.411    -0.175    -1.047
      5.417    -0.177    -1.046
      5.425    -0.180    -1.045
      5.432    -0.182    -1.043
      5.440    -0.185    -1.042
      5.447    -0.187    -1.041
      5.455    -0.190    -1.039
      5.462    -0.192    -1.038
      5.469    -0.194    -1.037
      5.476    -0.197    -1.036
      5.483    -0.199    -1.034
      5.490    -0.201    -1.033
      5.497    -0.203    -1.032
      5.503    -0.206    -1.031
      5.510    -0.208    -1.029
      5.517    -0.210    -1.028
      5.524    -0.212    -1.027
      5.531    -0.214    -1.025
      5.537    -0.217    -1.024
      5.544    -0.219    -1.023
      5.551    -0.221    -1.022
      5.557    -0.223    -1.020
      5.564    -0.225    -1.019
      5.570    -0.227    -1.018
      5.577    -0.229    -1.017
      5.583    -0.232    -1.015
      5.590    -0.234    -1.014
      5.598    -0.236    -1.013
      5.605    -0.239    -1.011
      5.612    -0.241    -1.010
      5.620    -0.244    -1.008
      5.627    -0.246    -1.007
      5.634    -0.248    -1.005
      5.642    -0.251    -1.004
      5.649    -0.253    -1.003
      5.656    -0.256    -1.001
      5.664    -0.258    -1.000
      5.671    -0.260    -0.998
      5.678    -0.263    -0.997
      5.686    -0.265    -0.995
      5.693    -0.268    -0.994
      5.701    -0.270    -0.992
      5.708    -0.273    -0.991
      5.715    -0.275    -0.989
      5.723    -0.278    -0.988
      5.730    -0.280    -0.986
      5.738    -0.282    -0.985
      5.745    -0.285    -0.983
      5.752    -0.287    -0.982
      5.759    -0.289    -0.980
      5.766    -0.292    -0.979
      5.773    -0.294    -0.977
      5.779    -0.296    -0.976
      5.786    -0.298    -0.975
      5.793    -0.301    -0.973
      5.800    -0.303    -0.972
      5.808    -0.306    -0.970
      5.815    -0.308    -0.969
      5.822    -0.310    -0.967
      5.830    -0.313    -0.965
      5.837    -0.315    -0.964
      5.844    -0.318    -0.962
      5.851    -0.320    -0.961
      5.858    -0.322    -0.959
      5.865    -0.324    -0.958
      5.871    -0.327    -0.957
      5.878    -0.329    -0.955
      5.885    -0.331    -0.954
      5.892    -0.333    -0.952
      5.898    -0.336    -0.951
      5.905    -0.338    -0.949
      5.912    -0.340    -0.948
      5.919    -0.343    -0.946
      5.925    -0.345    -0.945
      5.932    -0.347    -0.943
      5.938    -0.349    -0.942
      5.945    -0.351    -0.941
      5.951    -0.353    -0.939
      5.957    -0.355    -0.938
      5.965    -0.358    -0.936
      5.972    -0.360    -0.935
      5.979    -0.363    -0.933
      5.987    -0.365    -0.931
      5.994    -0.368    -0.930
      6.001    -0.370    -0.928
      6.009    -0.373    -0.927
      6.015    -0.375    -0.925
      6.022    -0.377    -0.924
      6.029    -0.380    -0.922
      6.036    -0.382    -0.921
      6.042    -0.384    -0.919
      6.049    -0.386    -0.918
      6.056    -0.389    -0.916
      6.062    -0.391    -0.915
      6.069    -0.393    -0.913
      6.076    -0.396    -0.912
      6.083    -0.398    -0.910
      6.089    -0.400    -0.909
      6.096    -0.402    -0.907
      6.102    -0.404    -0.906
      6.108    -0.407    -0.904
      6.115    -0.409    -0.903
      6.121    -0.411    -0.901
      6.128    -0.413    -0.900
      6.134    -0.416    -0.898
      6.141    -0.418    -0.897
      6.148    -0.420    -0.895
      6.155    -0.422    -0.894
      6.161    -0.425    -0.892
      6.168    -0.427    -0.891
      6.174    -0.429    -0.889
      6.180    -0.431    -0.888
      6.187    -0.433    -0.887
      6.193    -0.436    -0.885
      6.200    -0.438    -0.884
      6.207    -0.440    -0.882
      6.214    -0.443    -0.880
      6.221    -0.445    -0.879
      6.228    -0.448    -0.877
      6.235    -0.450    -0.876
      6.242    -0.453    -0.874
      6.250    -0.455    -0.872
      6.257    -0.458    -0.871
      6.264    -0.460    -0.869
      6.271    -0.463    -0.867
      6.279    -0.465    -0.866
      6.286    -0.468    -0.864
      6.293    -0.470    -0.862
      6.300    -0.473    -0.861
      6.308    -0.475    -0.859
      6.315    -0.477    -0.858
      6.322    -0.480    -0.856
      6.329    -0.483    -0.854
      6.337    -0.485    -0.853
      6.344    -0.488    -0.851
      6.351    -0.490    -0.849
      6.359    -0.493    -0.848
      6.366    -0.495    -0.846
      6.373    -0.498    -0.844
      6.381    -0.500    -0.843
      6.388    -0.503    -0.841
      6.395    -0.505    -0.840
      6.403    -0.508    -0.838
      6.410    -0.510    -0.836
      6.417    -0.513    -0.835
      6.424    -0.515    -0.833
      6.431    -0.518    -0.832
      6.437    -0.520    -0.830
      6.444    -0.522    -0.829
      6.451    -0.524    -0.827
      6.458    -0.527    -0.826
      6.465    -0.529    -0.824
      6.472    -0.532    -0.823
      6.480    -0.534    -0.821
      6.487    -0.537    -0.819
      6.494    -0.539    -0.818
      6.502    -0.542    -0.816
      6.509    -0.544    -0.814
      6.516    -0.547    -0.813
      6.522    -0.549    -0.812
      6.529    -0.551    -0.810
      6.536    -0.554    -0.809
      6.543    -0.556    -0.807
      6.549    -0.558    -0.806
      6.556    -0.561    -0.804
      6.563    -0.563    -0.803
      6.569    -0.565    -0.801
      6.576    -0.568    -0.800
      6.583    -0.570    -0.799
      6.590    -0.572    -0.797
      6.596    -0.574    -0.796
      6.602    -0.576    -0.794
      6.609    -0.579    -0.793
      6.615    -0.581    -0.792
      6.621    -0.583    -0.790
      6.629    -0.585    -0.789
      6.636    -0.588    -0.787
      6.644    -0.590    -0.786
      6.651    -0.593    -0.784
      6.658    -0.595    -0.783
      6.666    -0.598    -0.781
      6.673    -0.600    -0.780
      6.680    -0.603    -0.778
      6.686    -0.605    -0.777
      6.693    -0.607    -0.775
      6.700    -0.609    -0.774
      6.707    -0.612    -0.773
      6.714    -0.614    -0.771
      6.720    -0.616    -0.770
      6.727    -0.618    -0.768
      6.734    -0.621    -0.767
      6.741    -0.623    -0.766
      6.747    -0.625    -0.764
      6.754    -0.627    -0.763
      6.760    -0.629    -0.762
      6.767    -0.632    -0.760
      6.773    -0.634    -0.759
      6.780    -0.636    -0.758
      6.786    -0.638    -0.757
      6.793    -0.640    -0.755
      6.800    -0.642    -0.754
      6.806    -0.644    -0.753
      6.813    -0.647    -0.751
      6.820    -0.649    -0.750
      6.827    -0.651    -0.749
      6.833    -0.653    -0.747
      6.840    -0.655    -0.746
      6.846    -0.657    -0.745
      6.852    -0.659    -0.744
      6.859    -0.661    -0.742
      6.866    -0.664    -0.741
      6.873    -0.666    -0.740
      6.880    -0.668    -0.738
      6.887    -0.670    -0.737
      6.895    -0.673    -0.736
      6.902    -0.675    -0.734
      6.909    -0.677    -0.733
      6.916    -0.679    -0.732
      6.924    -0.682    -0.730
      6.931    -0.684    -0.729
      6.939    -0.686    -0.727
      6.946    -0.689    -0.726
      6.953    -0.691    -0.725
      6.961    -0.693    -0.723
      6.968    -0.695    -0.722
      6.975    -0.697    -0.721
      6.982    -0.700    -0.720
      6.989    -0.702    -0.718
      6.996    -0.704    -0.717
      7.003    -0.706    -0.716
      7.010    -0.708    -0.715
      7.016    -0.710    -0.713
      7.023    -0.712    -0.712
      7.030    -0.714    -0.711
      7.037    -0.716    -0.710
      7.044    -0.718    -0.709
      7.051    -0.720    -0.707
      7.057    -0.722    -0.706
      7.064    -0.724    -0.705
      7.070    -0.725    -0.704
      7.077    -0.727    -0.703
      7.083    -0.729    -0.702
      7.090    -0.731    -0.701
      7.097    -0.733    -0.700
      7.104    -0.735    -0.698
      7.111    -0.737    -0.697
      7.118    -0.739    -0.696
      7.125    -0.741    -0.695
      7.131    -0.743    -0.694
      7.138    -0.744    -0.693
      7.144    -0.746    -0.692
      7.151    -0.748    -0.691
      7.157    -0.750    -0.690
      7.165    -0.752    -0.689
      7.172    -0.754    -0.687
      7.179    -0.756    -0.686
      7.186    -0.758    -0.685
      7.194    -0.759    -0.684
      7.201    -0.761    -0.683
      7.208    -0.763    -0.682
      7.216    -0.765    -0.680
      7.223    -0.767    -0.679
      7.230    -0.769    -0.678
      7.237    -0.771    -0.677
      7.243    -0.772    -0.676
      7.250    -0.774    -0.675
      7.257    -0.776    -0.674
      7.264    -0.777    -0.673
      7.271    -0.779    -0.672
      7.277    -0.781    -0.671
      7.284    -0.782    -0.670
      7.290    -0.784    -0.669
      7.298    -0.786    -0.668
      7.305    -0.787    -0.667
      7.312    -0.789    -0.666
      7.320    -0.791    -0.665
      7.327    -0.793    -0.664
      7.334    -0.794    -0.663
      7.342    -0.796    -0.662
      7.349    -0.798    -0.661
      7.357    -0.799    -0.660
      7.364    -0.801    -0.659
      7.371    -0.803    -0.658
      7.379    -0.804    -0.657
      7.386    -0.806    -0.656
      7.394    -0.808    -0.655
      7.401    -0.809    -0.653
      7.408    -0.811    -0.652
      7.416    -0.812    -0.651
      7.424    -0.814    -0.650
      7.432    -0.816    -0.649
      7.439    -0.817    -0.648
      7.447    -0.819    -0.647
      7.455    -0.820    -0.646
