Count of Points:874

WCS coordinates of Points:
      1.181     0.000    -1.141
      1.187     0.004    -1.141
      1.193     0.008    -1.141
      1.199     0.012    -1.141
      1.205     0.017    -1.141
      1.210     0.021    -1.141
      1.216     0.025    -1.141
      1.222     0.029    -1.141
      1.228     0.033    -1.141
      1.234     0.037    -1.141
      1.240     0.041    -1.141
      1.246     0.045    -1.141
      1.252     0.049    -1.141
      1.258     0.053    -1.141
      1.264     0.056    -1.141
      1.270     0.060    -1.141
      1.276     0.064    -1.141
      1.282     0.068    -1.141
      1.288     0.072    -1.141
      1.294     0.076    -1.141
      1.300     0.080    -1.141
      1.306     0.083    -1.141
      1.312     0.087    -1.141
      1.318     0.091    -1.141
      1.325     0.095    -1.141
      1.332     0.099    -1.141
      1.338     0.103    -1.141
      1.345     0.107    -1.141
      1.352     0.111    -1.141
      1.358     0.115    -1.141
      1.364     0.119    -1.141
      1.371     0.122    -1.141
      1.377     0.126    -1.141
      1.383     0.130    -1.141
      1.389     0.133    -1.141
      1.395     0.137    -1.141
      1.402     0.141    -1.141
      1.409     0.144    -1.141
      1.416     0.148    -1.141
      1.423     0.152    -1.141
      1.430     0.156    -1.141
      1.437     0.160    -1.141
      1.444     0.163    -1.141
      1.451     0.167    -1.141
      1.458     0.171    -1.141
      1.465     0.174    -1.141
      1.472     0.178    -1.141
      1.479     0.182    -1.141
      1.485     0.185    -1.141
      1.492     0.189    -1.141
      1.499     0.192    -1.141
      1.505     0.195    -1.141
      1.512     0.198    -1.141
      1.518     0.202    -1.141
      1.525     0.205    -1.141
      1.531     0.208    -1.140
      1.537     0.211    -1.140
      1.545     0.214    -1.140
      1.552     0.218    -1.140
      1.559     0.221    -1.140
      1.566     0.225    -1.140
      1.573     0.228    -1.140
      1.580     0.231    -1.140
      1.587     0.235    -1.140
      1.595     0.238    -1.140
      1.602     0.241    -1.140
      1.609     0.244    -1.140
      1.616     0.248    -1.140
      1.623     0.251    -1.140
      1.630     0.254    -1.140
      1.637     0.257    -1.140
      1.645     0.260    -1.140
      1.652     0.263    -1.140
      1.659     0.266    -1.140
      1.666     0.269    -1.140
      1.674     0.272    -1.140
      1.681     0.275    -1.140
      1.688     0.278    -1.140
      1.695     0.281    -1.140
      1.702     0.284    -1.140
      1.710     0.287    -1.140
      1.717     0.290    -1.140
      1.725     0.293    -1.140
      1.732     0.296    -1.140
      1.739     0.299    -1.140
      1.747     0.302    -1.140
      1.754     0.305    -1.140
      1.761     0.307    -1.140
      1.767     0.310    -1.140
      1.774     0.312    -1.140
      1.781     0.315    -1.140
      1.788     0.317    -1.140
      1.794     0.319    -1.140
      1.801     0.322    -1.140
      1.809     0.325    -1.139
      1.816     0.327    -1.139
      1.824     0.330    -1.139
      1.831     0.332    -1.139
      1.838     0.335    -1.139
      1.846     0.338    -1.139
      1.853     0.340    -1.139
      1.861     0.343    -1.139
      1.868     0.345    -1.139
      1.876     0.348    -1.139
      1.883     0.350    -1.139
      1.891     0.352    -1.139
      1.898     0.355    -1.139
      1.905     0.357    -1.139
      1.913     0.359    -1.139
      1.921     0.362    -1.139
      1.928     0.364    -1.139
      1.936     0.366    -1.139
      1.943     0.369    -1.139
      1.951     0.371    -1.139
      1.958     0.373    -1.139
      1.966     0.375    -1.139
      1.973     0.377    -1.139
      1.981     0.380    -1.139
      1.988     0.382    -1.139
      1.996     0.384    -1.139
      2.004     0.386    -1.139
      2.011     0.388    -1.139
      2.019     0.390    -1.139
      2.026     0.392    -1.139
      2.034     0.394    -1.139
      2.042     0.396    -1.139
      2.049     0.398    -1.139
      2.057     0.400    -1.139
      2.065     0.402    -1.139
      2.072     0.404    -1.139
      2.080     0.406    -1.139
      2.087     0.407    -1.139
      2.095     0.409    -1.139
      2.103     0.411    -1.139
      2.110     0.413    -1.139
      2.118     0.415    -1.139
      2.126     0.416    -1.139
      2.133     0.418    -1.139
      2.141     0.420    -1.139
      2.149     0.421    -1.139
      2.157     0.423    -1.139
      2.164     0.425    -1.139
      2.172     0.426    -1.139
      2.180     0.428    -1.139
      2.188     0.430    -1.139
      2.195     0.431    -1.139
      2.203     0.433    -1.139
      2.210     0.434    -1.139
      2.217     0.435    -1.139
      2.225     0.437    -1.139
      2.232     0.438    -1.139
      2.239     0.439    -1.139
      2.246     0.441    -1.139
      2.253     0.442    -1.139
      2.260     0.443    -1.139
      2.267     0.444    -1.139
      2.274     0.445    -1.139
      2.281     0.447    -1.139
      2.289     0.448    -1.139
      2.296     0.449    -1.139
      2.303     0.450    -1.139
      2.311     0.451    -1.139
      2.319     0.453    -1.139
      2.327     0.454    -1.139
      2.335     0.455    -1.139
      2.343     0.456    -1.139
      2.350     0.457    -1.139
      2.358     0.458    -1.139
      2.366     0.459    -1.138
      2.374     0.460    -1.138
      2.382     0.461    -1.138
      2.389     0.462    -1.138
      2.397     0.463    -1.138
      2.405     0.464    -1.138
      2.412     0.465    -1.138
      2.420     0.466    -1.138
      2.428     0.467    -1.138
      2.436     0.468    -1.138
      2.444     0.468    -1.138
      2.452     0.469    -1.138
      2.459     0.470    -1.138
      2.467     0.471    -1.138
      2.475     0.471    -1.138
      2.483     0.472    -1.138
      2.491     0.473    -1.138
      2.498     0.473    -1.138
      2.506     0.474    -1.138
      2.514     0.475    -1.138
      2.522     0.475    -1.138
      2.530     0.476    -1.138
      2.538     0.476    -1.138
      2.546     0.477    -1.138
      2.554     0.477    -1.138
      2.562     0.478    -1.138
      2.569     0.478    -1.138
      2.577     0.479    -1.138
      2.585     0.479    -1.138
      2.593     0.480    -1.138
      2.600     0.480    -1.138
      2.608     0.480    -1.138
      2.616     0.481    -1.138
      2.624     0.481    -1.138
      2.632     0.481    -1.138
      2.640     0.482    -1.138
      2.648     0.482    -1.138
      2.656     0.482    -1.138
      2.664     0.482    -1.138
      2.672     0.483    -1.138
      2.680     0.483    -1.138
      2.687     0.483    -1.138
      2.695     0.483    -1.138
      2.703     0.483    -1.138
      2.711     0.483    -1.138
      2.718     0.483    -1.138
      2.726     0.483    -1.138
      2.733     0.483    -1.138
      2.740     0.483    -1.138
      2.747     0.483    -1.138
      2.755     0.483    -1.137
      2.763     0.483    -1.137
      2.771     0.483    -1.137
      2.778     0.483    -1.137
      2.786     0.483    -1.137
      2.794     0.483    -1.137
      2.802     0.482    -1.137
      2.810     0.482    -1.137
      2.817     0.482    -1.137
      2.825     0.482    -1.137
      2.833     0.482    -1.137
      2.841     0.481    -1.137
      2.849     0.481    -1.137
      2.857     0.481    -1.137
      2.865     0.480    -1.137
      2.873     0.480    -1.137
      2.881     0.480    -1.137
      2.889     0.479    -1.137
      2.896     0.479    -1.137
      2.904     0.478    -1.137
      2.912     0.478    -1.137
      2.920     0.477    -1.137
      2.928     0.477    -1.137
      2.936     0.476    -1.137
      2.943     0.476    -1.137
      2.951     0.475    -1.137
      2.958     0.475    -1.137
      2.965     0.474    -1.137
      2.972     0.474    -1.137
      2.979     0.473    -1.137
      2.987     0.473    -1.137
      2.995     0.472    -1.137
      3.003     0.471    -1.137
      3.011     0.471    -1.137
      3.019     0.470    -1.137
      3.027     0.469    -1.137
      3.035     0.468    -1.136
      3.042     0.468    -1.136
      3.049     0.467    -1.136
      3.056     0.466    -1.136
      3.064     0.465    -1.136
      3.071     0.465    -1.136
      3.078     0.464    -1.136
      3.085     0.463    -1.136
      3.092     0.462    -1.136
      3.100     0.461    -1.136
      3.107     0.461    -1.136
      3.114     0.460    -1.136
      3.121     0.459    -1.136
      3.128     0.458    -1.136
      3.135     0.457    -1.136
      3.142     0.456    -1.136
      3.148     0.455    -1.136
      3.155     0.454    -1.136
      3.162     0.454    -1.136
      3.169     0.453    -1.136
      3.177     0.452    -1.136
      3.184     0.451    -1.136
      3.191     0.450    -1.136
      3.198     0.449    -1.136
      3.205     0.447    -1.136
      3.213     0.446    -1.136
      3.221     0.445    -1.135
      3.228     0.444    -1.135
      3.236     0.443    -1.135
      3.244     0.442    -1.135
      3.252     0.440    -1.135
      3.260     0.439    -1.135
      3.267     0.438    -1.135
      3.275     0.436    -1.135
      3.283     0.435    -1.135
      3.291     0.434    -1.135
      3.298     0.433    -1.135
      3.306     0.431    -1.135
      3.314     0.430    -1.135
      3.321     0.428    -1.135
      3.329     0.427    -1.135
      3.337     0.426    -1.135
      3.345     0.424    -1.135
      3.352     0.423    -1.135
      3.360     0.421    -1.134
      3.368     0.420    -1.134
      3.375     0.418    -1.134
      3.383     0.417    -1.134
      3.391     0.415    -1.134
      3.398     0.414    -1.134
      3.406     0.412    -1.134
      3.414     0.411    -1.134
      3.422     0.409    -1.134
      3.429     0.408    -1.134
      3.437     0.406    -1.134
      3.445     0.404    -1.134
      3.453     0.403    -1.134
      3.460     0.401    -1.134
      3.468     0.400    -1.133
      3.476     0.398    -1.133
      3.483     0.396    -1.133
      3.491     0.395    -1.133
      3.498     0.393    -1.133
      3.506     0.391    -1.133
      3.514     0.389    -1.133
      3.522     0.388    -1.133
      3.529     0.386    -1.133
      3.537     0.384    -1.133
      3.545     0.382    -1.133
      3.552     0.381    -1.132
      3.560     0.379    -1.132
      3.568     0.377    -1.132
      3.575     0.375    -1.132
      3.583     0.373    -1.132
      3.591     0.371    -1.132
      3.599     0.370    -1.132
      3.606     0.368    -1.132
      3.614     0.366    -1.132
      3.621     0.364    -1.131
      3.628     0.362    -1.131
      3.635     0.361    -1.131
      3.642     0.359    -1.131
      3.649     0.357    -1.131
      3.656     0.355    -1.131
      3.664     0.353    -1.131
      3.672     0.351    -1.131
      3.679     0.349    -1.131
      3.687     0.347    -1.130
      3.694     0.345    -1.130
      3.702     0.343    -1.130
      3.709     0.341    -1.130
      3.717     0.339    -1.130
      3.725     0.337    -1.130
      3.732     0.335    -1.130
      3.740     0.333    -1.129
      3.747     0.331    -1.129
      3.755     0.329    -1.129
      3.763     0.327    -1.129
      3.770     0.325    -1.129
      3.778     0.323    -1.129
      3.786     0.321    -1.129
      3.793     0.319    -1.128
      3.801     0.316    -1.128
      3.809     0.314    -1.128
      3.816     0.312    -1.128
      3.824     0.310    -1.128
      3.831     0.308    -1.128
      3.838     0.306    -1.127
      3.845     0.304    -1.127
      3.852     0.302    -1.127
      3.859     0.300    -1.127
      3.866     0.298    -1.127
      3.873     0.296    -1.127
      3.881     0.293    -1.126
      3.888     0.291    -1.126
      3.896     0.289    -1.126
      3.904     0.287    -1.126
      3.911     0.284    -1.126
      3.919     0.282    -1.125
      3.926     0.280    -1.125
      3.933     0.278    -1.125
      3.940     0.276    -1.125
      3.947     0.274    -1.125
      3.954     0.271    -1.124
      3.961     0.269    -1.124
      3.968     0.267    -1.124
      3.975     0.265    -1.124
      3.982     0.263    -1.124
      3.989     0.261    -1.123
      3.996     0.259    -1.123
      4.003     0.257    -1.123
      4.010     0.254    -1.123
      4.016     0.252    -1.123
      4.023     0.250    -1.122
      4.029     0.248    -1.122
      4.036     0.246    -1.122
      4.042     0.244    -1.122
      4.050     0.242    -1.121
      4.057     0.239    -1.121
      4.065     0.237    -1.121
      4.073     0.235    -1.121
      4.080     0.232    -1.120
      4.087     0.230    -1.120
      4.095     0.228    -1.120
      4.102     0.225    -1.120
      4.110     0.223    -1.119
      4.117     0.220    -1.119
      4.125     0.218    -1.119
      4.132     0.216    -1.119
      4.140     0.213    -1.118
      4.147     0.211    -1.118
      4.155     0.208    -1.118
      4.162     0.206    -1.117
      4.170     0.203    -1.117
      4.177     0.201    -1.117
      4.185     0.198    -1.116
      4.192     0.196    -1.116
      4.200     0.194    -1.116
      4.207     0.191    -1.115
      4.215     0.189    -1.115
      4.222     0.186    -1.115
      4.229     0.184    -1.115
      4.235     0.182    -1.114
      4.242     0.180    -1.114
      4.249     0.177    -1.114
      4.256     0.175    -1.113
      4.264     0.172    -1.113
      4.271     0.170    -1.113
      4.279     0.167    -1.112
      4.286     0.165    -1.112
      4.294     0.162    -1.112
      4.301     0.160    -1.111
      4.309     0.157    -1.111
      4.315     0.155    -1.111
      4.322     0.153    -1.110
      4.329     0.151    -1.110
      4.336     0.148    -1.110
      4.343     0.146    -1.109
      4.350     0.144    -1.109
      4.357     0.141    -1.108
      4.363     0.139    -1.108
      4.370     0.137    -1.108
      4.377     0.134    -1.107
      4.384     0.132    -1.107
      4.391     0.130    -1.107
      4.397     0.127    -1.106
      4.404     0.125    -1.106
      4.410     0.123    -1.106
      4.417     0.121    -1.105
      4.423     0.119    -1.105
      4.431     0.116    -1.104
      4.438     0.113    -1.104
      4.446     0.111    -1.103
      4.453     0.108    -1.103
      4.461     0.106    -1.103
      4.468     0.103    -1.102
      4.476     0.101    -1.102
      4.483     0.098    -1.101
      4.489     0.096    -1.101
      4.496     0.094    -1.100
      4.503     0.091    -1.100
      4.510     0.089    -1.100
      4.517     0.086    -1.099
      4.524     0.084    -1.099
      4.530     0.082    -1.098
      4.537     0.079    -1.098
      4.544     0.077    -1.097
      4.551     0.075    -1.097
      4.558     0.072    -1.096
      4.564     0.070    -1.096
      4.571     0.068    -1.095
      4.577     0.066    -1.095
      4.584     0.063    -1.095
      4.590     0.061    -1.094
      4.597     0.059    -1.094
      4.604     0.056    -1.093
      4.611     0.054    -1.093
      4.617     0.052    -1.092
      4.624     0.049    -1.092
      4.631     0.047    -1.091
      4.638     0.045    -1.091
      4.644     0.043    -1.090
      4.651     0.040    -1.090
      4.657     0.038    -1.089
      4.663     0.036    -1.089
      4.671     0.033    -1.088
      4.678     0.031    -1.088
      4.685     0.028    -1.087
      4.692     0.026    -1.087
      4.699     0.023    -1.086
      4.707     0.021    -1.085
      4.714     0.019    -1.085
      4.721     0.016    -1.084
      4.728     0.014    -1.084
      4.735     0.011    -1.083
      4.741     0.009    -1.083
      4.748     0.007    -1.082
      4.755     0.004    -1.082
      4.762     0.002    -1.081
      4.768    -0.000    -1.080
      4.776    -0.003    -1.080
      4.783    -0.005    -1.079
      4.791    -0.008    -1.078
      4.798    -0.011    -1.078
      4.806    -0.013    -1.077
      4.813    -0.016    -1.076
      4.821    -0.018    -1.076
      4.828    -0.021    -1.075
      4.835    -0.023    -1.074
      4.843    -0.026    -1.074
      4.850    -0.028    -1.073
      4.858    -0.031    -1.072
      4.865    -0.033    -1.072
      4.872    -0.036    -1.071
      4.880    -0.039    -1.070
      4.887    -0.041    -1.069
      4.894    -0.044    -1.069
      4.902    -0.046    -1.068
      4.909    -0.049    -1.067
      4.917    -0.051    -1.066
      4.924    -0.054    -1.065
      4.931    -0.056    -1.065
      4.938    -0.059    -1.064
      4.946    -0.061    -1.063
      4.953    -0.064    -1.062
      4.961    -0.067    -1.061
      4.968    -0.069    -1.061
      4.976    -0.072    -1.060
      4.983    -0.074    -1.059
      4.991    -0.077    -1.058
      4.998    -0.079    -1.057
      5.005    -0.082    -1.056
      5.013    -0.085    -1.055
      5.020    -0.087    -1.055
      5.028    -0.090    -1.054
      5.035    -0.092    -1.053
      5.042    -0.095    -1.052
      5.050    -0.097    -1.051
      5.057    -0.100    -1.050
      5.064    -0.102    -1.049
      5.072    -0.105    -1.048
      5.079    -0.107    -1.047
      5.087    -0.110    -1.046
      5.094    -0.113    -1.045
      5.101    -0.115    -1.044
      5.109    -0.118    -1.043
      5.116    -0.120    -1.042
      5.124    -0.123    -1.042
      5.131    -0.125    -1.041
      5.139    -0.128    -1.040
      5.146    -0.130    -1.039
      5.153    -0.133    -1.038
      5.161    -0.136    -1.037
      5.168    -0.138    -1.036
      5.174    -0.140    -1.035
      5.181    -0.143    -1.034
      5.188    -0.145    -1.033
      5.195    -0.147    -1.032
      5.202    -0.150    -1.031
      5.209    -0.152    -1.030
      5.216    -0.155    -1.029
      5.224    -0.157    -1.028
      5.231    -0.160    -1.027
      5.239    -0.162    -1.026
      5.246    -0.165    -1.024
      5.253    -0.167    -1.023
      5.260    -0.170    -1.022
      5.268    -0.172    -1.021
      5.275    -0.175    -1.020
      5.283    -0.177    -1.019
      5.290    -0.180    -1.018
      5.297    -0.183    -1.017
      5.305    -0.185    -1.016
      5.312    -0.188    -1.014
      5.320    -0.190    -1.013
      5.327    -0.193    -1.012
      5.334    -0.195    -1.011
      5.342    -0.198    -1.010
      5.349    -0.200    -1.009
      5.357    -0.203    -1.008
      5.364    -0.205    -1.006
      5.371    -0.208    -1.005
      5.378    -0.210    -1.004
      5.385    -0.213    -1.003
      5.392    -0.215    -1.002
      5.399    -0.217    -1.001
      5.405    -0.220    -1.000
      5.412    -0.222    -0.999
      5.420    -0.224    -0.997
      5.427    -0.227    -0.996
      5.434    -0.229    -0.995
      5.442    -0.232    -0.994
      5.449    -0.235    -0.992
      5.457    -0.237    -0.991
      5.464    -0.240    -0.990
      5.471    -0.242    -0.989
      5.478    -0.244    -0.988
      5.484    -0.247    -0.986
      5.491    -0.249    -0.985
      5.498    -0.251    -0.984
      5.505    -0.254    -0.983
      5.511    -0.256    -0.982
      5.518    -0.258    -0.981
      5.525    -0.260    -0.979
      5.532    -0.263    -0.978
      5.539    -0.265    -0.977
      5.545    -0.267    -0.976
      5.552    -0.270    -0.975
      5.558    -0.272    -0.973
      5.564    -0.274    -0.972
      5.571    -0.276    -0.971
      5.577    -0.278    -0.970
      5.585    -0.281    -0.969
      5.592    -0.283    -0.967
      5.599    -0.286    -0.966
      5.607    -0.288    -0.965
      5.614    -0.291    -0.963
      5.621    -0.293    -0.962
      5.629    -0.296    -0.961
      5.636    -0.298    -0.959
      5.643    -0.301    -0.958
      5.650    -0.303    -0.957
      5.658    -0.306    -0.955
      5.665    -0.308    -0.954
      5.673    -0.311    -0.952
      5.680    -0.313    -0.951
      5.687    -0.316    -0.950
      5.695    -0.318    -0.948
      5.702    -0.321    -0.947
      5.709    -0.323    -0.945
      5.717    -0.326    -0.944
      5.724    -0.328    -0.943
      5.731    -0.331    -0.941
      5.739    -0.334    -0.940
      5.746    -0.336    -0.938
      5.753    -0.338    -0.937
      5.760    -0.341    -0.936
      5.766    -0.343    -0.934
      5.773    -0.345    -0.933
      5.780    -0.348    -0.932
      5.787    -0.350    -0.930
      5.794    -0.352    -0.929
      5.801    -0.355    -0.928
      5.809    -0.357    -0.926
      5.816    -0.360    -0.925
      5.824    -0.363    -0.923
      5.831    -0.365    -0.922
      5.838    -0.368    -0.920
      5.845    -0.370    -0.919
      5.852    -0.372    -0.917
      5.858    -0.375    -0.916
      5.865    -0.377    -0.915
      5.872    -0.379    -0.913
      5.879    -0.382    -0.912
      5.885    -0.384    -0.911
      5.892    -0.386    -0.909
      5.899    -0.388    -0.908
      5.906    -0.391    -0.906
      5.912    -0.393    -0.905
      5.919    -0.395    -0.904
      5.925    -0.398    -0.902
      5.932    -0.400    -0.901
      5.938    -0.402    -0.900
      5.945    -0.404    -0.898
      5.951    -0.406    -0.897
      5.958    -0.409    -0.896
      5.966    -0.412    -0.894
      5.973    -0.414    -0.893
      5.980    -0.417    -0.891
      5.988    -0.419    -0.890
      5.995    -0.422    -0.888
      6.002    -0.424    -0.886
      6.009    -0.427    -0.885
      6.016    -0.429    -0.884
      6.022    -0.431    -0.882
      6.029    -0.434    -0.881
      6.036    -0.436    -0.879
      6.043    -0.438    -0.878
      6.049    -0.441    -0.877
      6.056    -0.443    -0.875
      6.063    -0.445    -0.874
      6.069    -0.448    -0.872
      6.076    -0.450    -0.871
      6.083    -0.452    -0.869
      6.089    -0.455    -0.868
      6.096    -0.457    -0.867
      6.102    -0.459    -0.865
      6.108    -0.461    -0.864
      6.115    -0.463    -0.863
      6.121    -0.466    -0.861
      6.128    -0.468    -0.860
      6.135    -0.471    -0.858
      6.141    -0.473    -0.857
      6.148    -0.475    -0.855
      6.155    -0.478    -0.854
      6.161    -0.480    -0.853
      6.167    -0.482    -0.851
      6.174    -0.484    -0.850
      6.180    -0.486    -0.848
      6.186    -0.489    -0.847
      6.193    -0.491    -0.846
      6.201    -0.494    -0.844
      6.208    -0.496    -0.843
      6.215    -0.499    -0.841
      6.222    -0.501    -0.839
      6.229    -0.504    -0.838
      6.236    -0.506    -0.836
      6.243    -0.509    -0.835
      6.250    -0.511    -0.833
      6.257    -0.514    -0.832
      6.265    -0.516    -0.830
      6.272    -0.519    -0.829
      6.279    -0.521    -0.827
      6.287    -0.524    -0.825
      6.294    -0.526    -0.824
      6.301    -0.529    -0.822
      6.308    -0.531    -0.821
      6.315    -0.534    -0.819
      6.323    -0.537    -0.818
      6.330    -0.539    -0.816
      6.337    -0.542    -0.815
      6.345    -0.544    -0.813
      6.352    -0.547    -0.811
      6.359    -0.549    -0.810
      6.367    -0.552    -0.808
      6.374    -0.555    -0.807
      6.381    -0.557    -0.805
      6.389    -0.560    -0.804
      6.396    -0.562    -0.802
      6.403    -0.565    -0.800
      6.411    -0.567    -0.799
      6.417    -0.570    -0.797
      6.424    -0.572    -0.796
      6.431    -0.574    -0.795
      6.437    -0.577    -0.793
      6.444    -0.579    -0.792
      6.451    -0.582    -0.790
      6.458    -0.584    -0.789
      6.466    -0.587    -0.787
      6.473    -0.589    -0.786
      6.480    -0.592    -0.784
      6.488    -0.594    -0.783
      6.495    -0.597    -0.781
      6.502    -0.599    -0.779
      6.509    -0.602    -0.778
      6.516    -0.604    -0.777
      6.522    -0.606    -0.775
      6.529    -0.609    -0.774
      6.536    -0.611    -0.772
      6.543    -0.613    -0.771
      6.549    -0.616    -0.770
      6.556    -0.618    -0.768
      6.563    -0.620    -0.767
      6.570    -0.623    -0.765
      6.576    -0.625    -0.764
      6.583    -0.627    -0.763
      6.589    -0.630    -0.761
      6.596    -0.632    -0.760
      6.602    -0.634    -0.759
      6.608    -0.636    -0.757
      6.615    -0.638    -0.756
      6.622    -0.641    -0.755
      6.629    -0.643    -0.753
      6.637    -0.646    -0.752
      6.644    -0.648    -0.750
      6.652    -0.651    -0.749
      6.659    -0.653    -0.747
      6.666    -0.656    -0.746
      6.673    -0.658    -0.744
      6.680    -0.660    -0.743
      6.687    -0.663    -0.742
      6.693    -0.665    -0.740
      6.700    -0.667    -0.739
      6.707    -0.670    -0.738
      6.714    -0.672    -0.736
      6.720    -0.674    -0.735
      6.727    -0.676    -0.734
      6.734    -0.679    -0.732
      6.741    -0.681    -0.731
      6.747    -0.683    -0.730
      6.754    -0.685    -0.729
      6.760    -0.687    -0.727
      6.767    -0.689    -0.726
      6.773    -0.692    -0.725
      6.779    -0.694    -0.724
      6.786    -0.696    -0.722
      6.793    -0.698    -0.721
      6.800    -0.700    -0.720
      6.807    -0.703    -0.718
      6.813    -0.705    -0.717
      6.820    -0.707    -0.716
      6.827    -0.709    -0.715
      6.833    -0.711    -0.713
      6.839    -0.713    -0.712
      6.846    -0.715    -0.711
      6.852    -0.717    -0.710
      6.859    -0.720    -0.709
      6.867    -0.722    -0.707
      6.874    -0.724    -0.706
      6.881    -0.726    -0.705
      6.888    -0.729    -0.703
      6.895    -0.731    -0.702
      6.902    -0.733    -0.701
      6.910    -0.735    -0.699
      6.917    -0.738    -0.698
      6.925    -0.740    -0.697
      6.932    -0.742    -0.695
      6.939    -0.745    -0.694
      6.947    -0.747    -0.693
      6.954    -0.749    -0.691
      6.962    -0.751    -0.690
      6.969    -0.753    -0.689
      6.976    -0.756    -0.688
      6.982    -0.758    -0.686
      6.989    -0.760    -0.685
      6.996    -0.762    -0.684
      7.003    -0.764    -0.683
      7.010    -0.766    -0.682
      7.017    -0.768    -0.681
      7.024    -0.770    -0.679
      7.030    -0.772    -0.678
      7.037    -0.774    -0.677
      7.044    -0.776    -0.676
      7.051    -0.778    -0.675
      7.057    -0.780    -0.674
      7.064    -0.781    -0.673
      7.070    -0.783    -0.672
      7.077    -0.785    -0.670
      7.084    -0.787    -0.669
      7.091    -0.789    -0.668
      7.097    -0.791    -0.667
      7.104    -0.793    -0.666
      7.111    -0.795    -0.665
      7.118    -0.797    -0.664
      7.125    -0.798    -0.663
      7.131    -0.800    -0.662
      7.138    -0.802    -0.661
      7.144    -0.804    -0.660
      7.151    -0.806    -0.659
      7.158    -0.808    -0.657
      7.165    -0.809    -0.656
      7.173    -0.811    -0.655
      7.180    -0.813    -0.654
      7.187    -0.815    -0.653
      7.195    -0.817    -0.652
      7.202    -0.819    -0.651
      7.209    -0.821    -0.649
      7.216    -0.823    -0.648
      7.223    -0.825    -0.647
      7.230    -0.826    -0.646
      7.237    -0.828    -0.645
      7.244    -0.830    -0.644
      7.251    -0.832    -0.643
      7.258    -0.833    -0.642
      7.264    -0.835    -0.641
      7.271    -0.836    -0.640
      7.277    -0.838    -0.639
      7.284    -0.840    -0.638
      7.291    -0.841    -0.637
      7.299    -0.843    -0.636
      7.306    -0.845    -0.635
      7.313    -0.847    -0.634
      7.321    -0.848    -0.633
      7.328    -0.850    -0.632
      7.335    -0.852    -0.631
      7.343    -0.853    -0.630
      7.350    -0.855    -0.629
      7.358    -0.857    -0.628
      7.365    -0.858    -0.627
      7.372    -0.860    -0.626
      7.380    -0.862    -0.625
      7.387    -0.863    -0.624
      7.395    -0.865    -0.623
      7.402    -0.866    -0.622
      7.410    -0.868    -0.621
      7.418    -0.870    -0.620
      7.425    -0.871    -0.619
      7.433    -0.873    -0.618
      7.441    -0.874    -0.617
      7.449    -0.876    -0.616
