Count of Points:46

WCS coordinates of Points:
      7.152     0.838    -1.294
      7.159     0.836    -1.292
      7.166     0.834    -1.290
      7.173     0.832    -1.288
      7.179     0.830    -1.286
      7.186     0.828    -1.284
      7.193     0.826    -1.282
      7.200     0.824    -1.280
      7.206     0.822    -1.278
      7.213     0.820    -1.276
      7.221     0.818    -1.274
      7.228     0.815    -1.272
      7.235     0.813    -1.270
      7.242     0.811    -1.268
      7.249     0.809    -1.266
      7.256     0.807    -1.264
      7.263     0.805    -1.262
      7.270     0.803    -1.261
      7.277     0.801    -1.259
      7.285     0.798    -1.257
      7.292     0.796    -1.255
      7.298     0.794    -1.253
      7.305     0.792    -1.251
      7.312     0.790    -1.249
      7.319     0.788    -1.248
      7.325     0.786    -1.246
      7.332     0.784    -1.244
      7.340     0.782    -1.242
      7.347     0.780    -1.240
      7.354     0.778    -1.239
      7.361     0.776    -1.237
      7.368     0.774    -1.235
      7.375     0.772    -1.233
      7.382     0.770    -1.232
      7.389     0.768    -1.230
      7.395     0.766    -1.228
      7.402     0.764    -1.227
      7.409     0.762    -1.225
      7.416     0.760    -1.224
      7.422     0.758    -1.222
      7.429     0.756    -1.220
      7.436     0.754    -1.219
      7.443     0.752    -1.217
      7.449     0.750    -1.216
      7.456     0.748    -1.214
      7.463     0.746    -1.213
