Count of Points:153

WCS coordinates of Points:
      7.492     0.356    -1.099
      7.485     0.358    -1.100
      7.478     0.359    -1.102
      7.471     0.361    -1.103
      7.464     0.363    -1.104
      7.457     0.365    -1.106
      7.450     0.367    -1.107
      7.443     0.369    -1.109
      7.436     0.371    -1.110
      7.430     0.372    -1.111
      7.423     0.374    -1.113
      7.416     0.376    -1.114
      7.409     0.378    -1.116
      7.402     0.380    -1.117
      7.395     0.382    -1.119
      7.388     0.384    -1.120
      7.381     0.386    -1.122
      7.374     0.388    -1.123
      7.367     0.390    -1.125
      7.360     0.392    -1.126
      7.353     0.394    -1.128
      7.347     0.396    -1.129
      7.340     0.398    -1.131
      7.333     0.400    -1.133
      7.325     0.402    -1.134
      7.318     0.404    -1.136
      7.310     0.406    -1.138
      7.303     0.408    -1.140
      7.295     0.411    -1.142
      7.288     0.413    -1.143
      7.281     0.415    -1.145
      7.274     0.417    -1.147
      7.268     0.419    -1.148
      7.261     0.421    -1.150
      7.254     0.423    -1.152
      7.247     0.425    -1.153
      7.240     0.427    -1.155
      7.232     0.429    -1.157
      7.225     0.431    -1.159
      7.217     0.434    -1.161
      7.210     0.436    -1.163
      7.202     0.438    -1.165
      7.195     0.440    -1.167
      7.187     0.443    -1.169
      7.180     0.445    -1.171
      7.172     0.447    -1.173
      7.165     0.449    -1.175
      7.157     0.451    -1.177
      7.150     0.454    -1.179
      7.143     0.456    -1.181
      7.136     0.458    -1.183
      7.129     0.460    -1.185
      7.122     0.462    -1.187
      7.116     0.464    -1.189
      7.109     0.466    -1.191
      7.102     0.468    -1.193
      7.095     0.470    -1.195
      7.088     0.472    -1.197
      7.080     0.475    -1.199
      7.073     0.477    -1.201
      7.066     0.479    -1.203
      7.058     0.481    -1.206
      7.051     0.484    -1.208
      7.043     0.486    -1.210
      7.036     0.488    -1.212
      7.028     0.490    -1.215
      7.021     0.493    -1.217
      7.014     0.495    -1.219
      7.006     0.497    -1.221
      6.999     0.499    -1.224
      6.992     0.501    -1.226
      6.984     0.504    -1.228
      6.977     0.506    -1.230
      6.970     0.508    -1.233
      6.962     0.510    -1.235
      6.955     0.513    -1.237
      6.948     0.515    -1.240
      6.940     0.517    -1.242
      6.933     0.519    -1.244
      6.926     0.521    -1.247
      6.918     0.523    -1.249
      6.911     0.526    -1.251
      6.904     0.528    -1.254
      6.896     0.530    -1.256
      6.889     0.532    -1.259
      6.881     0.534    -1.261
      6.874     0.537    -1.264
      6.867     0.539    -1.266
      6.861     0.541    -1.268
      6.854     0.542    -1.270
      6.847     0.544    -1.273
      6.840     0.546    -1.275
      6.834     0.548    -1.277
      6.827     0.550    -1.279
      6.820     0.552    -1.282
      6.812     0.555    -1.284
      6.805     0.557    -1.287
      6.798     0.559    -1.289
      6.790     0.561    -1.292
      6.783     0.563    -1.294
      6.775     0.565    -1.297
      6.768     0.567    -1.300
      6.761     0.569    -1.302
      6.753     0.572    -1.305
      6.746     0.574    -1.307
      6.739     0.576    -1.310
      6.732     0.578    -1.312
      6.724     0.580    -1.315
      6.717     0.582    -1.317
      6.710     0.584    -1.320
      6.702     0.586    -1.323
      6.695     0.588    -1.325
      6.688     0.590    -1.328
      6.680     0.592    -1.330
      6.673     0.594    -1.333
      6.666     0.596    -1.336
      6.659     0.598    -1.338
      6.651     0.600    -1.341
      6.644     0.602    -1.344
      6.637     0.604    -1.346
      6.629     0.606    -1.349
      6.622     0.608    -1.352
      6.615     0.610    -1.354
      6.607     0.612    -1.357
      6.600     0.614    -1.360
      6.593     0.616    -1.362
      6.585     0.618    -1.365
      6.578     0.620    -1.368
      6.571     0.622    -1.371
      6.563     0.624    -1.373
      6.556     0.626    -1.376
      6.549     0.628    -1.379
      6.542     0.630    -1.381
      6.534     0.632    -1.384
      6.527     0.634    -1.387
      6.520     0.635    -1.389
      6.512     0.637    -1.392
      6.505     0.639    -1.395
      6.498     0.641    -1.398
      6.490     0.643    -1.401
      6.483     0.645    -1.403
      6.476     0.647    -1.406
      6.468     0.649    -1.409
      6.461     0.651    -1.412
      6.453     0.653    -1.414
      6.446     0.654    -1.417
      6.439     0.656    -1.420
      6.432     0.658    -1.423
      6.425     0.660    -1.425
      6.419     0.661    -1.428
      6.412     0.663    -1.430
      6.405     0.665    -1.433
      6.398     0.666    -1.436
