Count of Points:874

WCS coordinates of Points:
      7.399    -1.229    -0.411
      7.392    -1.228    -0.411
      7.385    -1.226    -0.412
      7.378    -1.225    -0.413
      7.371    -1.223    -0.414
      7.364    -1.222    -0.414
      7.357    -1.220    -0.415
      7.350    -1.219    -0.416
      7.343    -1.217    -0.417
      7.336    -1.216    -0.417
      7.329    -1.214    -0.418
      7.322    -1.213    -0.419
      7.315    -1.211    -0.420
      7.308    -1.210    -0.420
      7.301    -1.208    -0.421
      7.294    -1.206    -0.422
      7.287    -1.205    -0.423
      7.280    -1.203    -0.424
      7.273    -1.202    -0.424
      7.266    -1.200    -0.425
      7.260    -1.198    -0.426
      7.253    -1.197    -0.427
      7.246    -1.195    -0.427
      7.239    -1.193    -0.428
      7.231    -1.191    -0.429
      7.223    -1.190    -0.430
      7.216    -1.188    -0.431
      7.208    -1.186    -0.432
      7.200    -1.184    -0.433
      7.194    -1.182    -0.433
      7.187    -1.180    -0.434
      7.180    -1.179    -0.435
      7.173    -1.177    -0.436
      7.166    -1.175    -0.437
      7.159    -1.173    -0.438
      7.152    -1.172    -0.438
      7.144    -1.170    -0.439
      7.137    -1.168    -0.440
      7.129    -1.166    -0.441
      7.122    -1.164    -0.442
      7.114    -1.162    -0.443
      7.106    -1.160    -0.444
      7.099    -1.157    -0.445
      7.091    -1.155    -0.446
      7.084    -1.153    -0.447
      7.076    -1.151    -0.448
      7.069    -1.149    -0.449
      7.061    -1.147    -0.449
      7.054    -1.145    -0.450
      7.046    -1.143    -0.451
      7.039    -1.141    -0.452
      7.033    -1.139    -0.453
      7.026    -1.137    -0.454
      7.019    -1.135    -0.455
      7.012    -1.133    -0.456
      7.005    -1.131    -0.457
      6.998    -1.129    -0.457
      6.991    -1.127    -0.458
      6.983    -1.125    -0.459
      6.976    -1.122    -0.460
      6.968    -1.120    -0.461
      6.961    -1.118    -0.462
      6.953    -1.116    -0.463
      6.946    -1.113    -0.464
      6.938    -1.111    -0.465
      6.931    -1.109    -0.466
      6.923    -1.106    -0.467
      6.916    -1.104    -0.468
      6.908    -1.102    -0.469
      6.901    -1.100    -0.470
      6.894    -1.097    -0.471
      6.886    -1.095    -0.472
      6.879    -1.093    -0.473
      6.871    -1.090    -0.474
      6.864    -1.088    -0.475
      6.856    -1.085    -0.476
      6.849    -1.083    -0.477
      6.841    -1.081    -0.478
      6.834    -1.078    -0.479
      6.827    -1.076    -0.480
      6.819    -1.074    -0.481
      6.812    -1.071    -0.482
      6.804    -1.069    -0.483
      6.797    -1.066    -0.484
      6.789    -1.064    -0.485
      6.782    -1.061    -0.486
      6.775    -1.059    -0.487
      6.768    -1.056    -0.488
      6.761    -1.054    -0.489
      6.754    -1.052    -0.490
      6.748    -1.050    -0.491
      6.741    -1.047    -0.492
      6.734    -1.045    -0.493
      6.727    -1.043    -0.494
      6.720    -1.040    -0.495
      6.712    -1.038    -0.496
      6.705    -1.035    -0.497
      6.698    -1.033    -0.498
      6.690    -1.030    -0.499
      6.683    -1.027    -0.500
      6.675    -1.025    -0.501
      6.668    -1.022    -0.502
      6.661    -1.020    -0.504
      6.653    -1.017    -0.505
      6.646    -1.014    -0.506
      6.639    -1.012    -0.507
      6.631    -1.009    -0.508
      6.624    -1.007    -0.509
      6.617    -1.004    -0.510
      6.609    -1.001    -0.511
      6.602    -0.999    -0.512
      6.595    -0.996    -0.513
      6.587    -0.993    -0.514
      6.580    -0.991    -0.515
      6.573    -0.988    -0.516
      6.566    -0.985    -0.517
      6.558    -0.983    -0.518
      6.551    -0.980    -0.519
      6.544    -0.977    -0.521
      6.536    -0.975    -0.522
      6.529    -0.972    -0.523
      6.522    -0.969    -0.524
      6.514    -0.966    -0.525
      6.507    -0.964    -0.526
      6.499    -0.961    -0.527
      6.492    -0.958    -0.528
      6.485    -0.955    -0.529
      6.477    -0.952    -0.530
      6.470    -0.950    -0.531
      6.463    -0.947    -0.532
      6.456    -0.944    -0.533
      6.449    -0.941    -0.534
      6.441    -0.939    -0.536
      6.434    -0.936    -0.537
      6.427    -0.933    -0.538
      6.419    -0.930    -0.539
      6.412    -0.927    -0.540
      6.405    -0.925    -0.541
      6.397    -0.922    -0.542
      6.390    -0.919    -0.543
      6.383    -0.916    -0.544
      6.375    -0.913    -0.545
      6.368    -0.910    -0.546
      6.361    -0.908    -0.547
      6.353    -0.905    -0.549
      6.346    -0.902    -0.550
      6.339    -0.899    -0.551
      6.332    -0.896    -0.552
      6.325    -0.894    -0.553
      6.319    -0.891    -0.554
      6.312    -0.888    -0.555
      6.305    -0.886    -0.556
      6.299    -0.883    -0.557
      6.292    -0.880    -0.558
      6.285    -0.878    -0.559
      6.279    -0.875    -0.560
      6.272    -0.872    -0.560
      6.265    -0.870    -0.561
      6.259    -0.867    -0.562
      6.252    -0.864    -0.563
      6.245    -0.862    -0.564
      6.238    -0.859    -0.566
      6.230    -0.856    -0.567
      6.223    -0.853    -0.568
      6.216    -0.850    -0.569
      6.209    -0.847    -0.570
      6.201    -0.844    -0.571
      6.194    -0.841    -0.572
      6.187    -0.838    -0.573
      6.180    -0.835    -0.574
      6.172    -0.832    -0.575
      6.165    -0.829    -0.576
      6.158    -0.826    -0.577
      6.151    -0.823    -0.578
      6.144    -0.820    -0.579
      6.136    -0.817    -0.580
      6.129    -0.814    -0.581
      6.122    -0.811    -0.582
      6.115    -0.808    -0.583
      6.108    -0.805    -0.584
      6.100    -0.802    -0.585
      6.093    -0.800    -0.586
      6.086    -0.797    -0.587
      6.079    -0.794    -0.588
      6.072    -0.791    -0.589
      6.064    -0.787    -0.590
      6.057    -0.784    -0.591
      6.050    -0.781    -0.592
      6.043    -0.778    -0.593
      6.035    -0.775    -0.594
      6.028    -0.772    -0.595
      6.021    -0.769    -0.596
      6.014    -0.766    -0.597
      6.006    -0.763    -0.598
      5.999    -0.760    -0.599
      5.992    -0.757    -0.600
      5.985    -0.754    -0.601
      5.978    -0.751    -0.602
      5.971    -0.748    -0.603
      5.964    -0.745    -0.604
      5.956    -0.742    -0.605
      5.949    -0.739    -0.606
      5.942    -0.736    -0.607
      5.935    -0.733    -0.608
      5.927    -0.730    -0.609
      5.920    -0.726    -0.610
      5.913    -0.723    -0.611
      5.906    -0.720    -0.612
      5.898    -0.717    -0.613
      5.891    -0.714    -0.614
      5.884    -0.711    -0.615
      5.877    -0.708    -0.615
      5.869    -0.705    -0.616
      5.863    -0.702    -0.617
      5.856    -0.699    -0.618
      5.850    -0.696    -0.619
      5.843    -0.693    -0.620
      5.836    -0.690    -0.621
      5.830    -0.688    -0.621
      5.822    -0.684    -0.622
      5.815    -0.681    -0.623
      5.808    -0.678    -0.624
      5.801    -0.675    -0.625
      5.794    -0.672    -0.626
      5.787    -0.669    -0.627
      5.779    -0.666    -0.628
      5.772    -0.663    -0.629
      5.765    -0.659    -0.629
      5.758    -0.656    -0.630
      5.751    -0.653    -0.631
      5.744    -0.650    -0.632
      5.736    -0.647    -0.633
      5.729    -0.644    -0.634
      5.722    -0.640    -0.635
      5.715    -0.637    -0.635
      5.708    -0.634    -0.636
      5.700    -0.631    -0.637
      5.693    -0.628    -0.638
      5.686    -0.625    -0.639
      5.679    -0.621    -0.640
      5.671    -0.618    -0.640
      5.664    -0.615    -0.641
      5.658    -0.612    -0.642
      5.651    -0.609    -0.643
      5.644    -0.606    -0.643
      5.638    -0.603    -0.644
      5.631    -0.600    -0.645
      5.625    -0.597    -0.646
      5.617    -0.594    -0.646
      5.610    -0.591    -0.647
      5.603    -0.588    -0.648
      5.596    -0.584    -0.649
      5.589    -0.581    -0.649
      5.581    -0.578    -0.650
      5.574    -0.575    -0.651
      5.568    -0.572    -0.652
      5.561    -0.569    -0.652
      5.554    -0.566    -0.653
      5.548    -0.563    -0.654
      5.541    -0.560    -0.654
      5.535    -0.557    -0.655
      5.528    -0.554    -0.656
      5.521    -0.551    -0.656
      5.515    -0.548    -0.657
      5.508    -0.545    -0.658
      5.502    -0.542    -0.658
      5.495    -0.539    -0.659
      5.489    -0.536    -0.660
      5.483    -0.533    -0.660
      5.476    -0.530    -0.661
      5.470    -0.528    -0.661
      5.464    -0.525    -0.662
      5.457    -0.522    -0.663
      5.451    -0.519    -0.663
      5.444    -0.516    -0.664
      5.438    -0.513    -0.664
      5.431    -0.510    -0.665
      5.425    -0.507    -0.666
      5.418    -0.504    -0.666
      5.411    -0.501    -0.667
      5.404    -0.497    -0.668
      5.397    -0.494    -0.668
      5.390    -0.491    -0.669
      5.382    -0.488    -0.669
      5.375    -0.484    -0.670
      5.368    -0.481    -0.671
      5.361    -0.478    -0.671
      5.354    -0.474    -0.672
      5.347    -0.471    -0.673
      5.340    -0.468    -0.673
      5.332    -0.465    -0.674
      5.325    -0.461    -0.674
      5.318    -0.458    -0.675
      5.311    -0.455    -0.675
      5.304    -0.451    -0.676
      5.297    -0.448    -0.677
      5.290    -0.445    -0.677
      5.283    -0.441    -0.678
      5.276    -0.438    -0.678
      5.269    -0.435    -0.679
      5.262    -0.432    -0.679
      5.254    -0.428    -0.680
      5.247    -0.425    -0.680
      5.240    -0.422    -0.681
      5.233    -0.418    -0.682
      5.226    -0.415    -0.682
      5.219    -0.412    -0.683
      5.211    -0.408    -0.683
      5.204    -0.405    -0.684
      5.197    -0.402    -0.684
      5.190    -0.398    -0.685
      5.183    -0.395    -0.685
      5.176    -0.391    -0.686
      5.169    -0.388    -0.686
      5.161    -0.385    -0.687
      5.154    -0.381    -0.687
      5.147    -0.378    -0.688
      5.140    -0.375    -0.688
      5.133    -0.372    -0.689
      5.126    -0.368    -0.689
      5.119    -0.365    -0.689
      5.112    -0.361    -0.690
      5.105    -0.358    -0.690
      5.097    -0.355    -0.691
      5.090    -0.351    -0.691
      5.083    -0.348    -0.692
      5.076    -0.344    -0.692
      5.069    -0.341    -0.693
      5.062    -0.338    -0.693
      5.055    -0.334    -0.694
      5.047    -0.331    -0.694
      5.040    -0.328    -0.694
      5.034    -0.324    -0.695
      5.027    -0.321    -0.695
      5.021    -0.318    -0.696
      5.014    -0.315    -0.696
      5.007    -0.312    -0.696
      5.001    -0.309    -0.697
      4.994    -0.305    -0.697
      4.987    -0.302    -0.697
      4.979    -0.299    -0.698
      4.972    -0.295    -0.698
      4.965    -0.292    -0.699
      4.958    -0.289    -0.699
      4.951    -0.285    -0.699
      4.944    -0.282    -0.700
      4.937    -0.279    -0.700
      4.930    -0.275    -0.700
      4.923    -0.272    -0.701
      4.916    -0.268    -0.701
      4.908    -0.265    -0.702
      4.901    -0.261    -0.702
      4.894    -0.258    -0.702
      4.887    -0.255    -0.703
      4.880    -0.251    -0.703
      4.873    -0.248    -0.703
      4.866    -0.244    -0.704
      4.858    -0.241    -0.704
      4.851    -0.238    -0.704
      4.844    -0.234    -0.705
      4.837    -0.231    -0.705
      4.830    -0.228    -0.705
      4.824    -0.225    -0.706
      4.817    -0.221    -0.706
      4.811    -0.218    -0.706
      4.804    -0.215    -0.706
      4.798    -0.212    -0.707
      4.790    -0.209    -0.707
      4.783    -0.205    -0.707
      4.776    -0.202    -0.708
      4.769    -0.198    -0.708
      4.762    -0.195    -0.708
      4.755    -0.192    -0.709
      4.747    -0.188    -0.709
      4.741    -0.185    -0.709
      4.734    -0.182    -0.709
      4.728    -0.179    -0.710
      4.721    -0.176    -0.710
      4.715    -0.173    -0.710
      4.708    -0.170    -0.710
      4.701    -0.167    -0.711
      4.695    -0.163    -0.711
      4.688    -0.160    -0.711
      4.682    -0.157    -0.711
      4.675    -0.154    -0.712
      4.669    -0.151    -0.712
      4.662    -0.148    -0.712
      4.656    -0.145    -0.712
      4.650    -0.142    -0.712
      4.644    -0.139    -0.713
      4.638    -0.136    -0.713
      4.630    -0.133    -0.713
      4.623    -0.130    -0.713
      4.616    -0.126    -0.714
      4.609    -0.123    -0.714
      4.602    -0.120    -0.714
      4.595    -0.116    -0.714
      4.588    -0.113    -0.715
      4.581    -0.110    -0.715
      4.574    -0.106    -0.715
      4.566    -0.103    -0.715
      4.559    -0.100    -0.715
      4.552    -0.096    -0.716
      4.545    -0.093    -0.716
      4.538    -0.090    -0.716
      4.531    -0.086    -0.716
      4.523    -0.083    -0.716
      4.516    -0.080    -0.717
      4.509    -0.076    -0.717
      4.502    -0.073    -0.717
      4.495    -0.070    -0.717
      4.487    -0.066    -0.717
      4.480    -0.063    -0.718
      4.473    -0.060    -0.718
      4.466    -0.057    -0.718
      4.460    -0.054    -0.718
      4.453    -0.051    -0.718
      4.447    -0.048    -0.718
      4.440    -0.045    -0.719
      4.433    -0.041    -0.719
      4.426    -0.038    -0.719
      4.419    -0.035    -0.719
      4.412    -0.032    -0.719
      4.404    -0.028    -0.720
      4.397    -0.025    -0.720
      4.390    -0.022    -0.720
      4.383    -0.019    -0.720
      4.376    -0.016    -0.720
      4.370    -0.013    -0.720
      4.363    -0.010    -0.720
      4.356    -0.007    -0.721
      4.350    -0.004    -0.721
      4.343    -0.001    -0.721
      4.336     0.002    -0.721
      4.330     0.005    -0.721
      4.323     0.008    -0.721
      4.316     0.011    -0.721
      4.310     0.014    -0.722
      4.303     0.017    -0.722
      4.297     0.020    -0.722
      4.291     0.023    -0.722
      4.284     0.025    -0.722
      4.278     0.028    -0.722
      4.272     0.031    -0.722
      4.264     0.034    -0.722
      4.257     0.037    -0.723
      4.250     0.040    -0.723
      4.243     0.044    -0.723
      4.235     0.047    -0.723
      4.228     0.050    -0.723
      4.221     0.053    -0.723
      4.214     0.056    -0.723
      4.207     0.059    -0.723
      4.201     0.062    -0.724
      4.194     0.064    -0.724
      4.187     0.067    -0.724
      4.181     0.070    -0.724
      4.174     0.073    -0.724
      4.167     0.076    -0.724
      4.161     0.079    -0.724
      4.154     0.082    -0.724
      4.147     0.084    -0.724
      4.141     0.087    -0.725
      4.134     0.090    -0.725
      4.128     0.092    -0.725
      4.122     0.095    -0.725
      4.115     0.098    -0.725
      4.109     0.100    -0.725
      4.102     0.103    -0.725
      4.096     0.106    -0.725
      4.089     0.109    -0.725
      4.082     0.111    -0.725
      4.075     0.114    -0.725
      4.069     0.117    -0.726
      4.062     0.120    -0.726
      4.056     0.122    -0.726
      4.050     0.125    -0.726
      4.043     0.127    -0.726
      4.037     0.130    -0.726
      4.030     0.133    -0.726
      4.023     0.135    -0.726
      4.016     0.138    -0.726
      4.008     0.141    -0.726
      4.001     0.144    -0.726
      3.994     0.147    -0.726
      3.987     0.150    -0.727
      3.980     0.152    -0.727
      3.973     0.155    -0.727
      3.967     0.158    -0.727
      3.960     0.160    -0.727
      3.953     0.163    -0.727
      3.946     0.165    -0.727
      3.940     0.168    -0.727
      3.933     0.171    -0.727
      3.926     0.173    -0.727
      3.918     0.176    -0.727
      3.911     0.179    -0.727
      3.903     0.182    -0.727
      3.896     0.184    -0.728
      3.889     0.187    -0.728
      3.881     0.190    -0.728
      3.874     0.193    -0.728
      3.866     0.196    -0.728
      3.859     0.198    -0.728
      3.852     0.201    -0.728
      3.844     0.204    -0.728
      3.837     0.206    -0.728
      3.830     0.209    -0.728
      3.822     0.212    -0.728
      3.815     0.214    -0.728
      3.807     0.217    -0.728
      3.800     0.219    -0.728
      3.792     0.222    -0.728
      3.785     0.225    -0.728
      3.778     0.227    -0.729
      3.770     0.230    -0.729
      3.763     0.232    -0.729
      3.755     0.235    -0.729
      3.748     0.237    -0.729
      3.740     0.240    -0.729
      3.733     0.243    -0.729
      3.725     0.245    -0.729
      3.718     0.248    -0.729
      3.710     0.250    -0.729
      3.703     0.253    -0.729
      3.695     0.255    -0.729
      3.688     0.257    -0.729
      3.680     0.260    -0.729
      3.673     0.262    -0.729
      3.665     0.265    -0.729
      3.658     0.267    -0.729
      3.650     0.269    -0.729
      3.643     0.272    -0.729
      3.635     0.274    -0.729
      3.628     0.277    -0.730
      3.620     0.279    -0.730
      3.613     0.281    -0.730
      3.605     0.283    -0.730
      3.598     0.286    -0.730
      3.590     0.288    -0.730
      3.582     0.290    -0.730
      3.575     0.293    -0.730
      3.567     0.295    -0.730
      3.560     0.297    -0.730
      3.552     0.299    -0.730
      3.544     0.301    -0.730
      3.537     0.304    -0.730
      3.530     0.306    -0.730
      3.523     0.308    -0.730
      3.516     0.310    -0.730
      3.509     0.312    -0.730
      3.502     0.314    -0.730
      3.495     0.315    -0.730
      3.487     0.318    -0.730
      3.479     0.320    -0.730
      3.472     0.322    -0.730
      3.464     0.324    -0.730
      3.456     0.326    -0.730
      3.449     0.328    -0.730
      3.441     0.330    -0.730
      3.434     0.332    -0.730
      3.426     0.333    -0.730
      3.419     0.335    -0.730
      3.411     0.337    -0.730
      3.403     0.339    -0.730
      3.396     0.341    -0.731
      3.388     0.343    -0.731
      3.380     0.345    -0.731
      3.372     0.347    -0.731
      3.365     0.349    -0.731
      3.357     0.350    -0.731
      3.349     0.352    -0.731
      3.342     0.354    -0.731
      3.334     0.356    -0.731
      3.326     0.357    -0.731
      3.318     0.359    -0.731
      3.311     0.361    -0.731
      3.304     0.362    -0.731
      3.297     0.364    -0.731
      3.290     0.365    -0.731
      3.283     0.367    -0.731
      3.276     0.368    -0.731
      3.268     0.370    -0.731
      3.260     0.371    -0.731
      3.252     0.373    -0.731
      3.245     0.374    -0.731
      3.237     0.376    -0.731
      3.229     0.378    -0.731
      3.221     0.379    -0.731
      3.214     0.380    -0.731
      3.207     0.382    -0.731
      3.200     0.383    -0.731
      3.193     0.384    -0.731
      3.185     0.386    -0.731
      3.178     0.387    -0.731
      3.171     0.388    -0.731
      3.164     0.389    -0.731
      3.157     0.391    -0.731
      3.150     0.392    -0.731
      3.142     0.393    -0.731
      3.135     0.394    -0.731
      3.128     0.395    -0.731
      3.122     0.396    -0.731
      3.115     0.397    -0.731
      3.108     0.398    -0.731
      3.101     0.399    -0.731
      3.094     0.401    -0.731
      3.086     0.402    -0.731
      3.078     0.403    -0.731
      3.070     0.404    -0.731
      3.062     0.405    -0.731
      3.054     0.406    -0.731
      3.047     0.407    -0.731
      3.039     0.408    -0.731
      3.031     0.409    -0.731
      3.023     0.410    -0.731
      3.016     0.411    -0.731
      3.008     0.412    -0.731
      3.000     0.413    -0.731
      2.992     0.414    -0.731
      2.984     0.415    -0.731
      2.976     0.415    -0.731
      2.968     0.416    -0.731
      2.960     0.417    -0.731
      2.953     0.418    -0.731
      2.945     0.419    -0.731
      2.937     0.419    -0.731
      2.929     0.420    -0.731
      2.921     0.421    -0.731
      2.914     0.422    -0.731
      2.906     0.422    -0.731
      2.899     0.423    -0.731
      2.892     0.423    -0.731
      2.885     0.424    -0.731
      2.877     0.424    -0.731
      2.870     0.425    -0.731
      2.862     0.425    -0.731
      2.854     0.426    -0.731
      2.846     0.426    -0.731
      2.838     0.427    -0.731
      2.830     0.427    -0.731
      2.822     0.428    -0.731
      2.815     0.428    -0.731
      2.807     0.429    -0.731
      2.800     0.429    -0.731
      2.793     0.429    -0.731
      2.786     0.429    -0.731
      2.778     0.430    -0.731
      2.771     0.430    -0.731
      2.764     0.430    -0.731
      2.757     0.430    -0.731
      2.749     0.431    -0.731
      2.742     0.431    -0.731
      2.735     0.431    -0.731
      2.728     0.431    -0.731
      2.721     0.431    -0.731
      2.714     0.431    -0.731
      2.707     0.431    -0.731
      2.701     0.431    -0.731
      2.693     0.432    -0.731
      2.685     0.432    -0.731
      2.677     0.432    -0.731
      2.669     0.432    -0.731
      2.661     0.431    -0.731
      2.653     0.431    -0.731
      2.645     0.431    -0.731
      2.638     0.431    -0.731
      2.630     0.431    -0.731
      2.623     0.431    -0.731
      2.616     0.431    -0.731
      2.609     0.431    -0.731
      2.601     0.430    -0.731
      2.594     0.430    -0.731
      2.587     0.430    -0.731
      2.580     0.430    -0.731
      2.572     0.429    -0.731
      2.565     0.429    -0.731
      2.558     0.429    -0.731
      2.551     0.429    -0.731
      2.544     0.428    -0.731
      2.537     0.428    -0.731
      2.530     0.427    -0.731
      2.524     0.427    -0.731
      2.516     0.427    -0.731
      2.509     0.426    -0.731
      2.502     0.426    -0.731
      2.495     0.425    -0.731
      2.487     0.425    -0.731
      2.480     0.424    -0.731
      2.473     0.424    -0.731
      2.466     0.423    -0.731
      2.459     0.423    -0.731
      2.453     0.422    -0.731
      2.446     0.421    -0.731
      2.438     0.421    -0.731
      2.431     0.420    -0.731
      2.423     0.419    -0.731
      2.415     0.419    -0.731
      2.408     0.418    -0.731
      2.400     0.417    -0.731
      2.393     0.416    -0.731
      2.385     0.415    -0.731
      2.377     0.415    -0.731
      2.369     0.414    -0.731
      2.361     0.413    -0.731
      2.353     0.412    -0.731
      2.346     0.411    -0.731
      2.338     0.410    -0.731
      2.330     0.409    -0.731
      2.322     0.408    -0.731
      2.315     0.407    -0.731
      2.307     0.406    -0.731
      2.299     0.405    -0.731
      2.291     0.404    -0.731
      2.283     0.402    -0.731
      2.275     0.401    -0.731
      2.268     0.400    -0.731
      2.260     0.399    -0.731
      2.252     0.398    -0.731
      2.244     0.396    -0.731
      2.236     0.395    -0.731
      2.228     0.394    -0.731
      2.221     0.392    -0.731
      2.213     0.391    -0.731
      2.205     0.390    -0.731
      2.198     0.388    -0.731
      2.191     0.387    -0.731
      2.184     0.386    -0.731
      2.176     0.384    -0.731
      2.169     0.383    -0.731
      2.162     0.382    -0.731
      2.154     0.380    -0.731
      2.147     0.378    -0.731
      2.139     0.377    -0.731
      2.131     0.375    -0.731
      2.123     0.374    -0.731
      2.115     0.372    -0.731
      2.108     0.370    -0.731
      2.101     0.369    -0.731
      2.094     0.367    -0.731
      2.086     0.366    -0.731
      2.079     0.364    -0.731
      2.072     0.363    -0.731
      2.065     0.361    -0.731
      2.058     0.359    -0.731
      2.051     0.358    -0.731
      2.044     0.356    -0.731
      2.037     0.354    -0.731
      2.030     0.352    -0.731
      2.023     0.351    -0.731
      2.016     0.349    -0.731
      2.009     0.347    -0.731
      2.003     0.346    -0.731
      1.996     0.344    -0.731
      1.990     0.342    -0.731
      1.982     0.340    -0.731
      1.974     0.338    -0.731
      1.967     0.336    -0.731
      1.959     0.334    -0.731
      1.951     0.332    -0.731
      1.944     0.330    -0.731
      1.936     0.328    -0.731
      1.929     0.326    -0.731
      1.922     0.324    -0.731
      1.915     0.322    -0.731
      1.908     0.320    -0.731
      1.901     0.318    -0.731
      1.894     0.316    -0.731
      1.887     0.313    -0.731
      1.880     0.311    -0.731
      1.873     0.309    -0.731
      1.866     0.307    -0.731
      1.859     0.305    -0.731
      1.852     0.303    -0.731
      1.846     0.301    -0.731
      1.839     0.299    -0.731
      1.833     0.297    -0.731
      1.826     0.294    -0.731
      1.820     0.292    -0.731
      1.813     0.290    -0.731
      1.806     0.288    -0.731
      1.799     0.285    -0.731
      1.792     0.283    -0.731
      1.785     0.281    -0.731
      1.778     0.278    -0.731
      1.772     0.276    -0.731
      1.765     0.274    -0.731
      1.759     0.272    -0.731
      1.752     0.269    -0.731
      1.746     0.267    -0.731
      1.739     0.265    -0.731
      1.732     0.262    -0.731
      1.724     0.259    -0.731
      1.717     0.257    -0.731
      1.710     0.254    -0.731
      1.703     0.251    -0.731
      1.696     0.249    -0.731
      1.688     0.246    -0.731
      1.681     0.243    -0.731
      1.674     0.240    -0.731
      1.666     0.238    -0.731
      1.659     0.235    -0.731
      1.651     0.232    -0.731
      1.644     0.229    -0.731
      1.637     0.226    -0.731
      1.630     0.223    -0.731
      1.623     0.221    -0.731
      1.616     0.218    -0.731
      1.610     0.215    -0.731
      1.603     0.212    -0.732
      1.596     0.210    -0.732
      1.590     0.207    -0.732
      1.583     0.204    -0.732
      1.576     0.201    -0.732
      1.569     0.198    -0.732
      1.563     0.195    -0.732
      1.556     0.193    -0.732
      1.550     0.190    -0.732
      1.544     0.187    -0.732
      1.537     0.184    -0.732
      1.531     0.182    -0.732
      1.525     0.179    -0.732
      1.518     0.176    -0.732
      1.511     0.173    -0.732
      1.505     0.170    -0.732
      1.498     0.167    -0.732
      1.492     0.164    -0.732
      1.485     0.161    -0.732
      1.479     0.158    -0.732
      1.473     0.155    -0.732
      1.466     0.152    -0.732
      1.460     0.149    -0.732
      1.454     0.146    -0.732
      1.447     0.143    -0.732
      1.440     0.140    -0.732
      1.433     0.136    -0.732
      1.426     0.133    -0.732
      1.419     0.130    -0.732
      1.413     0.126    -0.732
      1.406     0.123    -0.732
      1.399     0.119    -0.732
      1.392     0.116    -0.732
      1.386     0.113    -0.732
      1.379     0.110    -0.732
      1.373     0.106    -0.732
      1.366     0.103    -0.732
      1.360     0.100    -0.732
      1.354     0.097    -0.732
      1.348     0.093    -0.732
      1.342     0.090    -0.732
      1.336     0.087    -0.732
      1.330     0.084    -0.732
      1.323     0.080    -0.732
      1.316     0.077    -0.732
      1.309     0.073    -0.732
      1.303     0.069    -0.732
      1.296     0.066    -0.732
      1.289     0.062    -0.732
      1.282     0.058    -0.732
      1.276     0.055    -0.732
      1.269     0.051    -0.732
      1.262     0.047    -0.732
      1.256     0.043    -0.732
      1.249     0.040    -0.732
      1.242     0.036    -0.732
      1.236     0.032    -0.732
      1.229     0.028    -0.732
      1.223     0.024    -0.732
      1.216     0.020    -0.732
      1.209     0.016    -0.732
      1.202     0.012    -0.732
      1.195     0.008    -0.732
      1.188     0.004    -0.732
      1.181     0.000    -0.732
