Count of Points:874

WCS coordinates of Points:
      7.483    -0.508    -0.803
      7.476    -0.506    -0.804
      7.469    -0.505    -0.805
      7.462    -0.503    -0.806
      7.455    -0.501    -0.807
      7.448    -0.500    -0.808
      7.441    -0.498    -0.809
      7.434    -0.497    -0.810
      7.427    -0.495    -0.811
      7.421    -0.494    -0.812
      7.414    -0.492    -0.813
      7.407    -0.490    -0.814
      7.400    -0.489    -0.815
      7.393    -0.487    -0.816
      7.386    -0.485    -0.817
      7.379    -0.484    -0.818
      7.372    -0.482    -0.819
      7.365    -0.480    -0.820
      7.358    -0.479    -0.821
      7.351    -0.477    -0.822
      7.344    -0.475    -0.823
      7.337    -0.473    -0.824
      7.330    -0.472    -0.825
      7.323    -0.470    -0.826
      7.316    -0.468    -0.827
      7.308    -0.466    -0.829
      7.301    -0.464    -0.830
      7.293    -0.462    -0.831
      7.285    -0.460    -0.832
      7.279    -0.458    -0.833
      7.272    -0.457    -0.835
      7.265    -0.455    -0.836
      7.258    -0.453    -0.837
      7.251    -0.451    -0.838
      7.244    -0.449    -0.839
      7.237    -0.447    -0.840
      7.230    -0.445    -0.842
      7.222    -0.443    -0.843
      7.215    -0.441    -0.844
      7.207    -0.439    -0.846
      7.200    -0.437    -0.847
      7.192    -0.435    -0.848
      7.184    -0.433    -0.849
      7.177    -0.431    -0.851
      7.169    -0.428    -0.852
      7.162    -0.426    -0.854
      7.154    -0.424    -0.855
      7.147    -0.422    -0.856
      7.140    -0.420    -0.858
      7.132    -0.418    -0.859
      7.125    -0.416    -0.860
      7.119    -0.414    -0.862
      7.112    -0.412    -0.863
      7.105    -0.410    -0.864
      7.098    -0.408    -0.865
      7.091    -0.406    -0.867
      7.085    -0.404    -0.868
      7.077    -0.402    -0.869
      7.070    -0.399    -0.871
      7.062    -0.397    -0.872
      7.055    -0.395    -0.874
      7.047    -0.393    -0.875
      7.040    -0.391    -0.877
      7.032    -0.388    -0.878
      7.025    -0.386    -0.880
      7.017    -0.384    -0.881
      7.010    -0.381    -0.883
      7.003    -0.379    -0.884
      6.995    -0.377    -0.886
      6.988    -0.375    -0.887
      6.981    -0.373    -0.889
      6.973    -0.370    -0.890
      6.966    -0.368    -0.892
      6.958    -0.366    -0.894
      6.951    -0.363    -0.895
      6.943    -0.361    -0.897
      6.936    -0.359    -0.898
      6.929    -0.356    -0.900
      6.922    -0.354    -0.902
      6.914    -0.352    -0.903
      6.907    -0.350    -0.905
      6.899    -0.347    -0.906
      6.892    -0.345    -0.908
      6.885    -0.343    -0.910
      6.877    -0.340    -0.911
      6.870    -0.338    -0.913
      6.862    -0.335    -0.915
      6.856    -0.333    -0.916
      6.849    -0.331    -0.918
      6.842    -0.329    -0.919
      6.835    -0.327    -0.921
      6.829    -0.325    -0.922
      6.822    -0.323    -0.924
      6.815    -0.320    -0.926
      6.808    -0.318    -0.927
      6.801    -0.316    -0.929
      6.793    -0.313    -0.931
      6.786    -0.311    -0.933
      6.778    -0.309    -0.934
      6.771    -0.306    -0.936
      6.764    -0.304    -0.938
      6.756    -0.302    -0.940
      6.749    -0.299    -0.941
      6.742    -0.297    -0.943
      6.734    -0.294    -0.945
      6.727    -0.292    -0.947
      6.720    -0.290    -0.949
      6.713    -0.287    -0.950
      6.705    -0.285    -0.952
      6.698    -0.283    -0.954
      6.691    -0.280    -0.956
      6.683    -0.278    -0.958
      6.676    -0.276    -0.960
      6.669    -0.273    -0.961
      6.662    -0.271    -0.963
      6.654    -0.269    -0.965
      6.647    -0.266    -0.967
      6.640    -0.264    -0.969
      6.632    -0.262    -0.971
      6.625    -0.259    -0.973
      6.618    -0.257    -0.975
      6.610    -0.254    -0.976
      6.603    -0.252    -0.978
      6.596    -0.250    -0.980
      6.588    -0.247    -0.982
      6.581    -0.245    -0.984
      6.574    -0.243    -0.986
      6.566    -0.240    -0.988
      6.559    -0.238    -0.990
      6.552    -0.236    -0.992
      6.545    -0.233    -0.994
      6.537    -0.231    -0.996
      6.530    -0.229    -0.998
      6.523    -0.226    -1.000
      6.516    -0.224    -1.002
      6.508    -0.222    -1.004
      6.501    -0.219    -1.006
      6.494    -0.217    -1.008
      6.486    -0.215    -1.010
      6.479    -0.212    -1.012
      6.472    -0.210    -1.014
      6.464    -0.208    -1.016
      6.457    -0.205    -1.018
      6.449    -0.203    -1.020
      6.442    -0.201    -1.022
      6.435    -0.198    -1.024
      6.427    -0.196    -1.026
      6.421    -0.194    -1.028
      6.414    -0.192    -1.030
      6.407    -0.190    -1.031
      6.401    -0.188    -1.033
      6.394    -0.186    -1.035
      6.387    -0.183    -1.037
      6.380    -0.181    -1.039
      6.374    -0.179    -1.041
      6.367    -0.177    -1.043
      6.360    -0.175    -1.044
      6.354    -0.173    -1.046
      6.347    -0.171    -1.048
      6.340    -0.169    -1.050
      6.333    -0.167    -1.052
      6.326    -0.164    -1.054
      6.319    -0.162    -1.056
      6.311    -0.160    -1.058
      6.304    -0.158    -1.060
      6.297    -0.155    -1.063
      6.289    -0.153    -1.065
      6.282    -0.151    -1.067
      6.275    -0.149    -1.069
      6.267    -0.147    -1.071
      6.260    -0.144    -1.073
      6.253    -0.142    -1.075
      6.246    -0.140    -1.077
      6.238    -0.138    -1.079
      6.231    -0.136    -1.081
      6.224    -0.133    -1.083
      6.216    -0.131    -1.085
      6.209    -0.129    -1.087
      6.202    -0.127    -1.090
      6.195    -0.125    -1.092
      6.187    -0.123    -1.094
      6.180    -0.120    -1.096
      6.173    -0.118    -1.098
      6.166    -0.116    -1.100
      6.158    -0.114    -1.102
      6.151    -0.112    -1.104
      6.143    -0.110    -1.106
      6.136    -0.107    -1.108
      6.129    -0.105    -1.110
      6.121    -0.103    -1.112
      6.114    -0.101    -1.115
      6.107    -0.099    -1.117
      6.099    -0.097    -1.119
      6.092    -0.095    -1.121
      6.085    -0.092    -1.123
      6.077    -0.090    -1.125
      6.070    -0.088    -1.127
      6.063    -0.086    -1.129
      6.056    -0.084    -1.131
      6.048    -0.082    -1.133
      6.041    -0.080    -1.135
      6.034    -0.078    -1.138
      6.026    -0.076    -1.140
      6.019    -0.074    -1.142
      6.011    -0.071    -1.144
      6.004    -0.069    -1.146
      5.997    -0.067    -1.148
      5.989    -0.065    -1.150
      5.982    -0.063    -1.152
      5.974    -0.061    -1.154
      5.967    -0.059    -1.156
      5.960    -0.057    -1.158
      5.952    -0.055    -1.160
      5.945    -0.053    -1.162
      5.939    -0.051    -1.164
      5.932    -0.049    -1.166
      5.925    -0.047    -1.168
      5.918    -0.045    -1.170
      5.912    -0.043    -1.172
      5.904    -0.041    -1.174
      5.897    -0.039    -1.176
      5.889    -0.037    -1.178
      5.882    -0.035    -1.180
      5.875    -0.033    -1.182
      5.867    -0.031    -1.184
      5.860    -0.029    -1.186
      5.853    -0.027    -1.188
      5.846    -0.025    -1.190
      5.838    -0.023    -1.192
      5.831    -0.021    -1.194
      5.823    -0.019    -1.196
      5.816    -0.017    -1.198
      5.808    -0.015    -1.200
      5.801    -0.013    -1.202
      5.794    -0.011    -1.204
      5.786    -0.009    -1.206
      5.779    -0.007    -1.208
      5.771    -0.005    -1.211
      5.764    -0.003    -1.213
      5.756    -0.001    -1.215
      5.749     0.001    -1.217
      5.741     0.003    -1.219
      5.735     0.005    -1.220
      5.728     0.006    -1.222
      5.721     0.008    -1.224
      5.714     0.010    -1.226
      5.707     0.012    -1.228
      5.701     0.014    -1.229
      5.693     0.016    -1.231
      5.686     0.018    -1.233
      5.678     0.019    -1.235
      5.671     0.021    -1.237
      5.663     0.023    -1.239
      5.656     0.025    -1.241
      5.648     0.027    -1.243
      5.641     0.029    -1.245
      5.635     0.031    -1.247
      5.628     0.033    -1.249
      5.621     0.034    -1.250
      5.614     0.036    -1.252
      5.607     0.038    -1.254
      5.600     0.040    -1.256
      5.594     0.042    -1.257
      5.587     0.043    -1.259
      5.580     0.045    -1.261
      5.573     0.047    -1.263
      5.566     0.049    -1.264
      5.560     0.050    -1.266
      5.553     0.052    -1.268
      5.547     0.054    -1.269
      5.540     0.055    -1.271
      5.534     0.057    -1.272
      5.527     0.059    -1.274
      5.520     0.060    -1.276
      5.513     0.062    -1.278
      5.507     0.064    -1.279
      5.500     0.066    -1.281
      5.493     0.067    -1.283
      5.486     0.069    -1.284
      5.479     0.071    -1.286
      5.471     0.073    -1.288
      5.464     0.075    -1.290
      5.456     0.077    -1.292
      5.449     0.078    -1.293
      5.441     0.080    -1.295
      5.434     0.082    -1.297
      5.426     0.084    -1.299
      5.419     0.086    -1.300
      5.411     0.088    -1.302
      5.404     0.090    -1.304
      5.396     0.092    -1.306
      5.389     0.093    -1.307
      5.382     0.095    -1.309
      5.374     0.097    -1.311
      5.367     0.099    -1.313
      5.359     0.101    -1.314
      5.352     0.103    -1.316
      5.344     0.105    -1.318
      5.337     0.106    -1.319
      5.329     0.108    -1.321
      5.322     0.110    -1.323
      5.314     0.112    -1.324
      5.307     0.114    -1.326
      5.299     0.116    -1.328
      5.292     0.118    -1.330
      5.284     0.119    -1.331
      5.277     0.121    -1.333
      5.269     0.123    -1.335
      5.262     0.125    -1.336
      5.254     0.127    -1.338
      5.246     0.129    -1.339
      5.239     0.130    -1.341
      5.231     0.132    -1.343
      5.224     0.134    -1.344
      5.216     0.136    -1.346
      5.209     0.138    -1.347
      5.201     0.140    -1.349
      5.194     0.141    -1.350
      5.186     0.143    -1.352
      5.179     0.145    -1.354
      5.171     0.147    -1.355
      5.164     0.149    -1.357
      5.156     0.151    -1.358
      5.149     0.152    -1.360
      5.141     0.154    -1.361
      5.133     0.156    -1.363
      5.126     0.158    -1.364
      5.118     0.160    -1.366
      5.111     0.162    -1.367
      5.103     0.163    -1.369
      5.095     0.165    -1.370
      5.088     0.167    -1.372
      5.081     0.169    -1.373
      5.074     0.170    -1.374
      5.067     0.172    -1.376
      5.060     0.174    -1.377
      5.053     0.175    -1.378
      5.046     0.177    -1.380
      5.038     0.179    -1.381
      5.031     0.181    -1.382
      5.023     0.182    -1.384
      5.015     0.184    -1.385
      5.008     0.186    -1.386
      5.000     0.188    -1.388
      4.993     0.190    -1.389
      4.985     0.191    -1.390
      4.978     0.193    -1.392
      4.970     0.195    -1.393
      4.963     0.197    -1.394
      4.955     0.199    -1.396
      4.947     0.200    -1.397
      4.940     0.202    -1.398
      4.932     0.204    -1.400
      4.924     0.206    -1.401
      4.917     0.208    -1.402
      4.909     0.209    -1.403
      4.901     0.211    -1.405
      4.894     0.213    -1.406
      4.886     0.215    -1.407
      4.879     0.217    -1.408
      4.871     0.218    -1.410
      4.864     0.220    -1.411
      4.857     0.222    -1.412
      4.850     0.223    -1.413
      4.843     0.225    -1.414
      4.836     0.227    -1.415
      4.829     0.228    -1.416
      4.821     0.230    -1.417
      4.813     0.232    -1.419
      4.806     0.234    -1.420
      4.798     0.236    -1.421
      4.790     0.237    -1.422
      4.783     0.239    -1.423
      4.775     0.241    -1.424
      4.768     0.243    -1.425
      4.761     0.244    -1.426
      4.754     0.246    -1.427
      4.747     0.248    -1.428
      4.740     0.249    -1.429
      4.733     0.251    -1.430
      4.726     0.253    -1.431
      4.719     0.254    -1.432
      4.712     0.256    -1.433
      4.705     0.258    -1.434
      4.698     0.259    -1.435
      4.691     0.261    -1.436
      4.684     0.262    -1.437
      4.677     0.264    -1.438
      4.671     0.266    -1.439
      4.664     0.267    -1.440
      4.658     0.269    -1.441
      4.650     0.270    -1.442
      4.642     0.272    -1.443
      4.635     0.274    -1.444
      4.627     0.276    -1.445
      4.619     0.278    -1.446
      4.612     0.279    -1.446
      4.604     0.281    -1.447
      4.597     0.283    -1.448
      4.589     0.285    -1.449
      4.581     0.287    -1.450
      4.574     0.288    -1.451
      4.566     0.290    -1.452
      4.558     0.292    -1.453
      4.551     0.294    -1.454
      4.543     0.296    -1.455
      4.535     0.297    -1.456
      4.527     0.299    -1.457
      4.520     0.301    -1.457
      4.512     0.303    -1.458
      4.504     0.305    -1.459
      4.497     0.306    -1.460
      4.489     0.308    -1.461
      4.481     0.310    -1.462
      4.474     0.312    -1.463
      4.467     0.313    -1.463
      4.460     0.315    -1.464
      4.453     0.317    -1.465
      4.446     0.318    -1.466
      4.439     0.320    -1.466
      4.431     0.322    -1.467
      4.423     0.324    -1.468
      4.416     0.325    -1.469
      4.408     0.327    -1.470
      4.400     0.329    -1.470
      4.393     0.331    -1.471
      4.385     0.333    -1.472
      4.378     0.334    -1.473
      4.371     0.336    -1.473
      4.364     0.338    -1.474
      4.357     0.339    -1.475
      4.350     0.341    -1.475
      4.342     0.342    -1.476
      4.335     0.344    -1.477
      4.328     0.346    -1.477
      4.321     0.347    -1.478
      4.314     0.349    -1.479
      4.307     0.351    -1.479
      4.300     0.352    -1.480
      4.293     0.354    -1.481
      4.287     0.355    -1.481
      4.280     0.357    -1.482
      4.273     0.359    -1.482
      4.267     0.360    -1.483
      4.259     0.362    -1.484
      4.251     0.364    -1.484
      4.243     0.365    -1.485
      4.236     0.367    -1.486
      4.228     0.369    -1.486
      4.220     0.371    -1.487
      4.213     0.373    -1.488
      4.205     0.374    -1.488
      4.198     0.376    -1.489
      4.191     0.377    -1.489
      4.184     0.379    -1.490
      4.177     0.381    -1.491
      4.170     0.382    -1.491
      4.163     0.384    -1.492
      4.156     0.386    -1.492
      4.149     0.387    -1.493
      4.142     0.389    -1.493
      4.135     0.390    -1.494
      4.128     0.392    -1.494
      4.121     0.394    -1.495
      4.114     0.395    -1.495
      4.107     0.397    -1.496
      4.101     0.398    -1.496
      4.094     0.400    -1.497
      4.087     0.401    -1.497
      4.080     0.403    -1.498
      4.073     0.404    -1.498
      4.066     0.406    -1.499
      4.059     0.408    -1.499
      4.051     0.409    -1.500
      4.045     0.411    -1.500
      4.038     0.412    -1.501
      4.031     0.413    -1.501
      4.025     0.415    -1.502
      4.018     0.416    -1.502
      4.010     0.418    -1.503
      4.003     0.420    -1.503
      3.995     0.421    -1.503
      3.988     0.423    -1.504
      3.980     0.425    -1.504
      3.973     0.426    -1.505
      3.965     0.428    -1.505
      3.958     0.429    -1.506
      3.951     0.431    -1.506
      3.944     0.433    -1.507
      3.937     0.434    -1.507
      3.930     0.436    -1.507
      3.923     0.437    -1.508
      3.916     0.439    -1.508
      3.909     0.440    -1.509
      3.901     0.442    -1.509
      3.893     0.443    -1.510
      3.885     0.445    -1.510
      3.878     0.447    -1.510
      3.870     0.448    -1.511
      3.862     0.450    -1.511
      3.854     0.451    -1.512
      3.847     0.453    -1.512
      3.839     0.455    -1.512
      3.831     0.456    -1.513
      3.823     0.458    -1.513
      3.816     0.459    -1.513
      3.808     0.461    -1.514
      3.800     0.462    -1.514
      3.793     0.464    -1.515
      3.785     0.465    -1.515
      3.777     0.467    -1.515
      3.769     0.468    -1.516
      3.762     0.470    -1.516
      3.754     0.472    -1.516
      3.746     0.473    -1.517
      3.739     0.474    -1.517
      3.731     0.476    -1.517
      3.723     0.477    -1.518
      3.715     0.479    -1.518
      3.708     0.480    -1.518
      3.700     0.482    -1.519
      3.692     0.483    -1.519
      3.684     0.485    -1.519
      3.676     0.486    -1.520
      3.669     0.488    -1.520
      3.661     0.489    -1.520
      3.653     0.491    -1.520
      3.645     0.492    -1.521
      3.637     0.493    -1.521
      3.630     0.495    -1.521
      3.622     0.496    -1.522
      3.614     0.498    -1.522
      3.607     0.499    -1.522
      3.599     0.500    -1.522
      3.591     0.502    -1.523
      3.583     0.503    -1.523
      3.575     0.504    -1.523
      3.567     0.506    -1.523
      3.560     0.507    -1.524
      3.552     0.508    -1.524
      3.544     0.510    -1.524
      3.536     0.511    -1.524
      3.528     0.512    -1.525
      3.520     0.513    -1.525
      3.512     0.515    -1.525
      3.505     0.516    -1.525
      3.497     0.517    -1.526
      3.490     0.518    -1.526
      3.482     0.520    -1.526
      3.475     0.521    -1.526
      3.468     0.522    -1.526
      3.461     0.523    -1.527
      3.454     0.524    -1.527
      3.446     0.525    -1.527
      3.438     0.526    -1.527
      3.430     0.527    -1.527
      3.422     0.529    -1.528
      3.414     0.530    -1.528
      3.407     0.531    -1.528
      3.399     0.532    -1.528
      3.391     0.533    -1.528
      3.383     0.534    -1.529
      3.375     0.535    -1.529
      3.368     0.536    -1.529
      3.360     0.537    -1.529
      3.352     0.538    -1.529
      3.344     0.539    -1.530
      3.336     0.540    -1.530
      3.328     0.541    -1.530
      3.320     0.542    -1.530
      3.312     0.543    -1.530
      3.304     0.544    -1.530
      3.297     0.545    -1.531
      3.289     0.546    -1.531
      3.281     0.547    -1.531
      3.273     0.548    -1.531
      3.266     0.549    -1.531
      3.258     0.550    -1.531
      3.251     0.550    -1.531
      3.244     0.551    -1.532
      3.237     0.552    -1.532
      3.229     0.553    -1.532
      3.221     0.554    -1.532
      3.214     0.554    -1.532
      3.206     0.555    -1.532
      3.198     0.556    -1.532
      3.190     0.557    -1.533
      3.182     0.557    -1.533
      3.174     0.558    -1.533
      3.167     0.559    -1.533
      3.159     0.559    -1.533
      3.152     0.560    -1.533
      3.145     0.561    -1.533
      3.138     0.561    -1.533
      3.130     0.562    -1.534
      3.123     0.562    -1.534
      3.116     0.563    -1.534
      3.109     0.564    -1.534
      3.101     0.564    -1.534
      3.094     0.565    -1.534
      3.087     0.565    -1.534
      3.080     0.566    -1.534
      3.073     0.566    -1.534
      3.066     0.566    -1.534
      3.059     0.567    -1.535
      3.052     0.567    -1.535
      3.044     0.568    -1.535
      3.037     0.568    -1.535
      3.029     0.569    -1.535
      3.021     0.569    -1.535
      3.013     0.570    -1.535
      3.005     0.570    -1.535
      2.997     0.570    -1.535
      2.989     0.571    -1.535
      2.982     0.571    -1.535
      2.974     0.571    -1.536
      2.966     0.572    -1.536
      2.958     0.572    -1.536
      2.950     0.572    -1.536
      2.942     0.572    -1.536
      2.934     0.573    -1.536
      2.926     0.573    -1.536
      2.918     0.573    -1.536
      2.910     0.573    -1.536
      2.902     0.573    -1.536
      2.894     0.573    -1.536
      2.886     0.574    -1.536
      2.878     0.574    -1.537
      2.870     0.574    -1.537
      2.863     0.574    -1.537
      2.856     0.574    -1.537
      2.848     0.574    -1.537
      2.841     0.574    -1.537
      2.834     0.574    -1.537
      2.826     0.574    -1.537
      2.818     0.574    -1.537
      2.811     0.574    -1.537
      2.803     0.574    -1.537
      2.795     0.574    -1.537
      2.787     0.574    -1.537
      2.779     0.573    -1.537
      2.771     0.573    -1.538
      2.763     0.573    -1.538
      2.756     0.573    -1.538
      2.749     0.573    -1.538
      2.742     0.573    -1.538
      2.734     0.572    -1.538
      2.727     0.572    -1.538
      2.720     0.572    -1.538
      2.712     0.572    -1.538
      2.705     0.571    -1.538
      2.698     0.571    -1.538
      2.691     0.571    -1.538
      2.683     0.570    -1.538
      2.676     0.570    -1.538
      2.670     0.570    -1.538
      2.663     0.569    -1.538
      2.656     0.569    -1.539
      2.649     0.569    -1.539
      2.641     0.568    -1.539
      2.633     0.568    -1.539
      2.625     0.567    -1.539
      2.617     0.567    -1.539
      2.609     0.566    -1.539
      2.601     0.565    -1.539
      2.593     0.565    -1.539
      2.586     0.564    -1.539
      2.579     0.564    -1.539
      2.572     0.563    -1.539
      2.564     0.562    -1.539
      2.557     0.562    -1.539
      2.550     0.561    -1.539
      2.543     0.560    -1.540
      2.535     0.560    -1.540
      2.528     0.559    -1.540
      2.521     0.558    -1.540
      2.513     0.557    -1.540
      2.506     0.557    -1.540
      2.499     0.556    -1.540
      2.493     0.555    -1.540
      2.486     0.554    -1.540
      2.479     0.554    -1.540
      2.472     0.553    -1.540
      2.465     0.552    -1.540
      2.458     0.551    -1.540
      2.450     0.550    -1.540
      2.443     0.549    -1.540
      2.436     0.548    -1.540
      2.429     0.547    -1.540
      2.422     0.546    -1.541
      2.415     0.545    -1.541
      2.408     0.544    -1.541
      2.401     0.543    -1.541
      2.395     0.542    -1.541
      2.387     0.541    -1.541
      2.379     0.540    -1.541
      2.372     0.539    -1.541
      2.364     0.538    -1.541
      2.357     0.537    -1.541
      2.349     0.535    -1.541
      2.342     0.534    -1.541
      2.334     0.533    -1.541
      2.326     0.531    -1.541
      2.318     0.530    -1.541
      2.310     0.529    -1.541
      2.303     0.527    -1.542
      2.295     0.526    -1.542
      2.287     0.524    -1.542
      2.280     0.523    -1.542
      2.272     0.521    -1.542
      2.264     0.520    -1.542
      2.256     0.518    -1.542
      2.249     0.517    -1.542
      2.241     0.515    -1.542
      2.233     0.514    -1.542
      2.225     0.512    -1.542
      2.217     0.510    -1.542
      2.210     0.509    -1.542
      2.202     0.507    -1.542
      2.194     0.505    -1.542
      2.186     0.503    -1.542
      2.179     0.502    -1.543
      2.171     0.500    -1.543
      2.163     0.498    -1.543
      2.155     0.496    -1.543
      2.148     0.495    -1.543
      2.141     0.493    -1.543
      2.134     0.491    -1.543
      2.127     0.489    -1.543
      2.120     0.487    -1.543
      2.113     0.486    -1.543
      2.105     0.484    -1.543
      2.098     0.482    -1.543
      2.090     0.480    -1.543
      2.082     0.477    -1.543
      2.074     0.475    -1.543
      2.067     0.473    -1.543
      2.059     0.471    -1.543
      2.052     0.469    -1.543
      2.045     0.467    -1.543
      2.038     0.465    -1.543
      2.031     0.463    -1.543
      2.024     0.461    -1.543
      2.017     0.459    -1.544
      2.010     0.457    -1.544
      2.003     0.455    -1.544
      1.996     0.453    -1.544
      1.989     0.450    -1.544
      1.982     0.448    -1.544
      1.975     0.446    -1.544
      1.969     0.444    -1.544
      1.962     0.442    -1.544
      1.956     0.440    -1.544
      1.949     0.437    -1.544
      1.943     0.435    -1.544
      1.935     0.433    -1.544
      1.928     0.430    -1.544
      1.920     0.428    -1.544
      1.912     0.425    -1.544
      1.905     0.422    -1.544
      1.897     0.420    -1.544
      1.890     0.417    -1.544
      1.883     0.415    -1.544
      1.876     0.412    -1.544
      1.869     0.410    -1.544
      1.863     0.407    -1.544
      1.856     0.405    -1.544
      1.849     0.402    -1.544
      1.842     0.399    -1.544
      1.835     0.397    -1.544
      1.828     0.394    -1.544
      1.822     0.391    -1.545
      1.815     0.389    -1.545
      1.808     0.386    -1.545
      1.802     0.384    -1.545
      1.795     0.381    -1.545
      1.789     0.378    -1.545
      1.783     0.376    -1.545
      1.776     0.373    -1.545
      1.769     0.370    -1.545
      1.763     0.368    -1.545
      1.756     0.365    -1.545
      1.749     0.362    -1.545
      1.743     0.359    -1.545
      1.736     0.356    -1.545
      1.730     0.353    -1.545
      1.723     0.350    -1.545
      1.717     0.348    -1.545
      1.711     0.345    -1.545
      1.705     0.342    -1.545
      1.698     0.339    -1.545
      1.691     0.336    -1.545
      1.684     0.332    -1.545
      1.677     0.329    -1.545
      1.670     0.326    -1.546
      1.663     0.323    -1.546
      1.656     0.319    -1.546
      1.649     0.316    -1.546
      1.642     0.312    -1.546
      1.635     0.309    -1.546
      1.628     0.305    -1.546
      1.620     0.302    -1.546
      1.613     0.298    -1.546
      1.606     0.295    -1.546
      1.599     0.291    -1.546
      1.593     0.288    -1.546
      1.586     0.284    -1.546
      1.580     0.281    -1.546
      1.573     0.277    -1.546
      1.567     0.274    -1.547
      1.560     0.271    -1.547
      1.554     0.267    -1.547
      1.548     0.264    -1.547
      1.541     0.260    -1.547
      1.535     0.257    -1.547
      1.529     0.253    -1.547
      1.522     0.249    -1.547
      1.516     0.246    -1.547
      1.510     0.243    -1.547
      1.504     0.239    -1.547
      1.498     0.236    -1.547
      1.492     0.232    -1.547
      1.486     0.228    -1.547
      1.480     0.225    -1.548
      1.474     0.221    -1.548
      1.467     0.217    -1.548
      1.461     0.213    -1.548
      1.455     0.209    -1.548
      1.449     0.206    -1.548
      1.443     0.202    -1.548
      1.437     0.198    -1.548
      1.432     0.195    -1.548
      1.426     0.191    -1.548
      1.419     0.187    -1.548
      1.413     0.183    -1.548
      1.407     0.178    -1.548
      1.400     0.174    -1.549
      1.394     0.170    -1.549
      1.388     0.166    -1.549
      1.381     0.161    -1.549
      1.375     0.157    -1.549
      1.369     0.153    -1.549
      1.363     0.148    -1.549
      1.357     0.144    -1.549
      1.351     0.140    -1.549
      1.345     0.136    -1.549
      1.339     0.131    -1.549
      1.334     0.127    -1.549
      1.328     0.123    -1.549
      1.323     0.119    -1.549
      1.317     0.115    -1.550
      1.312     0.111    -1.550
      1.306     0.106    -1.550
      1.300     0.102    -1.550
      1.294     0.097    -1.550
      1.288     0.092    -1.550
      1.282     0.087    -1.550
      1.276     0.082    -1.550
      1.270     0.078    -1.550
      1.264     0.073    -1.550
      1.258     0.068    -1.550
      1.252     0.063    -1.550
      1.246     0.058    -1.550
      1.240     0.053    -1.550
      1.234     0.048    -1.550
      1.228     0.043    -1.550
      1.223     0.038    -1.550
      1.217     0.033    -1.550
      1.211     0.028    -1.551
      1.205     0.022    -1.551
      1.199     0.017    -1.551
      1.193     0.011    -1.551
      1.187     0.006    -1.551
      1.181     0.000    -1.551
