Count of Points:377

WCS coordinates of Points:
      2.081     0.756    -2.280
      2.089     0.759    -2.279
      2.096     0.762    -2.279
      2.104     0.764    -2.279
      2.112     0.767    -2.278
      2.119     0.769    -2.278
      2.127     0.772    -2.278
      2.134     0.774    -2.277
      2.141     0.777    -2.277
      2.149     0.779    -2.277
      2.156     0.781    -2.276
      2.163     0.784    -2.276
      2.170     0.786    -2.276
      2.178     0.788    -2.276
      2.185     0.790    -2.275
      2.192     0.793    -2.275
      2.199     0.795    -2.275
      2.207     0.797    -2.274
      2.214     0.799    -2.274
      2.221     0.801    -2.274
      2.228     0.803    -2.273
      2.235     0.805    -2.273
      2.243     0.807    -2.273
      2.250     0.809    -2.273
      2.257     0.811    -2.272
      2.265     0.813    -2.272
      2.272     0.815    -2.272
      2.279     0.817    -2.271
      2.286     0.819    -2.271
      2.294     0.821    -2.271
      2.301     0.823    -2.270
      2.308     0.824    -2.270
      2.316     0.826    -2.270
      2.323     0.828    -2.270
      2.331     0.830    -2.269
      2.338     0.832    -2.269
      2.345     0.833    -2.269
      2.353     0.835    -2.268
      2.360     0.837    -2.268
      2.368     0.838    -2.268
      2.375     0.840    -2.267
      2.382     0.842    -2.267
      2.390     0.843    -2.267
      2.397     0.845    -2.267
      2.404     0.847    -2.266
      2.412     0.848    -2.266
      2.419     0.850    -2.266
      2.427     0.851    -2.265
      2.434     0.853    -2.265
      2.441     0.854    -2.265
      2.449     0.856    -2.264
      2.456     0.857    -2.264
      2.464     0.859    -2.264
      2.471     0.860    -2.263
      2.479     0.861    -2.263
      2.486     0.863    -2.263
      2.494     0.864    -2.262
      2.501     0.865    -2.262
      2.509     0.867    -2.262
      2.516     0.868    -2.262
      2.523     0.869    -2.261
      2.530     0.870    -2.261
      2.537     0.872    -2.261
      2.544     0.873    -2.260
      2.551     0.874    -2.260
      2.558     0.875    -2.260
      2.565     0.876    -2.259
      2.573     0.877    -2.259
      2.580     0.879    -2.259
      2.588     0.880    -2.259
      2.595     0.881    -2.258
      2.603     0.882    -2.258
      2.610     0.883    -2.258
      2.617     0.884    -2.257
      2.625     0.885    -2.257
      2.632     0.886    -2.257
      2.640     0.887    -2.256
      2.647     0.888    -2.256
      2.655     0.889    -2.256
      2.662     0.890    -2.255
      2.670     0.891    -2.255
      2.678     0.892    -2.255
      2.685     0.893    -2.254
      2.693     0.894    -2.254
      2.700     0.895    -2.254
      2.708     0.896    -2.253
      2.715     0.897    -2.253
      2.723     0.898    -2.253
      2.731     0.899    -2.252
      2.737     0.899    -2.252
      2.744     0.900    -2.252
      2.751     0.901    -2.251
      2.758     0.902    -2.251
      2.765     0.902    -2.251
      2.772     0.903    -2.250
      2.780     0.904    -2.250
      2.787     0.904    -2.249
      2.795     0.905    -2.249
      2.802     0.906    -2.249
      2.810     0.907    -2.248
      2.818     0.907    -2.248
      2.825     0.908    -2.248
      2.832     0.909    -2.247
      2.839     0.909    -2.247
      2.846     0.910    -2.247
      2.853     0.910    -2.246
      2.860     0.911    -2.246
      2.867     0.911    -2.245
      2.874     0.912    -2.245
      2.881     0.913    -2.245
      2.888     0.913    -2.244
      2.895     0.914    -2.244
      2.902     0.914    -2.244
      2.909     0.914    -2.243
      2.917     0.915    -2.243
      2.925     0.916    -2.242
      2.933     0.916    -2.242
      2.941     0.917    -2.241
      2.949     0.917    -2.241
      2.957     0.918    -2.241
      2.964     0.918    -2.240
      2.972     0.918    -2.240
      2.979     0.919    -2.239
      2.987     0.919    -2.239
      2.994     0.920    -2.238
      3.002     0.920    -2.238
      3.009     0.920    -2.237
      3.017     0.921    -2.237
      3.024     0.921    -2.237
      3.032     0.921    -2.236
      3.040     0.922    -2.236
      3.047     0.922    -2.235
      3.055     0.922    -2.235
      3.062     0.922    -2.234
      3.070     0.923    -2.234
      3.078     0.923    -2.233
      3.085     0.923    -2.233
      3.093     0.924    -2.232
      3.100     0.924    -2.232
      3.108     0.924    -2.231
      3.116     0.924    -2.231
      3.123     0.924    -2.230
      3.129     0.925    -2.230
      3.136     0.925    -2.229
      3.143     0.925    -2.229
      3.150     0.925    -2.228
      3.157     0.925    -2.228
      3.165     0.925    -2.227
      3.173     0.925    -2.227
      3.180     0.926    -2.226
      3.188     0.926    -2.226
      3.195     0.926    -2.225
      3.203     0.926    -2.225
      3.211     0.926    -2.224
      3.218     0.926    -2.224
      3.225     0.926    -2.223
      3.231     0.926    -2.223
      3.238     0.926    -2.222
      3.245     0.926    -2.221
      3.252     0.926    -2.221
      3.259     0.926    -2.220
      3.266     0.926    -2.220
      3.273     0.926    -2.219
      3.280     0.926    -2.219
      3.287     0.926    -2.218
      3.294     0.926    -2.218
      3.302     0.926    -2.217
      3.311     0.926    -2.216
      3.319     0.926    -2.216
      3.327     0.926    -2.215
      3.335     0.926    -2.214
      3.342     0.926    -2.214
      3.350     0.926    -2.213
      3.357     0.926    -2.213
      3.365     0.926    -2.212
      3.373     0.926    -2.211
      3.380     0.926    -2.211
      3.387     0.926    -2.210
      3.394     0.925    -2.209
      3.401     0.925    -2.209
      3.408     0.925    -2.208
      3.415     0.925    -2.208
      3.422     0.925    -2.207
      3.429     0.925    -2.206
      3.436     0.925    -2.206
      3.443     0.925    -2.205
      3.450     0.924    -2.204
      3.457     0.924    -2.204
      3.464     0.924    -2.203
      3.472     0.924    -2.202
      3.480     0.924    -2.202
      3.488     0.923    -2.201
      3.496     0.923    -2.200
      3.503     0.923    -2.199
      3.510     0.923    -2.199
      3.517     0.923    -2.198
      3.524     0.922    -2.197
      3.531     0.922    -2.196
      3.538     0.922    -2.196
      3.546     0.922    -2.195
      3.554     0.922    -2.194
      3.563     0.921    -2.193
      3.571     0.921    -2.192
      3.578     0.921    -2.192
      3.585     0.920    -2.191
      3.593     0.920    -2.190
      3.600     0.920    -2.189
      3.607     0.920    -2.188
      3.615     0.919    -2.188
      3.622     0.919    -2.187
      3.629     0.919    -2.186
      3.637     0.919    -2.185
      3.644     0.918    -2.184
      3.652     0.918    -2.184
      3.659     0.918    -2.183
      3.667     0.917    -2.182
      3.674     0.917    -2.181
      3.682     0.917    -2.180
      3.689     0.916    -2.179
      3.697     0.916    -2.178
      3.704     0.916    -2.177
      3.712     0.915    -2.176
      3.719     0.915    -2.176
      3.727     0.915    -2.175
      3.734     0.914    -2.174
      3.742     0.914    -2.173
      3.750     0.913    -2.172
      3.757     0.913    -2.171
      3.765     0.913    -2.170
      3.772     0.912    -2.169
      3.780     0.912    -2.168
      3.787     0.912    -2.167
      3.795     0.911    -2.166
      3.802     0.911    -2.165
      3.809     0.910    -2.164
      3.816     0.910    -2.163
      3.823     0.910    -2.162
      3.830     0.909    -2.161
      3.837     0.909    -2.160
      3.844     0.908    -2.159
      3.851     0.908    -2.158
      3.859     0.908    -2.157
      3.867     0.907    -2.156
      3.874     0.907    -2.155
      3.882     0.906    -2.154
      3.889     0.906    -2.153
      3.897     0.905    -2.152
      3.904     0.905    -2.151
      3.910     0.905    -2.150
      3.917     0.904    -2.149
      3.924     0.904    -2.148
      3.931     0.903    -2.147
      3.938     0.903    -2.146
      3.945     0.902    -2.145
      3.952     0.902    -2.144
      3.959     0.902    -2.143
      3.966     0.901    -2.142
      3.973     0.901    -2.141
      3.979     0.900    -2.140
      3.988     0.900    -2.138
      3.996     0.899    -2.137
      4.004     0.899    -2.136
      4.012     0.898    -2.134
      4.019     0.898    -2.133
      4.027     0.897    -2.132
      4.034     0.897    -2.131
      4.042     0.896    -2.130
      4.049     0.896    -2.128
      4.057     0.895    -2.127
      4.064     0.895    -2.126
      4.071     0.894    -2.125
      4.078     0.894    -2.124
      4.085     0.893    -2.122
      4.092     0.893    -2.121
      4.099     0.892    -2.120
      4.106     0.892    -2.119
      4.113     0.891    -2.118
      4.119     0.891    -2.116
      4.126     0.890    -2.115
      4.133     0.890    -2.114
      4.140     0.889    -2.113
      4.147     0.889    -2.112
      4.155     0.888    -2.110
      4.163     0.888    -2.109
      4.171     0.887    -2.107
      4.179     0.887    -2.106
      4.186     0.886    -2.104
      4.193     0.886    -2.103
      4.200     0.885    -2.102
      4.207     0.885    -2.101
      4.213     0.884    -2.099
      4.220     0.884    -2.098
      4.228     0.883    -2.096
      4.236     0.882    -2.095
      4.244     0.882    -2.093
      4.252     0.881    -2.092
      4.260     0.881    -2.090
      4.267     0.880    -2.089
      4.274     0.880    -2.087
      4.281     0.879    -2.086
      4.288     0.879    -2.085
      4.296     0.878    -2.083
      4.303     0.877    -2.082
      4.310     0.877    -2.080
      4.317     0.876    -2.079
      4.325     0.876    -2.077
      4.332     0.875    -2.076
      4.340     0.875    -2.074
      4.347     0.874    -2.072
      4.355     0.873    -2.071
      4.362     0.873    -2.069
      4.369     0.872    -2.068
      4.376     0.872    -2.066
      4.382     0.871    -2.065
      4.389     0.871    -2.063
      4.396     0.870    -2.062
      4.403     0.869    -2.060
      4.410     0.869    -2.059
      4.417     0.868    -2.057
      4.423     0.868    -2.056
      4.430     0.867    -2.054
      4.437     0.867    -2.053
      4.444     0.866    -2.051
      4.452     0.865    -2.050
      4.460     0.865    -2.048
      4.468     0.864    -2.046
      4.476     0.863    -2.044
      4.482     0.863    -2.043
      4.489     0.862    -2.041
      4.496     0.862    -2.039
      4.503     0.861    -2.038
      4.510     0.861    -2.036
      4.516     0.860    -2.035
      4.524     0.859    -2.033
      4.532     0.859    -2.031
      4.540     0.858    -2.029
      4.548     0.857    -2.027
      4.555     0.857    -2.025
      4.563     0.856    -2.024
      4.570     0.855    -2.022
      4.577     0.855    -2.020
      4.584     0.854    -2.018
      4.591     0.853    -2.017
      4.598     0.853    -2.015
      4.605     0.852    -2.013
      4.612     0.852    -2.011
      4.619     0.851    -2.010
      4.626     0.850    -2.008
      4.632     0.850    -2.006
      4.639     0.849    -2.005
      4.646     0.849    -2.003
      4.654     0.848    -2.001
      4.662     0.847    -1.999
      4.670     0.846    -1.997
      4.678     0.846    -1.995
      4.685     0.845    -1.993
      4.692     0.844    -1.991
      4.699     0.844    -1.989
      4.706     0.843    -1.987
      4.713     0.843    -1.985
      4.720     0.842    -1.984
      4.727     0.841    -1.982
      4.734     0.841    -1.980
      4.741     0.840    -1.978
      4.748     0.839    -1.976
      4.755     0.839    -1.974
      4.762     0.838    -1.972
      4.770     0.837    -1.970
      4.777     0.837    -1.968
      4.784     0.836    -1.966
      4.791     0.835    -1.964
      4.798     0.835    -1.962
      4.805     0.834    -1.960
      4.813     0.833    -1.958
      4.820     0.832    -1.956
      4.828     0.832    -1.954
      4.835     0.831    -1.952
