Count of Points:17

WCS coordinates of Points:
      7.448     0.879    -1.250
      7.441     0.881    -1.252
      7.433     0.883    -1.254
      7.425     0.885    -1.256
      7.417     0.888    -1.258
      7.410     0.890    -1.259
      7.402     0.892    -1.261
      7.395     0.894    -1.263
      7.387     0.897    -1.265
      7.380     0.899    -1.267
      7.372     0.901    -1.269
      7.364     0.904    -1.271
      7.356     0.906    -1.273
      7.349     0.908    -1.275
      7.341     0.910    -1.277
      7.333     0.913    -1.279
      7.326     0.915    -1.281
