Count of Points:874

WCS coordinates of Points:
      1.181     0.000    -0.291
      1.187     0.003    -0.291
      1.194     0.007    -0.291
      1.200     0.010    -0.291
      1.207     0.014    -0.291
      1.213     0.017    -0.291
      1.219     0.021    -0.291
      1.226     0.024    -0.291
      1.232     0.027    -0.291
      1.238     0.030    -0.291
      1.245     0.034    -0.291
      1.251     0.037    -0.291
      1.257     0.041    -0.291
      1.264     0.044    -0.291
      1.270     0.047    -0.291
      1.277     0.051    -0.291
      1.283     0.054    -0.291
      1.290     0.057    -0.291
      1.296     0.060    -0.291
      1.303     0.064    -0.291
      1.309     0.067    -0.291
      1.316     0.070    -0.291
      1.322     0.073    -0.291
      1.329     0.077    -0.291
      1.336     0.080    -0.291
      1.343     0.084    -0.291
      1.350     0.087    -0.291
      1.357     0.091    -0.291
      1.365     0.094    -0.291
      1.371     0.097    -0.291
      1.378     0.100    -0.291
      1.384     0.103    -0.291
      1.391     0.107    -0.291
      1.397     0.110    -0.291
      1.404     0.113    -0.291
      1.410     0.116    -0.291
      1.418     0.119    -0.291
      1.425     0.122    -0.291
      1.432     0.126    -0.291
      1.439     0.129    -0.291
      1.447     0.132    -0.291
      1.454     0.136    -0.291
      1.461     0.139    -0.291
      1.469     0.142    -0.291
      1.476     0.145    -0.291
      1.483     0.149    -0.291
      1.490     0.152    -0.291
      1.498     0.155    -0.291
      1.505     0.158    -0.291
      1.512     0.161    -0.291
      1.519     0.164    -0.291
      1.525     0.167    -0.291
      1.532     0.169    -0.291
      1.539     0.172    -0.291
      1.545     0.175    -0.291
      1.552     0.178    -0.291
      1.559     0.181    -0.291
      1.566     0.184    -0.291
      1.574     0.187    -0.291
      1.581     0.190    -0.291
      1.588     0.193    -0.291
      1.596     0.196    -0.291
      1.603     0.199    -0.291
      1.611     0.201    -0.291
      1.618     0.204    -0.291
      1.626     0.207    -0.291
      1.633     0.210    -0.291
      1.640     0.213    -0.291
      1.648     0.216    -0.291
      1.655     0.219    -0.291
      1.662     0.221    -0.291
      1.670     0.224    -0.291
      1.677     0.227    -0.291
      1.685     0.230    -0.291
      1.692     0.232    -0.291
      1.700     0.235    -0.291
      1.707     0.238    -0.291
      1.715     0.240    -0.291
      1.722     0.243    -0.291
      1.729     0.245    -0.291
      1.737     0.248    -0.291
      1.745     0.251    -0.291
      1.752     0.253    -0.291
      1.760     0.256    -0.291
      1.767     0.258    -0.291
      1.775     0.261    -0.291
      1.782     0.264    -0.291
      1.789     0.266    -0.291
      1.796     0.268    -0.291
      1.803     0.270    -0.291
      1.810     0.272    -0.291
      1.817     0.275    -0.291
      1.824     0.277    -0.291
      1.831     0.279    -0.291
      1.838     0.281    -0.291
      1.846     0.284    -0.291
      1.854     0.286    -0.291
      1.861     0.288    -0.291
      1.869     0.291    -0.291
      1.877     0.293    -0.291
      1.884     0.295    -0.291
      1.892     0.297    -0.291
      1.900     0.300    -0.291
      1.907     0.302    -0.291
      1.915     0.304    -0.291
      1.922     0.306    -0.291
      1.930     0.308    -0.291
      1.937     0.310    -0.291
      1.945     0.312    -0.291
      1.953     0.314    -0.291
      1.961     0.316    -0.291
      1.968     0.318    -0.291
      1.976     0.320    -0.291
      1.984     0.322    -0.291
      1.991     0.324    -0.291
      1.999     0.326    -0.291
      2.006     0.328    -0.291
      2.014     0.330    -0.291
      2.022     0.332    -0.291
      2.030     0.334    -0.291
      2.038     0.336    -0.291
      2.045     0.337    -0.291
      2.053     0.339    -0.291
      2.061     0.341    -0.291
      2.069     0.343    -0.291
      2.077     0.345    -0.291
      2.084     0.346    -0.291
      2.092     0.348    -0.291
      2.100     0.350    -0.291
      2.108     0.351    -0.291
      2.115     0.353    -0.291
      2.123     0.354    -0.291
      2.131     0.356    -0.291
      2.139     0.357    -0.291
      2.146     0.359    -0.291
      2.154     0.360    -0.291
      2.162     0.362    -0.291
      2.170     0.363    -0.291
      2.178     0.365    -0.291
      2.186     0.366    -0.291
      2.194     0.368    -0.291
      2.201     0.369    -0.291
      2.209     0.370    -0.291
      2.217     0.372    -0.291
      2.225     0.373    -0.291
      2.233     0.374    -0.291
      2.241     0.376    -0.291
      2.248     0.377    -0.291
      2.255     0.378    -0.291
      2.263     0.379    -0.291
      2.270     0.380    -0.291
      2.277     0.381    -0.291
      2.284     0.382    -0.291
      2.292     0.383    -0.291
      2.299     0.384    -0.291
      2.306     0.385    -0.291
      2.313     0.386    -0.291
      2.320     0.387    -0.291
      2.328     0.388    -0.291
      2.335     0.389    -0.291
      2.343     0.390    -0.291
      2.351     0.391    -0.291
      2.359     0.392    -0.291
      2.367     0.392    -0.291
      2.374     0.393    -0.291
      2.382     0.394    -0.291
      2.390     0.395    -0.291
      2.398     0.396    -0.291
      2.406     0.396    -0.291
      2.414     0.397    -0.291
      2.422     0.398    -0.291
      2.430     0.399    -0.291
      2.438     0.399    -0.291
      2.445     0.400    -0.291
      2.453     0.400    -0.291
      2.461     0.401    -0.291
      2.469     0.402    -0.291
      2.477     0.402    -0.291
      2.485     0.403    -0.291
      2.493     0.403    -0.291
      2.501     0.404    -0.291
      2.509     0.404    -0.291
      2.517     0.404    -0.291
      2.525     0.405    -0.291
      2.533     0.405    -0.291
      2.541     0.406    -0.291
      2.549     0.406    -0.291
      2.557     0.406    -0.291
      2.565     0.406    -0.291
      2.573     0.407    -0.291
      2.580     0.407    -0.291
      2.588     0.407    -0.291
      2.596     0.407    -0.291
      2.604     0.407    -0.291
      2.612     0.408    -0.291
      2.620     0.408    -0.291
      2.628     0.408    -0.291
      2.636     0.408    -0.291
      2.644     0.408    -0.291
      2.652     0.408    -0.291
      2.660     0.408    -0.291
      2.668     0.408    -0.291
      2.676     0.408    -0.291
      2.684     0.408    -0.291
      2.692     0.407    -0.291
      2.700     0.407    -0.291
      2.708     0.407    -0.291
      2.716     0.407    -0.291
      2.724     0.407    -0.291
      2.732     0.406    -0.291
      2.740     0.406    -0.291
      2.748     0.406    -0.291
      2.756     0.406    -0.291
      2.763     0.405    -0.291
      2.770     0.405    -0.291
      2.778     0.405    -0.291
      2.785     0.404    -0.291
      2.792     0.404    -0.291
      2.800     0.403    -0.291
      2.808     0.403    -0.291
      2.816     0.402    -0.291
      2.824     0.402    -0.291
      2.832     0.401    -0.291
      2.840     0.401    -0.291
      2.847     0.400    -0.291
      2.855     0.399    -0.291
      2.863     0.399    -0.291
      2.871     0.398    -0.291
      2.879     0.397    -0.291
      2.887     0.397    -0.291
      2.895     0.396    -0.291
      2.903     0.395    -0.291
      2.911     0.394    -0.291
      2.919     0.394    -0.291
      2.927     0.393    -0.291
      2.934     0.392    -0.291
      2.942     0.391    -0.291
      2.950     0.390    -0.291
      2.958     0.389    -0.291
      2.966     0.388    -0.291
      2.974     0.387    -0.291
      2.982     0.386    -0.291
      2.989     0.385    -0.291
      2.997     0.384    -0.291
      3.004     0.383    -0.291
      3.011     0.382    -0.291
      3.018     0.381    -0.291
      3.026     0.380    -0.291
      3.034     0.379    -0.291
      3.042     0.378    -0.291
      3.049     0.377    -0.291
      3.057     0.375    -0.291
      3.065     0.374    -0.291
      3.073     0.373    -0.291
      3.081     0.372    -0.291
      3.088     0.370    -0.291
      3.095     0.369    -0.291
      3.103     0.368    -0.291
      3.110     0.367    -0.291
      3.117     0.365    -0.291
      3.124     0.364    -0.291
      3.132     0.363    -0.291
      3.139     0.361    -0.291
      3.146     0.360    -0.291
      3.153     0.359    -0.291
      3.160     0.357    -0.291
      3.168     0.356    -0.291
      3.174     0.354    -0.291
      3.181     0.353    -0.291
      3.188     0.352    -0.291
      3.195     0.350    -0.291
      3.201     0.349    -0.291
      3.209     0.347    -0.291
      3.216     0.346    -0.291
      3.223     0.344    -0.291
      3.230     0.343    -0.291
      3.237     0.341    -0.291
      3.244     0.339    -0.291
      3.251     0.338    -0.291
      3.259     0.336    -0.291
      3.267     0.334    -0.291
      3.274     0.332    -0.291
      3.282     0.330    -0.291
      3.290     0.329    -0.291
      3.298     0.327    -0.291
      3.305     0.325    -0.291
      3.313     0.323    -0.291
      3.321     0.321    -0.291
      3.329     0.319    -0.291
      3.336     0.317    -0.291
      3.344     0.315    -0.291
      3.351     0.313    -0.291
      3.359     0.311    -0.291
      3.367     0.309    -0.291
      3.374     0.307    -0.291
      3.382     0.305    -0.291
      3.390     0.302    -0.291
      3.397     0.300    -0.291
      3.405     0.298    -0.291
      3.412     0.296    -0.291
      3.420     0.294    -0.291
      3.428     0.292    -0.291
      3.435     0.289    -0.291
      3.443     0.287    -0.291
      3.451     0.285    -0.291
      3.458     0.282    -0.291
      3.466     0.280    -0.291
      3.474     0.278    -0.291
      3.481     0.275    -0.291
      3.489     0.273    -0.291
      3.496     0.271    -0.291
      3.504     0.268    -0.291
      3.512     0.266    -0.291
      3.519     0.263    -0.291
      3.527     0.261    -0.291
      3.534     0.258    -0.291
      3.542     0.256    -0.291
      3.549     0.253    -0.291
      3.557     0.251    -0.291
      3.564     0.248    -0.291
      3.572     0.246    -0.291
      3.579     0.243    -0.291
      3.587     0.241    -0.291
      3.594     0.238    -0.291
      3.602     0.235    -0.291
      3.610     0.233    -0.291
      3.617     0.230    -0.291
      3.625     0.227    -0.291
      3.632     0.225    -0.291
      3.640     0.222    -0.291
      3.647     0.219    -0.291
      3.655     0.216    -0.291
      3.662     0.214    -0.291
      3.668     0.211    -0.291
      3.675     0.209    -0.291
      3.682     0.206    -0.291
      3.689     0.203    -0.291
      3.696     0.201    -0.291
      3.703     0.198    -0.291
      3.711     0.195    -0.291
      3.718     0.192    -0.291
      3.726     0.189    -0.291
      3.733     0.186    -0.291
      3.740     0.183    -0.291
      3.748     0.181    -0.291
      3.755     0.178    -0.291
      3.762     0.175    -0.291
      3.770     0.172    -0.291
      3.777     0.169    -0.291
      3.784     0.166    -0.291
      3.792     0.163    -0.291
      3.799     0.160    -0.290
      3.807     0.157    -0.290
      3.814     0.153    -0.290
      3.821     0.150    -0.290
      3.829     0.147    -0.290
      3.836     0.144    -0.290
      3.843     0.141    -0.290
      3.851     0.138    -0.290
      3.858     0.135    -0.290
      3.865     0.131    -0.290
      3.872     0.129    -0.290
      3.879     0.126    -0.290
      3.886     0.123    -0.290
      3.892     0.120    -0.290
      3.899     0.117    -0.290
      3.906     0.114    -0.290
      3.913     0.111    -0.290
      3.920     0.107    -0.290
      3.928     0.104    -0.290
      3.935     0.101    -0.290
      3.942     0.097    -0.290
      3.950     0.094    -0.290
      3.957     0.091    -0.290
      3.963     0.088    -0.290
      3.970     0.085    -0.290
      3.977     0.081    -0.290
      3.983     0.078    -0.290
      3.990     0.075    -0.290
      3.997     0.072    -0.290
      4.003     0.069    -0.290
      4.010     0.066    -0.290
      4.017     0.063    -0.290
      4.023     0.060    -0.290
      4.030     0.056    -0.290
      4.036     0.053    -0.290
      4.043     0.050    -0.290
      4.049     0.047    -0.290
      4.055     0.044    -0.290
      4.061     0.041    -0.290
      4.068     0.038    -0.290
      4.075     0.035    -0.290
      4.082     0.031    -0.290
      4.089     0.028    -0.290
      4.096     0.024    -0.290
      4.103     0.021    -0.290
      4.110     0.017    -0.290
      4.117     0.014    -0.290
      4.124     0.010    -0.290
      4.131     0.006    -0.290
      4.139     0.003    -0.290
      4.146    -0.001    -0.290
      4.153    -0.004    -0.290
      4.160    -0.008    -0.290
      4.167    -0.012    -0.290
      4.174    -0.015    -0.290
      4.181    -0.019    -0.290
      4.188    -0.023    -0.290
      4.195    -0.026    -0.289
      4.203    -0.030    -0.289
      4.210    -0.034    -0.289
      4.217    -0.037    -0.289
      4.224    -0.041    -0.289
      4.231    -0.045    -0.289
      4.237    -0.048    -0.289
      4.244    -0.052    -0.289
      4.250    -0.055    -0.289
      4.257    -0.059    -0.289
      4.263    -0.062    -0.289
      4.270    -0.065    -0.289
      4.277    -0.069    -0.289
      4.284    -0.073    -0.289
      4.291    -0.077    -0.289
      4.298    -0.081    -0.289
      4.305    -0.084    -0.289
      4.312    -0.088    -0.289
      4.319    -0.092    -0.289
      4.326    -0.096    -0.289
      4.332    -0.099    -0.289
      4.338    -0.103    -0.289
      4.345    -0.106    -0.289
      4.351    -0.110    -0.289
      4.358    -0.113    -0.289
      4.364    -0.117    -0.289
      4.370    -0.120    -0.289
      4.377    -0.124    -0.289
      4.383    -0.127    -0.289
      4.390    -0.131    -0.289
      4.396    -0.135    -0.289
      4.402    -0.138    -0.289
      4.408    -0.141    -0.289
      4.414    -0.145    -0.289
      4.420    -0.148    -0.288
      4.426    -0.152    -0.288
      4.433    -0.156    -0.288
      4.440    -0.159    -0.288
      4.447    -0.163    -0.288
      4.454    -0.167    -0.288
      4.461    -0.171    -0.288
      4.468    -0.175    -0.288
      4.475    -0.179    -0.288
      4.481    -0.183    -0.288
      4.488    -0.187    -0.288
      4.494    -0.190    -0.288
      4.500    -0.194    -0.288
      4.507    -0.198    -0.288
      4.513    -0.201    -0.288
      4.519    -0.205    -0.288
      4.526    -0.209    -0.288
      4.532    -0.212    -0.288
      4.538    -0.216    -0.288
      4.545    -0.220    -0.288
      4.551    -0.223    -0.288
      4.557    -0.227    -0.288
      4.563    -0.230    -0.288
      4.569    -0.234    -0.288
      4.575    -0.237    -0.288
      4.581    -0.241    -0.288
      4.587    -0.244    -0.287
      4.594    -0.248    -0.287
      4.600    -0.252    -0.287
      4.606    -0.256    -0.287
      4.613    -0.259    -0.287
      4.619    -0.263    -0.287
      4.625    -0.267    -0.287
      4.631    -0.270    -0.287
      4.637    -0.274    -0.287
      4.643    -0.277    -0.287
      4.649    -0.281    -0.287
      4.655    -0.285    -0.287
      4.662    -0.289    -0.287
      4.668    -0.293    -0.287
      4.675    -0.297    -0.287
      4.682    -0.301    -0.287
      4.688    -0.305    -0.287
      4.695    -0.309    -0.287
      4.702    -0.312    -0.287
      4.708    -0.316    -0.287
      4.714    -0.320    -0.286
      4.720    -0.324    -0.286
      4.726    -0.327    -0.286
      4.733    -0.331    -0.286
      4.739    -0.335    -0.286
      4.745    -0.339    -0.286
      4.752    -0.343    -0.286
      4.759    -0.347    -0.286
      4.765    -0.351    -0.286
      4.772    -0.355    -0.286
      4.779    -0.359    -0.286
      4.786    -0.364    -0.286
      4.793    -0.368    -0.286
      4.800    -0.372    -0.286
      4.806    -0.376    -0.286
      4.813    -0.380    -0.285
      4.820    -0.384    -0.285
      4.827    -0.388    -0.285
      4.833    -0.393    -0.285
      4.840    -0.397    -0.285
      4.847    -0.401    -0.285
      4.854    -0.405    -0.285
      4.860    -0.409    -0.285
      4.867    -0.413    -0.285
      4.874    -0.417    -0.285
      4.881    -0.422    -0.285
      4.887    -0.426    -0.285
      4.894    -0.430    -0.285
      4.901    -0.434    -0.284
      4.907    -0.438    -0.284
      4.914    -0.442    -0.284
      4.921    -0.446    -0.284
      4.928    -0.451    -0.284
      4.935    -0.455    -0.284
      4.942    -0.459    -0.284
      4.948    -0.463    -0.284
      4.955    -0.467    -0.284
      4.962    -0.472    -0.284
      4.969    -0.476    -0.284
      4.975    -0.480    -0.284
      4.982    -0.484    -0.283
      4.989    -0.488    -0.283
      4.996    -0.493    -0.283
      5.002    -0.497    -0.283
      5.009    -0.501    -0.283
      5.016    -0.505    -0.283
      5.023    -0.509    -0.283
      5.029    -0.513    -0.283
      5.036    -0.518    -0.283
      5.043    -0.522    -0.283
      5.050    -0.526    -0.282
      5.057    -0.530    -0.282
      5.063    -0.534    -0.282
      5.070    -0.539    -0.282
      5.077    -0.543    -0.282
      5.084    -0.547    -0.282
      5.091    -0.551    -0.282
      5.097    -0.556    -0.282
      5.104    -0.560    -0.282
      5.110    -0.564    -0.281
      5.117    -0.568    -0.281
      5.123    -0.571    -0.281
      5.129    -0.575    -0.281
      5.135    -0.579    -0.281
      5.142    -0.583    -0.281
      5.148    -0.587    -0.281
      5.155    -0.591    -0.281
      5.162    -0.596    -0.281
      5.169    -0.600    -0.280
      5.175    -0.604    -0.280
      5.182    -0.608    -0.280
      5.189    -0.612    -0.280
      5.195    -0.616    -0.280
      5.202    -0.620    -0.280
      5.209    -0.625    -0.280
      5.216    -0.629    -0.280
      5.223    -0.633    -0.279
      5.229    -0.637    -0.279
      5.236    -0.641    -0.279
      5.243    -0.646    -0.279
      5.250    -0.650    -0.279
      5.257    -0.654    -0.279
      5.263    -0.658    -0.279
      5.270    -0.662    -0.278
      5.277    -0.667    -0.278
      5.284    -0.671    -0.278
      5.291    -0.675    -0.278
      5.297    -0.679    -0.278
      5.304    -0.683    -0.278
      5.310    -0.687    -0.278
      5.316    -0.691    -0.277
      5.322    -0.694    -0.277
      5.329    -0.698    -0.277
      5.335    -0.702    -0.277
      5.342    -0.706    -0.277
      5.349    -0.710    -0.277
      5.355    -0.715    -0.276
      5.362    -0.719    -0.276
      5.369    -0.723    -0.276
      5.376    -0.727    -0.276
      5.383    -0.731    -0.276
      5.389    -0.735    -0.276
      5.395    -0.739    -0.276
      5.402    -0.743    -0.275
      5.408    -0.747    -0.275
      5.414    -0.750    -0.275
      5.420    -0.754    -0.275
      5.427    -0.758    -0.275
      5.433    -0.762    -0.275
      5.439    -0.766    -0.274
      5.445    -0.769    -0.274
      5.452    -0.773    -0.274
      5.458    -0.777    -0.274
      5.464    -0.780    -0.274
      5.470    -0.784    -0.274
      5.476    -0.788    -0.273
      5.482    -0.791    -0.273
      5.488    -0.795    -0.273
      5.494    -0.799    -0.273
      5.501    -0.803    -0.273
      5.508    -0.807    -0.272
      5.515    -0.811    -0.272
      5.522    -0.815    -0.272
      5.529    -0.819    -0.272
      5.535    -0.823    -0.272
      5.542    -0.827    -0.271
      5.549    -0.831    -0.271
      5.556    -0.835    -0.271
      5.563    -0.839    -0.271
      5.569    -0.843    -0.271
      5.576    -0.847    -0.270
      5.583    -0.852    -0.270
      5.590    -0.856    -0.270
      5.597    -0.860    -0.270
      5.604    -0.864    -0.270
      5.611    -0.868    -0.269
      5.618    -0.872    -0.269
      5.625    -0.876    -0.269
      5.632    -0.880    -0.269
      5.638    -0.884    -0.268
      5.645    -0.888    -0.268
      5.652    -0.892    -0.268
      5.658    -0.895    -0.268
      5.664    -0.899    -0.268
      5.671    -0.903    -0.267
      5.677    -0.906    -0.267
      5.683    -0.910    -0.267
      5.690    -0.914    -0.267
      5.697    -0.918    -0.266
      5.704    -0.922    -0.266
      5.711    -0.926    -0.266
      5.718    -0.930    -0.266
      5.725    -0.934    -0.266
      5.732    -0.938    -0.265
      5.738    -0.941    -0.265
      5.745    -0.945    -0.265
      5.751    -0.949    -0.265
      5.757    -0.952    -0.264
      5.764    -0.956    -0.264
      5.770    -0.960    -0.264
      5.777    -0.963    -0.264
      5.783    -0.967    -0.263
      5.789    -0.970    -0.263
      5.796    -0.974    -0.263
      5.802    -0.977    -0.263
      5.809    -0.981    -0.262
      5.815    -0.984    -0.262
      5.821    -0.988    -0.262
      5.827    -0.991    -0.262
      5.833    -0.995    -0.261
      5.839    -0.998    -0.261
      5.846    -1.002    -0.261
      5.853    -1.006    -0.261
      5.860    -1.009    -0.260
      5.867    -1.013    -0.260
      5.874    -1.017    -0.260
      5.881    -1.021    -0.260
      5.888    -1.025    -0.259
      5.894    -1.028    -0.259
      5.901    -1.032    -0.259
      5.907    -1.035    -0.258
      5.913    -1.039    -0.258
      5.920    -1.042    -0.258
      5.926    -1.046    -0.258
      5.933    -1.049    -0.257
      5.939    -1.053    -0.257
      5.946    -1.056    -0.257
      5.952    -1.060    -0.257
      5.959    -1.063    -0.256
      5.965    -1.067    -0.256
      5.971    -1.070    -0.256
      5.977    -1.073    -0.255
      5.983    -1.076    -0.255
      5.989    -1.080    -0.255
      5.996    -1.083    -0.255
      6.002    -1.086    -0.254
      6.009    -1.090    -0.254
      6.015    -1.093    -0.254
      6.021    -1.097    -0.253
      6.028    -1.100    -0.253
      6.034    -1.103    -0.253
      6.041    -1.107    -0.252
      6.047    -1.110    -0.252
      6.053    -1.113    -0.252
      6.059    -1.116    -0.252
      6.065    -1.119    -0.251
      6.072    -1.123    -0.251
      6.079    -1.126    -0.251
      6.086    -1.130    -0.250
      6.093    -1.134    -0.250
      6.099    -1.137    -0.250
      6.106    -1.141    -0.249
      6.113    -1.144    -0.249
      6.120    -1.148    -0.249
      6.127    -1.151    -0.248
      6.134    -1.155    -0.248
      6.141    -1.158    -0.248
      6.148    -1.162    -0.247
      6.156    -1.165    -0.247
      6.163    -1.169    -0.247
      6.170    -1.172    -0.246
      6.177    -1.176    -0.246
      6.184    -1.179    -0.245
      6.191    -1.183    -0.245
      6.198    -1.187    -0.245
      6.205    -1.190    -0.244
      6.212    -1.194    -0.244
      6.219    -1.197    -0.244
      6.227    -1.201    -0.243
      6.234    -1.204    -0.243
      6.241    -1.208    -0.242
      6.248    -1.211    -0.242
      6.255    -1.215    -0.242
      6.263    -1.218    -0.241
      6.270    -1.221    -0.241
      6.277    -1.225    -0.241
      6.284    -1.228    -0.240
      6.291    -1.231    -0.240
      6.298    -1.235    -0.239
      6.304    -1.238    -0.239
      6.311    -1.241    -0.239
      6.317    -1.244    -0.238
      6.324    -1.247    -0.238
      6.331    -1.250    -0.238
      6.339    -1.254    -0.237
      6.346    -1.257    -0.237
      6.353    -1.260    -0.236
      6.360    -1.264    -0.236
      6.368    -1.267    -0.236
      6.375    -1.270    -0.235
      6.382    -1.273    -0.235
      6.388    -1.277    -0.234
      6.395    -1.280    -0.234
      6.402    -1.283    -0.234
      6.408    -1.286    -0.233
      6.415    -1.289    -0.233
      6.422    -1.292    -0.233
      6.428    -1.295    -0.232
      6.435    -1.297    -0.232
      6.442    -1.300    -0.231
      6.448    -1.303    -0.231
      6.455    -1.306    -0.231
      6.461    -1.309    -0.230
      6.468    -1.312    -0.230
      6.474    -1.315    -0.230
      6.480    -1.317    -0.229
      6.487    -1.320    -0.229
      6.494    -1.323    -0.229
      6.501    -1.326    -0.228
      6.509    -1.330    -0.228
      6.516    -1.333    -0.227
      6.524    -1.336    -0.227
      6.531    -1.339    -0.226
      6.538    -1.342    -0.226
      6.545    -1.345    -0.226
      6.552    -1.348    -0.225
      6.559    -1.351    -0.225
      6.565    -1.353    -0.224
      6.572    -1.356    -0.224
      6.579    -1.359    -0.224
      6.586    -1.362    -0.223
      6.592    -1.365    -0.223
      6.599    -1.367    -0.223
      6.606    -1.370    -0.222
      6.613    -1.373    -0.222
      6.620    -1.376    -0.221
      6.626    -1.378    -0.221
      6.632    -1.381    -0.221
      6.639    -1.383    -0.220
      6.645    -1.386    -0.220
      6.652    -1.388    -0.220
      6.658    -1.391    -0.219
      6.665    -1.394    -0.219
      6.672    -1.396    -0.218
      6.679    -1.399    -0.218
      6.686    -1.402    -0.218
      6.693    -1.404    -0.217
      6.699    -1.407    -0.217
      6.705    -1.409    -0.216
      6.712    -1.412    -0.216
      6.718    -1.414    -0.216
      6.725    -1.417    -0.215
      6.732    -1.419    -0.215
      6.739    -1.422    -0.215
      6.746    -1.425    -0.214
      6.754    -1.427    -0.214
      6.761    -1.430    -0.213
      6.768    -1.433    -0.213
      6.775    -1.435    -0.212
      6.783    -1.438    -0.212
      6.790    -1.441    -0.212
      6.798    -1.444    -0.211
      6.805    -1.446    -0.211
      6.813    -1.449    -0.210
      6.820    -1.452    -0.210
      6.828    -1.454    -0.210
      6.835    -1.457    -0.209
      6.842    -1.459    -0.209
      6.849    -1.462    -0.208
      6.856    -1.464    -0.208
      6.863    -1.467    -0.208
      6.870    -1.469    -0.207
      6.877    -1.471    -0.207
      6.884    -1.474    -0.206
      6.890    -1.476    -0.206
      6.897    -1.479    -0.206
      6.904    -1.481    -0.205
      6.911    -1.483    -0.205
      6.918    -1.485    -0.204
      6.925    -1.488    -0.204
      6.931    -1.490    -0.204
      6.938    -1.492    -0.203
      6.944    -1.494    -0.203
      6.951    -1.496    -0.203
      6.958    -1.499    -0.202
      6.965    -1.501    -0.202
      6.972    -1.503    -0.202
      6.979    -1.505    -0.201
      6.986    -1.507    -0.201
      6.993    -1.510    -0.200
      6.999    -1.512    -0.200
      7.006    -1.514    -0.200
      7.013    -1.516    -0.199
      7.019    -1.518    -0.199
      7.026    -1.520    -0.199
      7.033    -1.522    -0.198
      7.041    -1.524    -0.198
      7.048    -1.527    -0.197
      7.055    -1.529    -0.197
      7.063    -1.531    -0.197
      7.070    -1.533    -0.196
      7.077    -1.535    -0.196
      7.085    -1.538    -0.196
      7.092    -1.540    -0.195
      7.099    -1.542    -0.195
      7.106    -1.544    -0.194
      7.113    -1.546    -0.194
      7.120    -1.548    -0.194
      7.127    -1.550    -0.193
      7.134    -1.552    -0.193
      7.140    -1.554    -0.193
      7.147    -1.555    -0.192
      7.154    -1.557    -0.192
      7.160    -1.559    -0.192
      7.168    -1.561    -0.191
      7.175    -1.563    -0.191
      7.183    -1.565    -0.191
      7.190    -1.567    -0.190
      7.198    -1.569    -0.190
      7.205    -1.571    -0.189
      7.213    -1.573    -0.189
      7.220    -1.575    -0.189
      7.227    -1.577    -0.188
      7.235    -1.579    -0.188
      7.242    -1.581    -0.188
      7.250    -1.583    -0.187
      7.257    -1.584    -0.187
      7.265    -1.586    -0.187
      7.272    -1.588    -0.186
      7.280    -1.590    -0.186
      7.288    -1.592    -0.185
      7.296    -1.594    -0.185
      7.303    -1.596    -0.185
      7.311    -1.597    -0.184
      7.319    -1.599    -0.184
      7.327    -1.601    -0.184
