Count of Points:30

WCS coordinates of Points:
      7.456     0.812    -1.232
      7.448     0.814    -1.233
      7.441     0.817    -1.235
      7.433     0.819    -1.237
      7.426     0.821    -1.239
      7.418     0.823    -1.240
      7.411     0.825    -1.242
      7.403     0.828    -1.244
      7.396     0.830    -1.246
      7.388     0.832    -1.248
      7.381     0.834    -1.249
      7.373     0.836    -1.251
      7.366     0.839    -1.253
      7.358     0.841    -1.255
      7.351     0.843    -1.257
      7.343     0.845    -1.259
      7.335     0.848    -1.261
      7.328     0.850    -1.263
      7.320     0.852    -1.265
      7.313     0.854    -1.267
      7.305     0.857    -1.269
      7.298     0.859    -1.271
      7.290     0.861    -1.273
      7.283     0.863    -1.275
      7.276     0.865    -1.277
      7.269     0.867    -1.279
      7.262     0.869    -1.280
      7.255     0.872    -1.282
      7.248     0.874    -1.284
      7.242     0.876    -1.286
