Count of Points:874

WCS coordinates of Points:
      1.181     0.000    -1.047
      1.187     0.004    -1.047
      1.193     0.008    -1.047
      1.199     0.012    -1.047
      1.205     0.016    -1.047
      1.211     0.020    -1.047
      1.217     0.024    -1.047
      1.223     0.028    -1.047
      1.228     0.032    -1.047
      1.234     0.035    -1.047
      1.240     0.039    -1.047
      1.246     0.043    -1.047
      1.253     0.047    -1.047
      1.259     0.051    -1.047
      1.265     0.055    -1.047
      1.271     0.059    -1.047
      1.277     0.062    -1.047
      1.283     0.066    -1.047
      1.289     0.070    -1.047
      1.295     0.074    -1.047
      1.301     0.077    -1.047
      1.308     0.081    -1.047
      1.314     0.085    -1.047
      1.320     0.088    -1.047
      1.327     0.092    -1.047
      1.334     0.096    -1.047
      1.340     0.100    -1.047
      1.347     0.104    -1.047
      1.354     0.108    -1.047
      1.360     0.112    -1.047
      1.367     0.115    -1.047
      1.373     0.119    -1.047
      1.379     0.122    -1.047
      1.385     0.126    -1.047
      1.392     0.129    -1.047
      1.398     0.133    -1.047
      1.405     0.136    -1.047
      1.412     0.140    -1.047
      1.419     0.144    -1.047
      1.426     0.148    -1.047
      1.433     0.151    -1.046
      1.440     0.155    -1.046
      1.447     0.159    -1.046
      1.454     0.162    -1.046
      1.461     0.166    -1.046
      1.468     0.169    -1.046
      1.475     0.173    -1.046
      1.482     0.176    -1.046
      1.489     0.180    -1.046
      1.496     0.183    -1.046
      1.502     0.186    -1.046
      1.509     0.190    -1.046
      1.515     0.193    -1.046
      1.521     0.196    -1.046
      1.528     0.199    -1.046
      1.534     0.202    -1.046
      1.541     0.205    -1.046
      1.548     0.208    -1.046
      1.555     0.212    -1.046
      1.562     0.215    -1.046
      1.570     0.218    -1.046
      1.577     0.222    -1.046
      1.584     0.225    -1.046
      1.591     0.228    -1.046
      1.598     0.231    -1.046
      1.606     0.234    -1.046
      1.613     0.238    -1.046
      1.620     0.241    -1.046
      1.627     0.244    -1.046
      1.634     0.247    -1.046
      1.641     0.250    -1.046
      1.649     0.253    -1.046
      1.656     0.256    -1.046
      1.663     0.259    -1.046
      1.671     0.262    -1.046
      1.678     0.265    -1.046
      1.685     0.268    -1.046
      1.692     0.271    -1.046
      1.699     0.274    -1.046
      1.707     0.276    -1.046
      1.714     0.279    -1.046
      1.721     0.282    -1.046
      1.729     0.285    -1.046
      1.736     0.288    -1.046
      1.744     0.291    -1.046
      1.751     0.293    -1.046
      1.758     0.296    -1.046
      1.765     0.299    -1.046
      1.772     0.301    -1.046
      1.779     0.304    -1.046
      1.785     0.306    -1.046
      1.792     0.308    -1.046
      1.799     0.311    -1.046
      1.806     0.313    -1.046
      1.813     0.316    -1.046
      1.821     0.318    -1.046
      1.828     0.321    -1.046
      1.836     0.324    -1.046
      1.843     0.326    -1.046
      1.851     0.329    -1.046
      1.858     0.331    -1.045
      1.866     0.333    -1.045
      1.873     0.336    -1.045
      1.881     0.338    -1.045
      1.888     0.341    -1.045
      1.895     0.343    -1.045
      1.903     0.345    -1.045
      1.910     0.348    -1.045
      1.918     0.350    -1.045
      1.925     0.352    -1.045
      1.933     0.354    -1.045
      1.941     0.357    -1.045
      1.948     0.359    -1.045
      1.956     0.361    -1.045
      1.963     0.363    -1.045
      1.971     0.365    -1.045
      1.978     0.367    -1.045
      1.986     0.369    -1.045
      1.993     0.372    -1.045
      2.001     0.374    -1.045
      2.009     0.376    -1.045
      2.016     0.378    -1.045
      2.024     0.380    -1.045
      2.032     0.382    -1.045
      2.039     0.384    -1.045
      2.047     0.386    -1.045
      2.054     0.388    -1.045
      2.062     0.389    -1.045
      2.070     0.391    -1.045
      2.077     0.393    -1.045
      2.085     0.395    -1.045
      2.092     0.397    -1.045
      2.100     0.398    -1.045
      2.108     0.400    -1.045
      2.115     0.402    -1.045
      2.123     0.404    -1.045
      2.131     0.405    -1.045
      2.139     0.407    -1.045
      2.146     0.409    -1.045
      2.154     0.410    -1.045
      2.162     0.412    -1.045
      2.170     0.413    -1.045
      2.177     0.415    -1.045
      2.185     0.417    -1.045
      2.193     0.418    -1.045
      2.201     0.420    -1.045
      2.208     0.421    -1.045
      2.216     0.422    -1.045
      2.223     0.424    -1.045
      2.230     0.425    -1.045
      2.237     0.426    -1.045
      2.244     0.428    -1.045
      2.251     0.429    -1.045
      2.258     0.430    -1.045
      2.266     0.431    -1.045
      2.273     0.432    -1.045
      2.280     0.433    -1.045
      2.287     0.435    -1.045
      2.294     0.436    -1.045
      2.301     0.437    -1.045
      2.309     0.438    -1.045
      2.317     0.439    -1.045
      2.324     0.440    -1.045
      2.332     0.441    -1.045
      2.340     0.443    -1.045
      2.348     0.444    -1.045
      2.356     0.445    -1.045
      2.364     0.446    -1.045
      2.371     0.447    -1.045
      2.379     0.448    -1.045
      2.387     0.449    -1.045
      2.395     0.449    -1.045
      2.402     0.450    -1.045
      2.410     0.451    -1.045
      2.418     0.452    -1.045
      2.426     0.453    -1.045
      2.434     0.454    -1.045
      2.442     0.455    -1.045
      2.449     0.455    -1.045
      2.457     0.456    -1.045
      2.465     0.457    -1.045
      2.473     0.457    -1.045
      2.480     0.458    -1.045
      2.488     0.459    -1.045
      2.496     0.459    -1.045
      2.504     0.460    -1.045
      2.512     0.461    -1.045
      2.520     0.461    -1.045
      2.528     0.462    -1.045
      2.536     0.462    -1.045
      2.543     0.463    -1.045
      2.551     0.463    -1.045
      2.559     0.464    -1.045
      2.567     0.464    -1.045
      2.575     0.465    -1.045
      2.583     0.465    -1.045
      2.590     0.465    -1.045
      2.598     0.466    -1.045
      2.606     0.466    -1.045
      2.614     0.466    -1.044
      2.622     0.467    -1.044
      2.630     0.467    -1.044
      2.638     0.467    -1.044
      2.646     0.467    -1.044
      2.653     0.468    -1.044
      2.661     0.468    -1.044
      2.669     0.468    -1.044
      2.677     0.468    -1.044
      2.685     0.468    -1.044
      2.693     0.468    -1.044
      2.701     0.468    -1.044
      2.709     0.468    -1.044
      2.717     0.468    -1.044
      2.724     0.468    -1.044
      2.731     0.468    -1.044
      2.738     0.468    -1.044
      2.746     0.468    -1.044
      2.753     0.468    -1.044
      2.760     0.468    -1.044
      2.768     0.468    -1.044
      2.776     0.468    -1.044
      2.784     0.468    -1.044
      2.792     0.467    -1.044
      2.800     0.467    -1.044
      2.807     0.467    -1.044
      2.815     0.467    -1.044
      2.823     0.466    -1.044
      2.831     0.466    -1.044
      2.839     0.466    -1.044
      2.847     0.465    -1.044
      2.854     0.465    -1.044
      2.862     0.465    -1.044
      2.870     0.464    -1.044
      2.878     0.464    -1.044
      2.886     0.463    -1.044
      2.894     0.463    -1.044
      2.902     0.463    -1.044
      2.910     0.462    -1.044
      2.918     0.461    -1.044
      2.926     0.461    -1.044
      2.934     0.460    -1.044
      2.941     0.460    -1.044
      2.949     0.459    -1.044
      2.956     0.459    -1.044
      2.963     0.458    -1.044
      2.970     0.457    -1.044
      2.978     0.457    -1.044
      2.985     0.456    -1.044
      2.993     0.456    -1.044
      3.001     0.455    -1.044
      3.009     0.454    -1.043
      3.016     0.453    -1.043
      3.024     0.452    -1.043
      3.032     0.452    -1.043
      3.040     0.451    -1.043
      3.047     0.450    -1.043
      3.054     0.449    -1.043
      3.062     0.448    -1.043
      3.069     0.448    -1.043
      3.076     0.447    -1.043
      3.083     0.446    -1.043
      3.091     0.445    -1.043
      3.098     0.444    -1.043
      3.105     0.443    -1.043
      3.112     0.442    -1.043
      3.119     0.441    -1.043
      3.127     0.440    -1.043
      3.133     0.439    -1.043
      3.140     0.439    -1.043
      3.147     0.438    -1.043
      3.154     0.437    -1.043
      3.160     0.436    -1.043
      3.168     0.435    -1.043
      3.175     0.434    -1.043
      3.182     0.433    -1.043
      3.189     0.431    -1.043
      3.196     0.430    -1.043
      3.203     0.429    -1.043
      3.210     0.428    -1.043
      3.218     0.427    -1.043
      3.226     0.426    -1.043
      3.233     0.424    -1.043
      3.241     0.423    -1.042
      3.249     0.422    -1.042
      3.257     0.420    -1.042
      3.265     0.419    -1.042
      3.272     0.418    -1.042
      3.280     0.416    -1.042
      3.288     0.415    -1.042
      3.296     0.414    -1.042
      3.303     0.412    -1.042
      3.311     0.411    -1.042
      3.318     0.409    -1.042
      3.326     0.408    -1.042
      3.334     0.406    -1.042
      3.342     0.405    -1.042
      3.349     0.403    -1.042
      3.357     0.402    -1.042
      3.365     0.400    -1.042
      3.372     0.399    -1.042
      3.380     0.397    -1.042
      3.388     0.396    -1.042
      3.395     0.394    -1.042
      3.403     0.392    -1.042
      3.411     0.391    -1.041
      3.418     0.389    -1.041
      3.426     0.387    -1.041
      3.434     0.386    -1.041
      3.442     0.384    -1.041
      3.449     0.382    -1.041
      3.457     0.381    -1.041
      3.465     0.379    -1.041
      3.472     0.377    -1.041
      3.480     0.375    -1.041
      3.488     0.374    -1.041
      3.495     0.372    -1.041
      3.503     0.370    -1.041
      3.510     0.368    -1.041
      3.518     0.366    -1.041
      3.526     0.365    -1.040
      3.533     0.363    -1.040
      3.541     0.361    -1.040
      3.549     0.359    -1.040
      3.557     0.357    -1.040
      3.564     0.355    -1.040
      3.572     0.353    -1.040
      3.580     0.351    -1.040
      3.587     0.349    -1.040
      3.595     0.347    -1.040
      3.603     0.345    -1.040
      3.610     0.343    -1.040
      3.618     0.341    -1.039
      3.625     0.339    -1.039
      3.632     0.338    -1.039
      3.639     0.336    -1.039
      3.646     0.334    -1.039
      3.653     0.332    -1.039
      3.660     0.330    -1.039
      3.668     0.328    -1.039
      3.675     0.326    -1.039
      3.683     0.324    -1.039
      3.690     0.322    -1.039
      3.698     0.320    -1.038
      3.706     0.317    -1.038
      3.713     0.315    -1.038
      3.721     0.313    -1.038
      3.728     0.311    -1.038
      3.736     0.309    -1.038
      3.743     0.307    -1.038
      3.751     0.305    -1.038
      3.758     0.302    -1.038
      3.766     0.300    -1.037
      3.774     0.298    -1.037
      3.781     0.296    -1.037
      3.789     0.293    -1.037
      3.796     0.291    -1.037
      3.804     0.289    -1.037
      3.812     0.287    -1.037
      3.819     0.284    -1.037
      3.827     0.282    -1.036
      3.834     0.280    -1.036
      3.841     0.278    -1.036
      3.848     0.276    -1.036
      3.855     0.273    -1.036
      3.862     0.271    -1.036
      3.869     0.269    -1.036
      3.876     0.267    -1.035
      3.884     0.265    -1.035
      3.891     0.262    -1.035
      3.899     0.260    -1.035
      3.906     0.257    -1.035
      3.914     0.255    -1.035
      3.921     0.253    -1.035
      3.929     0.250    -1.034
      3.936     0.248    -1.034
      3.943     0.246    -1.034
      3.950     0.244    -1.034
      3.957     0.241    -1.034
      3.963     0.239    -1.034
      3.970     0.237    -1.033
      3.977     0.235    -1.033
      3.984     0.232    -1.033
      3.991     0.230    -1.033
      3.998     0.228    -1.033
      4.005     0.226    -1.033
      4.012     0.223    -1.032
      4.018     0.221    -1.032
      4.025     0.219    -1.032
      4.031     0.217    -1.032
      4.038     0.215    -1.032
      4.044     0.212    -1.032
      4.052     0.210    -1.031
      4.059     0.207    -1.031
      4.067     0.205    -1.031
      4.074     0.202    -1.031
      4.082     0.200    -1.031
      4.089     0.197    -1.030
      4.096     0.195    -1.030
      4.104     0.192    -1.030
      4.111     0.190    -1.030
      4.118     0.187    -1.029
      4.126     0.185    -1.029
      4.133     0.182    -1.029
      4.141     0.179    -1.029
      4.148     0.177    -1.028
      4.156     0.174    -1.028
      4.163     0.172    -1.028
      4.171     0.169    -1.028
      4.178     0.166    -1.028
      4.186     0.164    -1.027
      4.193     0.161    -1.027
      4.201     0.159    -1.027
      4.208     0.156    -1.027
      4.215     0.153    -1.026
      4.222     0.151    -1.026
      4.229     0.149    -1.026
      4.236     0.146    -1.026
      4.243     0.144    -1.025
      4.250     0.141    -1.025
      4.256     0.139    -1.025
      4.264     0.136    -1.024
      4.271     0.133    -1.024
      4.279     0.131    -1.024
      4.286     0.128    -1.024
      4.294     0.125    -1.023
      4.301     0.123    -1.023
      4.308     0.120    -1.023
      4.315     0.118    -1.022
      4.322     0.115    -1.022
      4.329     0.113    -1.022
      4.336     0.110    -1.022
      4.343     0.108    -1.021
      4.349     0.105    -1.021
      4.356     0.103    -1.021
      4.363     0.100    -1.020
      4.370     0.098    -1.020
      4.377     0.095    -1.020
      4.383     0.093    -1.020
      4.390     0.090    -1.019
      4.397     0.088    -1.019
      4.403     0.086    -1.019
      4.410     0.083    -1.018
      4.416     0.081    -1.018
      4.422     0.079    -1.018
      4.430     0.076    -1.017
      4.437     0.073    -1.017
      4.445     0.070    -1.017
      4.452     0.068    -1.016
      4.459     0.065    -1.016
      4.467     0.062    -1.015
      4.474     0.059    -1.015
      4.481     0.057    -1.015
      4.488     0.054    -1.014
      4.495     0.052    -1.014
      4.501     0.049    -1.014
      4.508     0.047    -1.013
      4.515     0.044    -1.013
      4.522     0.042    -1.013
      4.529     0.039    -1.012
      4.535     0.037    -1.012
      4.542     0.034    -1.011
      4.549     0.032    -1.011
      4.556     0.029    -1.011
      4.562     0.027    -1.010
      4.569     0.024    -1.010
      4.575     0.022    -1.010
      4.581     0.020    -1.009
      4.588     0.017    -1.009
      4.595     0.015    -1.008
      4.601     0.012    -1.008
      4.608     0.010    -1.008
      4.615     0.007    -1.007
      4.622     0.005    -1.007
      4.629     0.002    -1.006
      4.635    -0.000    -1.006
      4.641    -0.003    -1.006
      4.648    -0.005    -1.005
      4.654    -0.008    -1.005
      4.661    -0.010    -1.004
      4.668    -0.013    -1.004
      4.675    -0.015    -1.003
      4.682    -0.018    -1.003
      4.689    -0.021    -1.002
      4.696    -0.023    -1.002
      4.703    -0.026    -1.001
      4.711    -0.029    -1.001
      4.718    -0.031    -1.001
      4.724    -0.034    -1.000
      4.731    -0.036    -1.000
      4.738    -0.039    -0.999
      4.745    -0.041    -0.999
      4.751    -0.044    -0.998
      4.758    -0.046    -0.998
      4.765    -0.049    -0.997
      4.772    -0.052    -0.997
      4.779    -0.054    -0.996
      4.787    -0.057    -0.996
      4.794    -0.060    -0.995
      4.802    -0.063    -0.994
      4.809    -0.065    -0.994
      4.816    -0.068    -0.993
      4.824    -0.071    -0.993
      4.831    -0.074    -0.992
      4.838    -0.076    -0.991
      4.846    -0.079    -0.991
      4.853    -0.082    -0.990
      4.860    -0.085    -0.990
      4.867    -0.087    -0.989
      4.875    -0.090    -0.988
      4.882    -0.093    -0.988
      4.890    -0.095    -0.987
      4.897    -0.098    -0.986
      4.904    -0.101    -0.986
      4.912    -0.104    -0.985
      4.919    -0.106    -0.984
      4.926    -0.109    -0.984
      4.933    -0.112    -0.983
      4.941    -0.115    -0.982
      4.948    -0.117    -0.982
      4.955    -0.120    -0.981
      4.963    -0.123    -0.980
      4.970    -0.126    -0.979
      4.978    -0.128    -0.979
      4.985    -0.131    -0.978
      4.992    -0.134    -0.977
      5.000    -0.137    -0.977
      5.007    -0.139    -0.976
      5.014    -0.142    -0.975
      5.022    -0.145    -0.974
      5.029    -0.148    -0.973
      5.036    -0.150    -0.973
      5.043    -0.153    -0.972
      5.051    -0.156    -0.971
      5.058    -0.159    -0.970
      5.065    -0.161    -0.970
      5.073    -0.164    -0.969
      5.080    -0.167    -0.968
      5.088    -0.170    -0.967
      5.095    -0.172    -0.966
      5.102    -0.175    -0.965
      5.110    -0.178    -0.965
      5.117    -0.181    -0.964
      5.124    -0.183    -0.963
      5.132    -0.186    -0.962
      5.139    -0.189    -0.961
      5.147    -0.191    -0.960
      5.154    -0.194    -0.959
      5.161    -0.197    -0.959
      5.167    -0.199    -0.958
      5.174    -0.202    -0.957
      5.181    -0.204    -0.956
      5.188    -0.207    -0.955
      5.195    -0.209    -0.954
      5.202    -0.212    -0.954
      5.209    -0.215    -0.953
      5.217    -0.217    -0.952
      5.224    -0.220    -0.951
      5.231    -0.223    -0.950
      5.239    -0.226    -0.949
      5.246    -0.228    -0.948
      5.253    -0.231    -0.947
      5.260    -0.234    -0.946
      5.268    -0.236    -0.945
      5.275    -0.239    -0.944
      5.282    -0.242    -0.943
      5.290    -0.244    -0.942
      5.297    -0.247    -0.941
      5.304    -0.250    -0.940
      5.312    -0.253    -0.939
      5.319    -0.255    -0.938
      5.327    -0.258    -0.937
      5.334    -0.261    -0.936
      5.341    -0.263    -0.935
      5.349    -0.266    -0.934
      5.356    -0.269    -0.933
      5.363    -0.272    -0.932
      5.370    -0.274    -0.931
      5.377    -0.277    -0.930
      5.384    -0.279    -0.929
      5.390    -0.281    -0.928
      5.397    -0.284    -0.927
      5.404    -0.286    -0.926
      5.411    -0.289    -0.925
      5.419    -0.292    -0.924
      5.426    -0.295    -0.923
      5.433    -0.297    -0.922
      5.441    -0.300    -0.921
      5.448    -0.303    -0.920
      5.455    -0.305    -0.918
      5.462    -0.308    -0.917
      5.469    -0.310    -0.916
      5.476    -0.313    -0.915
      5.482    -0.315    -0.914
      5.489    -0.318    -0.913
      5.496    -0.320    -0.912
      5.503    -0.323    -0.911
      5.509    -0.325    -0.910
      5.516    -0.327    -0.909
      5.523    -0.330    -0.908
      5.530    -0.332    -0.907
      5.536    -0.335    -0.906
      5.543    -0.337    -0.905
      5.549    -0.339    -0.904
      5.555    -0.342    -0.903
      5.562    -0.344    -0.902
      5.568    -0.346    -0.901
      5.575    -0.349    -0.900
      5.583    -0.352    -0.898
      5.590    -0.354    -0.897
      5.597    -0.357    -0.896
      5.605    -0.360    -0.895
      5.612    -0.362    -0.894
      5.619    -0.365    -0.892
      5.626    -0.368    -0.891
      5.634    -0.370    -0.890
      5.641    -0.373    -0.889
      5.648    -0.376    -0.888
      5.656    -0.378    -0.886
      5.663    -0.381    -0.885
      5.670    -0.384    -0.884
      5.678    -0.386    -0.883
      5.685    -0.389    -0.881
      5.692    -0.392    -0.880
      5.700    -0.394    -0.879
      5.707    -0.397    -0.877
      5.714    -0.399    -0.876
      5.722    -0.402    -0.875
      5.729    -0.405    -0.874
      5.736    -0.407    -0.872
      5.743    -0.410    -0.871
      5.750    -0.412    -0.870
      5.757    -0.415    -0.869
      5.763    -0.417    -0.868
      5.770    -0.420    -0.866
      5.777    -0.422    -0.865
      5.784    -0.425    -0.864
      5.792    -0.427    -0.863
      5.799    -0.430    -0.861
      5.806    -0.433    -0.860
      5.814    -0.435    -0.859
      5.821    -0.438    -0.857
      5.828    -0.441    -0.856
      5.835    -0.443    -0.855
      5.842    -0.446    -0.853
      5.848    -0.448    -0.852
      5.855    -0.450    -0.851
      5.862    -0.453    -0.850
      5.869    -0.455    -0.848
      5.875    -0.458    -0.847
      5.882    -0.460    -0.846
      5.889    -0.463    -0.845
      5.895    -0.465    -0.843
      5.902    -0.467    -0.842
      5.909    -0.470    -0.841
      5.915    -0.472    -0.840
      5.922    -0.474    -0.839
      5.928    -0.477    -0.837
      5.934    -0.479    -0.836
      5.941    -0.481    -0.835
      5.948    -0.484    -0.834
      5.955    -0.487    -0.832
      5.963    -0.489    -0.831
      5.970    -0.492    -0.829
      5.977    -0.495    -0.828
      5.984    -0.497    -0.826
      5.992    -0.500    -0.825
      5.999    -0.502    -0.824
      6.005    -0.505    -0.822
      6.012    -0.507    -0.821
      6.019    -0.510    -0.820
      6.025    -0.512    -0.819
      6.032    -0.515    -0.817
      6.039    -0.517    -0.816
      6.045    -0.520    -0.815
      6.052    -0.522    -0.813
      6.059    -0.524    -0.812
      6.066    -0.527    -0.811
      6.072    -0.529    -0.809
      6.079    -0.532    -0.808
      6.085    -0.534    -0.807
      6.091    -0.536    -0.806
      6.098    -0.538    -0.804
      6.104    -0.541    -0.803
      6.111    -0.543    -0.802
      6.117    -0.546    -0.800
      6.124    -0.548    -0.799
      6.131    -0.551    -0.798
      6.137    -0.553    -0.796
      6.144    -0.555    -0.795
      6.150    -0.558    -0.794
      6.157    -0.560    -0.793
      6.163    -0.562    -0.791
      6.169    -0.565    -0.790
      6.176    -0.567    -0.789
      6.183    -0.570    -0.787
      6.190    -0.572    -0.786
      6.197    -0.575    -0.785
      6.204    -0.577    -0.783
      6.211    -0.580    -0.782
      6.218    -0.582    -0.780
      6.225    -0.585    -0.779
      6.232    -0.588    -0.777
      6.239    -0.590    -0.776
      6.247    -0.593    -0.775
      6.254    -0.595    -0.773
      6.261    -0.598    -0.772
      6.269    -0.601    -0.770
      6.276    -0.603    -0.769
      6.283    -0.606    -0.767
      6.290    -0.609    -0.766
      6.297    -0.611    -0.764
      6.305    -0.614    -0.763
      6.312    -0.616    -0.761
      6.319    -0.619    -0.760
      6.327    -0.622    -0.758
      6.334    -0.624    -0.757
      6.341    -0.627    -0.756
      6.348    -0.630    -0.754
      6.356    -0.632    -0.753
      6.363    -0.635    -0.751
      6.370    -0.638    -0.750
      6.378    -0.640    -0.748
      6.385    -0.643    -0.747
      6.392    -0.645    -0.745
      6.400    -0.648    -0.744
      6.406    -0.651    -0.742
      6.413    -0.653    -0.741
      6.420    -0.655    -0.740
      6.427    -0.658    -0.738
      6.433    -0.660    -0.737
      6.440    -0.663    -0.736
      6.447    -0.665    -0.734
      6.455    -0.668    -0.733
      6.462    -0.670    -0.731
      6.469    -0.673    -0.730
      6.477    -0.676    -0.729
      6.484    -0.678    -0.727
      6.491    -0.681    -0.726
      6.498    -0.683    -0.724
      6.505    -0.686    -0.723
      6.511    -0.688    -0.722
      6.518    -0.690    -0.720
      6.525    -0.693    -0.719
      6.532    -0.695    -0.718
      6.538    -0.697    -0.716
      6.545    -0.700    -0.715
      6.552    -0.702    -0.714
      6.559    -0.705    -0.713
      6.565    -0.707    -0.711
      6.572    -0.709    -0.710
      6.578    -0.711    -0.709
      6.585    -0.714    -0.707
      6.591    -0.716    -0.706
      6.598    -0.718    -0.705
      6.604    -0.720    -0.704
      6.611    -0.723    -0.702
      6.619    -0.725    -0.701
      6.626    -0.728    -0.700
      6.633    -0.730    -0.698
      6.641    -0.733    -0.697
      6.648    -0.736    -0.695
      6.655    -0.738    -0.694
      6.662    -0.740    -0.693
      6.669    -0.743    -0.691
      6.676    -0.745    -0.690
      6.682    -0.747    -0.689
      6.689    -0.750    -0.688
      6.696    -0.752    -0.686
      6.703    -0.754    -0.685
      6.710    -0.756    -0.684
      6.716    -0.759    -0.683
      6.723    -0.761    -0.681
      6.730    -0.763    -0.680
      6.737    -0.766    -0.679
      6.743    -0.768    -0.678
      6.749    -0.770    -0.676
      6.756    -0.772    -0.675
      6.762    -0.774    -0.674
      6.769    -0.776    -0.673
      6.775    -0.778    -0.672
      6.782    -0.781    -0.671
      6.789    -0.783    -0.669
      6.796    -0.785    -0.668
      6.803    -0.787    -0.667
      6.809    -0.790    -0.666
      6.816    -0.792    -0.664
      6.822    -0.794    -0.663
      6.829    -0.796    -0.662
      6.835    -0.798    -0.661
      6.842    -0.800    -0.660
      6.849    -0.802    -0.659
      6.856    -0.804    -0.657
      6.863    -0.807    -0.656
      6.870    -0.809    -0.655
      6.877    -0.811    -0.654
      6.885    -0.814    -0.652
      6.892    -0.816    -0.651
      6.899    -0.818    -0.650
      6.906    -0.820    -0.649
      6.914    -0.823    -0.647
      6.921    -0.825    -0.646
      6.929    -0.827    -0.645
      6.936    -0.830    -0.644
      6.944    -0.832    -0.642
      6.951    -0.834    -0.641
      6.958    -0.836    -0.640
      6.965    -0.838    -0.639
      6.972    -0.840    -0.638
      6.979    -0.842    -0.636
      6.986    -0.845    -0.635
      6.992    -0.847    -0.634
      6.999    -0.849    -0.633
      7.006    -0.851    -0.632
      7.013    -0.853    -0.631
      7.020    -0.855    -0.630
      7.027    -0.857    -0.629
      7.034    -0.859    -0.627
      7.040    -0.861    -0.626
      7.047    -0.862    -0.625
      7.053    -0.864    -0.624
      7.060    -0.866    -0.623
      7.066    -0.868    -0.622
      7.073    -0.870    -0.621
      7.080    -0.872    -0.620
      7.087    -0.874    -0.619
      7.094    -0.876    -0.618
      7.101    -0.878    -0.617
      7.108    -0.880    -0.616
      7.114    -0.881    -0.615
      7.121    -0.883    -0.614
      7.127    -0.885    -0.613
      7.134    -0.887    -0.612
      7.140    -0.888    -0.611
      7.148    -0.890    -0.610
      7.155    -0.892    -0.609
      7.162    -0.894    -0.607
      7.170    -0.896    -0.606
      7.177    -0.898    -0.605
      7.184    -0.900    -0.604
      7.192    -0.902    -0.603
      7.199    -0.904    -0.602
      7.206    -0.906    -0.601
      7.213    -0.907    -0.600
      7.220    -0.909    -0.599
      7.227    -0.911    -0.598
      7.234    -0.913    -0.597
      7.241    -0.914    -0.596
      7.247    -0.916    -0.595
      7.254    -0.917    -0.594
      7.260    -0.919    -0.593
      7.267    -0.921    -0.592
      7.274    -0.922    -0.591
      7.281    -0.924    -0.590
      7.288    -0.926    -0.589
      7.296    -0.927    -0.588
      7.303    -0.929    -0.587
      7.310    -0.931    -0.586
      7.318    -0.933    -0.585
      7.325    -0.934    -0.584
      7.333    -0.936    -0.583
      7.340    -0.938    -0.582
      7.347    -0.939    -0.581
      7.355    -0.941    -0.580
      7.362    -0.942    -0.579
      7.370    -0.944    -0.578
      7.377    -0.946    -0.577
      7.384    -0.947    -0.577
      7.392    -0.949    -0.576
      7.400    -0.950    -0.575
      7.407    -0.952    -0.574
      7.415    -0.954    -0.573
      7.423    -0.955    -0.572
      7.431    -0.957    -0.571
      7.439    -0.958    -0.570
