Count of Points:869

WCS coordinates of Points:
      1.181    -0.000    -1.708
      1.186     0.005    -1.708
      1.191     0.011    -1.708
      1.196     0.016    -1.708
      1.201     0.021    -1.708
      1.206     0.027    -1.708
      1.212     0.032    -1.708
      1.217     0.037    -1.708
      1.222     0.043    -1.708
      1.228     0.049    -1.708
      1.234     0.054    -1.708
      1.240     0.060    -1.708
      1.246     0.065    -1.708
      1.252     0.071    -1.708
      1.257     0.077    -1.708
      1.263     0.082    -1.708
      1.269     0.088    -1.708
      1.275     0.093    -1.707
      1.281     0.098    -1.707
      1.287     0.104    -1.707
      1.293     0.109    -1.707
      1.299     0.114    -1.707
      1.305     0.119    -1.707
      1.311     0.125    -1.707
      1.317     0.130    -1.707
      1.324     0.135    -1.707
      1.330     0.140    -1.707
      1.336     0.145    -1.707
      1.342     0.150    -1.706
      1.348     0.155    -1.706
      1.355     0.160    -1.706
      1.361     0.165    -1.706
      1.367     0.170    -1.706
      1.374     0.175    -1.706
      1.380     0.180    -1.706
      1.387     0.185    -1.706
      1.393     0.190    -1.705
      1.400     0.195    -1.705
      1.406     0.199    -1.705
      1.413     0.204    -1.705
      1.419     0.209    -1.705
      1.426     0.214    -1.705
      1.433     0.218    -1.705
      1.439     0.223    -1.705
      1.446     0.227    -1.704
      1.452     0.232    -1.704
      1.459     0.236    -1.704
      1.466     0.241    -1.704
      1.472     0.245    -1.704
      1.479     0.250    -1.704
      1.486     0.254    -1.704
      1.493     0.258    -1.704
      1.500     0.263    -1.703
      1.506     0.267    -1.703
      1.513     0.271    -1.703
      1.520     0.276    -1.703
      1.527     0.280    -1.703
      1.534     0.284    -1.703
      1.541     0.288    -1.703
      1.548     0.292    -1.703
      1.555     0.296    -1.702
      1.561     0.300    -1.702
      1.568     0.304    -1.702
      1.574     0.307    -1.702
      1.581     0.311    -1.702
      1.587     0.315    -1.702
      1.594     0.318    -1.702
      1.601     0.322    -1.702
      1.608     0.326    -1.701
      1.615     0.330    -1.701
      1.622     0.334    -1.701
      1.629     0.338    -1.701
      1.636     0.341    -1.701
      1.643     0.345    -1.701
      1.651     0.349    -1.701
      1.658     0.352    -1.701
      1.665     0.356    -1.701
      1.672     0.359    -1.700
      1.679     0.363    -1.700
      1.687     0.367    -1.700
      1.694     0.370    -1.700
      1.701     0.374    -1.700
      1.709     0.377    -1.700
      1.716     0.381    -1.700
      1.723     0.384    -1.700
      1.731     0.387    -1.700
      1.738     0.391    -1.699
      1.745     0.394    -1.699
      1.753     0.397    -1.699
      1.760     0.401    -1.699
      1.767     0.404    -1.699
      1.774     0.407    -1.699
      1.781     0.410    -1.699
      1.788     0.412    -1.699
      1.794     0.415    -1.699
      1.801     0.418    -1.699
      1.809     0.421    -1.698
      1.816     0.424    -1.698
      1.824     0.428    -1.698
      1.831     0.431    -1.698
      1.839     0.434    -1.698
      1.846     0.437    -1.698
      1.854     0.439    -1.698
      1.861     0.442    -1.698
      1.868     0.445    -1.698
      1.875     0.447    -1.698
      1.882     0.450    -1.698
      1.889     0.453    -1.698
      1.896     0.455    -1.697
      1.902     0.458    -1.697
      1.909     0.460    -1.697
      1.916     0.463    -1.697
      1.923     0.465    -1.697
      1.930     0.468    -1.697
      1.938     0.470    -1.697
      1.944     0.473    -1.697
      1.951     0.475    -1.697
      1.957     0.477    -1.697
      1.964     0.479    -1.697
      1.971     0.482    -1.697
      1.978     0.484    -1.697
      1.986     0.487    -1.697
      1.994     0.489    -1.696
      2.001     0.492    -1.696
      2.009     0.494    -1.696
      2.017     0.496    -1.696
      2.024     0.499    -1.696
      2.032     0.501    -1.696
      2.040     0.503    -1.696
      2.047     0.506    -1.696
      2.055     0.508    -1.696
      2.063     0.510    -1.696
      2.071     0.513    -1.696
      2.078     0.515    -1.696
      2.086     0.517    -1.696
      2.094     0.519    -1.696
      2.102     0.521    -1.695
      2.110     0.523    -1.695
      2.118     0.526    -1.695
      2.125     0.528    -1.695
      2.133     0.530    -1.695
      2.141     0.532    -1.695
      2.149     0.534    -1.695
      2.156     0.536    -1.695
      2.163     0.537    -1.695
      2.171     0.539    -1.695
      2.178     0.541    -1.695
      2.185     0.543    -1.695
      2.192     0.544    -1.695
      2.200     0.546    -1.695
      2.208     0.548    -1.695
      2.216     0.550    -1.694
      2.224     0.552    -1.694
      2.232     0.553    -1.694
      2.240     0.555    -1.694
      2.248     0.557    -1.694
      2.255     0.558    -1.694
      2.262     0.560    -1.694
      2.269     0.561    -1.694
      2.277     0.563    -1.694
      2.284     0.564    -1.694
      2.291     0.566    -1.694
      2.299     0.567    -1.694
      2.306     0.569    -1.694
      2.313     0.570    -1.694
      2.320     0.571    -1.693
      2.328     0.573    -1.693
      2.335     0.574    -1.693
      2.342     0.575    -1.693
      2.349     0.577    -1.693
      2.356     0.578    -1.693
      2.363     0.579    -1.693
      2.370     0.580    -1.693
      2.378     0.582    -1.693
      2.386     0.583    -1.693
      2.394     0.584    -1.693
      2.402     0.585    -1.693
      2.410     0.587    -1.693
      2.418     0.588    -1.693
      2.426     0.589    -1.692
      2.433     0.590    -1.692
      2.440     0.591    -1.692
      2.448     0.592    -1.692
      2.455     0.593    -1.692
      2.462     0.594    -1.692
      2.470     0.595    -1.692
      2.477     0.596    -1.692
      2.485     0.597    -1.692
      2.492     0.598    -1.692
      2.499     0.599    -1.692
      2.507     0.600    -1.692
      2.514     0.601    -1.691
      2.521     0.602    -1.691
      2.528     0.602    -1.691
      2.535     0.603    -1.691
      2.542     0.604    -1.691
      2.549     0.605    -1.691
      2.556     0.605    -1.691
      2.564     0.606    -1.691
      2.571     0.607    -1.691
      2.578     0.608    -1.691
      2.586     0.608    -1.691
      2.593     0.609    -1.690
      2.600     0.610    -1.690
      2.607     0.610    -1.690
      2.614     0.611    -1.690
      2.621     0.611    -1.690
      2.628     0.612    -1.690
      2.635     0.612    -1.690
      2.642     0.613    -1.690
      2.649     0.614    -1.690
      2.656     0.614    -1.690
      2.663     0.614    -1.690
      2.670     0.615    -1.690
      2.677     0.615    -1.689
      2.684     0.616    -1.689
      2.691     0.616    -1.689
      2.698     0.617    -1.689
      2.705     0.617    -1.689
      2.713     0.617    -1.689
      2.720     0.618    -1.689
      2.727     0.618    -1.689
      2.735     0.619    -1.689
      2.742     0.619    -1.689
      2.750     0.619    -1.688
      2.758     0.620    -1.688
      2.766     0.620    -1.688
      2.774     0.620    -1.688
      2.782     0.620    -1.688
      2.791     0.621    -1.688
      2.799     0.621    -1.688
      2.807     0.621    -1.688
      2.815     0.621    -1.688
      2.823     0.621    -1.687
      2.831     0.622    -1.687
      2.839     0.622    -1.687
      2.847     0.622    -1.687
      2.855     0.622    -1.687
      2.863     0.622    -1.687
      2.871     0.622    -1.687
      2.879     0.622    -1.687
      2.887     0.622    -1.686
      2.895     0.622    -1.686
      2.903     0.622    -1.686
      2.911     0.622    -1.686
      2.919     0.622    -1.686
      2.927     0.622    -1.686
      2.935     0.622    -1.686
      2.943     0.622    -1.685
      2.951     0.622    -1.685
      2.959     0.622    -1.685
      2.967     0.621    -1.685
      2.976     0.621    -1.685
      2.984     0.621    -1.685
      2.992     0.621    -1.685
      3.000     0.621    -1.684
      3.008     0.620    -1.684
      3.016     0.620    -1.684
      3.024     0.620    -1.684
      3.032     0.620    -1.684
      3.040     0.619    -1.684
      3.048     0.619    -1.684
      3.056     0.619    -1.683
      3.064     0.618    -1.683
      3.072     0.618    -1.683
      3.080     0.617    -1.683
      3.088     0.617    -1.683
      3.096     0.617    -1.683
      3.104     0.616    -1.682
      3.112     0.616    -1.682
      3.121     0.615    -1.682
      3.129     0.615    -1.682
      3.137     0.614    -1.682
      3.145     0.614    -1.682
      3.153     0.613    -1.681
      3.161     0.613    -1.681
      3.169     0.612    -1.681
      3.177     0.612    -1.681
      3.184     0.611    -1.681
      3.191     0.611    -1.681
      3.199     0.610    -1.680
      3.206     0.610    -1.680
      3.214     0.609    -1.680
      3.222     0.608    -1.680
      3.230     0.608    -1.680
      3.238     0.607    -1.679
      3.246     0.606    -1.679
      3.254     0.606    -1.679
      3.262     0.605    -1.679
      3.270     0.604    -1.679
      3.278     0.603    -1.678
      3.286     0.603    -1.678
      3.294     0.602    -1.678
      3.302     0.601    -1.678
      3.310     0.600    -1.677
      3.318     0.600    -1.677
      3.326     0.599    -1.677
      3.334     0.598    -1.677
      3.342     0.597    -1.677
      3.350     0.596    -1.676
      3.358     0.595    -1.676
      3.366     0.595    -1.676
      3.374     0.594    -1.676
      3.382     0.593    -1.675
      3.390     0.592    -1.675
      3.398     0.591    -1.675
      3.406     0.590    -1.675
      3.413     0.589    -1.674
      3.421     0.588    -1.674
      3.428     0.588    -1.674
      3.435     0.587    -1.674
      3.443     0.586    -1.673
      3.451     0.585    -1.673
      3.459     0.584    -1.673
      3.467     0.583    -1.672
      3.475     0.582    -1.672
      3.483     0.581    -1.672
      3.491     0.580    -1.672
      3.499     0.579    -1.671
      3.506     0.578    -1.671
      3.514     0.577    -1.671
      3.521     0.576    -1.670
      3.528     0.575    -1.670
      3.536     0.574    -1.670
      3.543     0.573    -1.670
      3.550     0.572    -1.669
      3.558     0.571    -1.669
      3.565     0.570    -1.669
      3.572     0.569    -1.668
      3.580     0.567    -1.668
      3.587     0.566    -1.668
      3.594     0.565    -1.667
      3.601     0.564    -1.667
      3.608     0.563    -1.667
      3.615     0.562    -1.666
      3.622     0.561    -1.666
      3.630     0.560    -1.666
      3.638     0.559    -1.665
      3.646     0.558    -1.665
      3.654     0.557    -1.665
      3.662     0.555    -1.664
      3.670     0.554    -1.664
      3.677     0.553    -1.663
      3.685     0.552    -1.663
      3.693     0.550    -1.663
      3.701     0.549    -1.662
      3.709     0.548    -1.662
      3.717     0.547    -1.661
      3.725     0.545    -1.661
      3.733     0.544    -1.660
      3.741     0.543    -1.660
      3.749     0.541    -1.660
      3.757     0.540    -1.659
      3.765     0.539    -1.659
      3.773     0.537    -1.658
      3.781     0.536    -1.658
      3.789     0.535    -1.657
      3.797     0.533    -1.657
      3.805     0.532    -1.656
      3.812     0.531    -1.656
      3.820     0.530    -1.655
      3.827     0.528    -1.655
      3.834     0.527    -1.654
      3.842     0.526    -1.654
      3.849     0.525    -1.653
      3.857     0.523    -1.653
      3.865     0.522    -1.652
      3.873     0.520    -1.652
      3.881     0.519    -1.651
      3.889     0.518    -1.651
      3.897     0.516    -1.650
      3.905     0.515    -1.650
      3.912     0.514    -1.649
      3.919     0.512    -1.649
      3.927     0.511    -1.648
      3.934     0.510    -1.648
      3.941     0.508    -1.647
      3.948     0.507    -1.647
      3.956     0.506    -1.646
      3.963     0.504    -1.645
      3.970     0.503    -1.645
      3.978     0.502    -1.644
      3.985     0.500    -1.644
      3.992     0.499    -1.643
      3.999     0.498    -1.643
      4.006     0.496    -1.642
      4.013     0.495    -1.642
      4.020     0.494    -1.641
      4.027     0.493    -1.640
      4.034     0.491    -1.640
      4.042     0.490    -1.639
      4.050     0.488    -1.638
      4.058     0.487    -1.638
      4.066     0.485    -1.637
      4.074     0.484    -1.636
      4.082     0.482    -1.636
      4.089     0.481    -1.635
      4.097     0.480    -1.634
      4.104     0.478    -1.634
      4.111     0.477    -1.633
      4.118     0.475    -1.632
      4.126     0.474    -1.632
      4.133     0.473    -1.631
      4.140     0.471    -1.630
      4.148     0.470    -1.630
      4.155     0.468    -1.629
      4.162     0.467    -1.628
      4.169     0.466    -1.628
      4.176     0.464    -1.627
      4.183     0.463    -1.626
      4.190     0.462    -1.626
      4.197     0.460    -1.625
      4.204     0.459    -1.624
      4.211     0.458    -1.624
      4.218     0.456    -1.623
      4.225     0.455    -1.622
      4.233     0.453    -1.621
      4.240     0.452    -1.621
      4.247     0.451    -1.620
      4.254     0.449    -1.619
      4.261     0.448    -1.618
      4.268     0.447    -1.618
      4.275     0.445    -1.617
      4.281     0.444    -1.616
      4.288     0.443    -1.615
      4.295     0.441    -1.615
      4.302     0.440    -1.614
      4.309     0.439    -1.613
      4.316     0.437    -1.612
      4.322     0.436    -1.612
      4.329     0.435    -1.611
      4.336     0.433    -1.610
      4.342     0.432    -1.609
      4.350     0.430    -1.608
      4.358     0.429    -1.607
      4.366     0.427    -1.606
      4.375     0.426    -1.605
      4.383     0.424    -1.604
      4.391     0.423    -1.604
      4.399     0.421    -1.603
      4.406     0.420    -1.602
      4.413     0.418    -1.601
      4.421     0.417    -1.600
      4.428     0.415    -1.599
      4.435     0.414    -1.598
      4.443     0.412    -1.597
      4.450     0.411    -1.596
      4.457     0.409    -1.595
      4.465     0.408    -1.594
      4.472     0.406    -1.593
      4.479     0.405    -1.592
      4.487     0.404    -1.591
      4.494     0.402    -1.590
      4.501     0.401    -1.589
      4.508     0.399    -1.589
      4.514     0.398    -1.588
      4.521     0.397    -1.587
      4.529     0.395    -1.586
      4.536     0.394    -1.585
      4.543     0.392    -1.584
      4.551     0.391    -1.583
      4.558     0.389    -1.582
      4.565     0.388    -1.581
      4.572     0.387    -1.580
      4.579     0.385    -1.579
      4.586     0.384    -1.578
      4.593     0.383    -1.577
      4.600     0.381    -1.576
      4.607     0.380    -1.575
      4.614     0.378    -1.574
      4.621     0.377    -1.572
      4.628     0.376    -1.571
      4.635     0.374    -1.570
      4.641     0.373    -1.569
      4.648     0.372    -1.568
      4.655     0.370    -1.567
      4.662     0.369    -1.566
      4.669     0.367    -1.565
      4.676     0.366    -1.564
      4.684     0.365    -1.563
      4.691     0.363    -1.562
      4.698     0.362    -1.561
      4.706     0.360    -1.559
      4.713     0.359    -1.558
      4.719     0.357    -1.557
      4.726     0.356    -1.556
      4.733     0.355    -1.555
      4.740     0.353    -1.554
      4.747     0.352    -1.553
      4.754     0.351    -1.551
      4.761     0.349    -1.550
      4.768     0.348    -1.549
      4.775     0.347    -1.548
      4.781     0.345    -1.547
      4.788     0.344    -1.546
      4.795     0.342    -1.545
      4.802     0.341    -1.543
      4.808     0.340    -1.542
      4.815     0.338    -1.541
      4.822     0.337    -1.540
      4.829     0.336    -1.539
      4.836     0.334    -1.537
      4.843     0.333    -1.536
      4.850     0.332    -1.535
      4.856     0.330    -1.534
      4.863     0.329    -1.532
      4.871     0.327    -1.531
      4.879     0.326    -1.529
      4.887     0.324    -1.528
      4.895     0.322    -1.526
      4.903     0.321    -1.525
      4.911     0.319    -1.523
      4.918     0.318    -1.522
      4.926     0.316    -1.521
      4.933     0.315    -1.519
      4.940     0.313    -1.518
      4.948     0.312    -1.516
      4.955     0.310    -1.515
      4.962     0.309    -1.514
      4.969     0.308    -1.512
      4.975     0.306    -1.511
      4.982     0.305    -1.510
      4.989     0.303    -1.508
      4.996     0.302    -1.507
      5.003     0.301    -1.505
      5.010     0.299    -1.504
      5.016     0.298    -1.503
      5.023     0.296    -1.501
      5.030     0.295    -1.500
      5.037     0.294    -1.498
      5.043     0.292    -1.497
      5.050     0.291    -1.496
      5.057     0.290    -1.494
      5.064     0.288    -1.493
      5.071     0.287    -1.491
      5.077     0.285    -1.490
      5.084     0.284    -1.488
      5.091     0.283    -1.487
      5.098     0.281    -1.485
      5.104     0.280    -1.484
      5.111     0.278    -1.482
      5.119     0.277    -1.481
      5.127     0.275    -1.479
      5.135     0.274    -1.477
      5.143     0.272    -1.475
      5.151     0.270    -1.474
      5.159     0.269    -1.472
      5.166     0.267    -1.470
      5.172     0.266    -1.469
      5.179     0.264    -1.467
      5.186     0.263    -1.466
      5.193     0.261    -1.464
      5.199     0.260    -1.462
      5.206     0.259    -1.461
      5.213     0.257    -1.459
      5.219     0.256    -1.458
      5.227     0.254    -1.456
      5.235     0.252    -1.454
      5.243     0.251    -1.452
      5.251     0.249    -1.450
      5.259     0.247    -1.448
      5.267     0.246    -1.446
      5.275     0.244    -1.444
      5.283     0.242    -1.442
      5.291     0.241    -1.440
      5.299     0.239    -1.439
      5.307     0.237    -1.437
      5.314     0.235    -1.435
      5.322     0.234    -1.433
      5.329     0.232    -1.431
      5.337     0.231    -1.429
      5.344     0.229    -1.427
      5.352     0.227    -1.425
      5.359     0.226    -1.423
      5.366     0.224    -1.422
      5.373     0.223    -1.420
      5.380     0.221    -1.418
      5.387     0.220    -1.416
      5.395     0.218    -1.414
      5.401     0.216    -1.412
      5.408     0.215    -1.411
      5.415     0.213    -1.409
      5.422     0.212    -1.407
      5.428     0.210    -1.405
      5.435     0.209    -1.404
      5.442     0.207    -1.402
      5.448     0.206    -1.400
      5.455     0.204    -1.398
      5.462     0.203    -1.396
      5.469     0.201    -1.395
      5.475     0.200    -1.393
      5.482     0.199    -1.391
      5.488     0.197    -1.389
      5.495     0.196    -1.387
      5.502     0.194    -1.386
      5.508     0.192    -1.384
      5.515     0.191    -1.382
      5.522     0.189    -1.380
      5.528     0.188    -1.378
      5.535     0.186    -1.376
      5.542     0.185    -1.375
      5.548     0.183    -1.373
      5.556     0.182    -1.371
      5.564     0.180    -1.368
      5.572     0.178    -1.366
      5.579     0.176    -1.364
      5.587     0.174    -1.362
      5.595     0.173    -1.360
      5.602     0.171    -1.358
      5.609     0.170    -1.356
      5.615     0.168    -1.354
      5.622     0.166    -1.352
      5.629     0.165    -1.350
      5.635     0.163    -1.348
      5.642     0.162    -1.346
      5.648     0.160    -1.345
      5.655     0.159    -1.343
      5.663     0.157    -1.340
      5.670     0.155    -1.338
      5.678     0.153    -1.336
      5.686     0.151    -1.334
      5.694     0.149    -1.331
      5.702     0.148    -1.329
      5.709     0.146    -1.327
      5.717     0.144    -1.325
      5.725     0.142    -1.322
      5.733     0.140    -1.320
      5.740     0.138    -1.318
      5.748     0.136    -1.315
      5.756     0.135    -1.313
      5.763     0.133    -1.311
      5.770     0.131    -1.309
      5.778     0.129    -1.307
      5.785     0.127    -1.305
      5.792     0.126    -1.303
      5.798     0.124    -1.301
      5.805     0.123    -1.299
      5.811     0.121    -1.297
      5.818     0.119    -1.295
      5.825     0.118    -1.293
      5.831     0.116    -1.291
      5.838     0.114    -1.289
      5.844     0.113    -1.287
      5.852     0.111    -1.285
      5.860     0.109    -1.282
      5.867     0.107    -1.280
      5.875     0.105    -1.277
      5.883     0.103    -1.275
      5.891     0.101    -1.273
      5.898     0.099    -1.270
      5.906     0.097    -1.268
      5.914     0.095    -1.266
      5.922     0.093    -1.263
      5.929     0.091    -1.261
      5.937     0.089    -1.259
      5.944     0.088    -1.256
      5.952     0.086    -1.254
      5.959     0.084    -1.252
      5.966     0.082    -1.250
      5.974     0.080    -1.247
      5.981     0.078    -1.245
      5.989     0.076    -1.243
      5.997     0.074    -1.240
      6.004     0.072    -1.238
      6.012     0.070    -1.236
      6.020     0.068    -1.233
      6.027     0.066    -1.231
      6.034     0.064    -1.229
      6.042     0.062    -1.226
      6.049     0.060    -1.224
      6.056     0.058    -1.222
      6.063     0.056    -1.220
      6.071     0.054    -1.217
      6.078     0.052    -1.215
      6.085     0.050    -1.213
      6.092     0.049    -1.211
      6.100     0.047    -1.208
      6.107     0.045    -1.206
      6.114     0.043    -1.204
      6.121     0.041    -1.202
      6.128     0.039    -1.200
      6.135     0.037    -1.197
      6.142     0.035    -1.195
      6.149     0.033    -1.193
      6.156     0.031    -1.191
      6.163     0.029    -1.189
      6.169     0.027    -1.187
      6.176     0.026    -1.185
      6.183     0.024    -1.183
      6.189     0.022    -1.181
      6.196     0.020    -1.179
      6.202     0.018    -1.177
      6.209     0.016    -1.174
      6.215     0.015    -1.172
      6.222     0.013    -1.170
      6.228     0.011    -1.168
      6.235     0.009    -1.166
      6.241     0.007    -1.164
      6.248     0.005    -1.162
      6.254     0.004    -1.160
      6.261     0.002    -1.158
      6.267    -0.000    -1.156
      6.274    -0.002    -1.154
      6.280    -0.004    -1.152
      6.287    -0.006    -1.150
      6.293    -0.008    -1.148
      6.300    -0.010    -1.146
      6.306    -0.011    -1.144
      6.313    -0.013    -1.142
      6.320    -0.016    -1.140
      6.328    -0.018    -1.137
      6.336    -0.020    -1.135
      6.343    -0.022    -1.133
      6.351    -0.024    -1.130
      6.359    -0.027    -1.128
      6.365    -0.029    -1.126
      6.372    -0.031    -1.124
      6.378    -0.033    -1.122
      6.385    -0.034    -1.120
      6.392    -0.036    -1.118
      6.398    -0.038    -1.116
      6.404    -0.040    -1.114
      6.411    -0.042    -1.112
      6.417    -0.044    -1.110
      6.425    -0.046    -1.108
      6.433    -0.049    -1.106
      6.440    -0.051    -1.103
      6.448    -0.053    -1.101
      6.456    -0.056    -1.099
      6.463    -0.058    -1.096
      6.471    -0.060    -1.094
      6.479    -0.063    -1.092
      6.486    -0.065    -1.089
      6.494    -0.067    -1.087
      6.501    -0.069    -1.085
      6.509    -0.072    -1.083
      6.516    -0.074    -1.081
      6.524    -0.076    -1.078
      6.531    -0.078    -1.076
      6.538    -0.081    -1.074
      6.545    -0.083    -1.072
      6.552    -0.085    -1.070
      6.558    -0.087    -1.068
      6.565    -0.089    -1.066
      6.571    -0.091    -1.064
      6.578    -0.093    -1.062
      6.584    -0.095    -1.061
      6.591    -0.097    -1.059
      6.597    -0.099    -1.057
      6.604    -0.101    -1.055
      6.611    -0.103    -1.053
      6.619    -0.106    -1.051
      6.627    -0.108    -1.048
      6.634    -0.111    -1.046
      6.642    -0.113    -1.044
      6.650    -0.115    -1.042
      6.657    -0.118    -1.040
      6.665    -0.120    -1.038
      6.673    -0.123    -1.036
      6.680    -0.125    -1.033
      6.688    -0.128    -1.031
      6.696    -0.130    -1.029
      6.703    -0.132    -1.027
      6.710    -0.135    -1.025
      6.718    -0.137    -1.023
      6.725    -0.139    -1.021
      6.732    -0.141    -1.019
      6.740    -0.144    -1.017
      6.747    -0.146    -1.015
      6.755    -0.149    -1.013
      6.763    -0.151    -1.011
      6.771    -0.154    -1.009
      6.778    -0.156    -1.007
      6.785    -0.158    -1.005
      6.793    -0.161    -1.003
      6.800    -0.163    -1.001
      6.807    -0.165    -0.999
      6.815    -0.167    -0.998
      6.822    -0.170    -0.996
      6.829    -0.172    -0.994
      6.836    -0.174    -0.992
      6.844    -0.177    -0.990
      6.851    -0.179    -0.988
      6.858    -0.181    -0.987
      6.865    -0.183    -0.985
      6.872    -0.186    -0.983
      6.880    -0.188    -0.981
      6.886    -0.190    -0.980
      6.893    -0.192    -0.978
      6.899    -0.194    -0.976
      6.906    -0.196    -0.975
      6.913    -0.198    -0.973
      6.919    -0.200    -0.972
      6.926    -0.202    -0.970
      6.932    -0.204    -0.968
      6.939    -0.206    -0.967
      6.946    -0.209    -0.965
      6.954    -0.211    -0.963
      6.962    -0.214    -0.962
      6.970    -0.216    -0.960
      6.977    -0.218    -0.958
      6.985    -0.221    -0.956
      6.993    -0.223    -0.954
      7.001    -0.226    -0.953
      7.009    -0.228    -0.951
      7.016    -0.230    -0.949
      7.024    -0.233    -0.948
      7.032    -0.235    -0.946
      7.039    -0.237    -0.944
      7.047    -0.240    -0.943
      7.054    -0.242    -0.941
      7.061    -0.244    -0.940
      7.069    -0.246    -0.938
      7.077    -0.249    -0.936
      7.084    -0.251    -0.935
      7.092    -0.253    -0.933
      7.100    -0.256    -0.932
      7.108    -0.258    -0.930
      7.116    -0.260    -0.928
      7.123    -0.263    -0.927
      7.130    -0.265    -0.925
      7.138    -0.267    -0.924
      7.145    -0.269    -0.923
      7.153    -0.271    -0.921
      7.160    -0.273    -0.920
      7.168    -0.276    -0.918
      7.175    -0.278    -0.917
      7.182    -0.280    -0.916
      7.190    -0.282    -0.914
      7.197    -0.284    -0.913
      7.204    -0.286    -0.911
      7.212    -0.288    -0.910
      7.219    -0.290    -0.909
      7.227    -0.293    -0.907
      7.235    -0.295    -0.906
      7.243    -0.297    -0.905
      7.251    -0.299    -0.903
      7.259    -0.301    -0.902
      7.266    -0.304    -0.901
      7.274    -0.306    -0.899
      7.281    -0.308    -0.898
      7.289    -0.310    -0.897
      7.296    -0.312    -0.896
      7.304    -0.314    -0.894
      7.311    -0.316    -0.893
      7.319    -0.318    -0.892
      7.326    -0.320    -0.891
      7.334    -0.322    -0.889
      7.341    -0.324    -0.888
      7.349    -0.325    -0.887
      7.356    -0.327    -0.886
      7.363    -0.329    -0.885
      7.371    -0.331    -0.884
      7.378    -0.333    -0.883
      7.386    -0.335    -0.881
      7.393    -0.337    -0.880
      7.401    -0.339    -0.879
      7.409    -0.341    -0.878
      7.416    -0.342    -0.877
      7.423    -0.344    -0.876
      7.431    -0.346    -0.875
      7.438    -0.348    -0.874
      7.446    -0.350    -0.873
      7.453    -0.351    -0.872
      7.461    -0.353    -0.871
      7.469    -0.355    -0.870
      7.476    -0.357    -0.869
      7.484    -0.359    -0.868
      7.491    -0.360    -0.867
