Count of Points:146

WCS coordinates of Points:
      6.489     0.675    -1.413
      6.496     0.673    -1.410
      6.503     0.671    -1.407
      6.510     0.669    -1.405
      6.516     0.668    -1.402
      6.523     0.666    -1.400
      6.530     0.664    -1.397
      6.537     0.662    -1.395
      6.544     0.660    -1.392
      6.551     0.659    -1.389
      6.558     0.657    -1.387
      6.565     0.655    -1.384
      6.572     0.653    -1.381
      6.579     0.651    -1.379
      6.586     0.649    -1.376
      6.593     0.647    -1.373
      6.601     0.645    -1.371
      6.608     0.643    -1.368
      6.615     0.641    -1.365
      6.622     0.639    -1.363
      6.629     0.638    -1.360
      6.636     0.636    -1.358
      6.642     0.634    -1.355
      6.649     0.632    -1.353
      6.656     0.630    -1.350
      6.663     0.628    -1.348
      6.670     0.626    -1.345
      6.677     0.624    -1.343
      6.684     0.622    -1.340
      6.691     0.620    -1.338
      6.698     0.618    -1.335
      6.705     0.616    -1.333
      6.712     0.615    -1.330
      6.719     0.613    -1.328
      6.726     0.611    -1.325
      6.732     0.609    -1.323
      6.739     0.607    -1.321
      6.746     0.605    -1.318
      6.752     0.603    -1.316
      6.759     0.601    -1.314
      6.766     0.599    -1.311
      6.773     0.597    -1.309
      6.779     0.596    -1.307
      6.786     0.594    -1.304
      6.793     0.592    -1.302
      6.799     0.590    -1.300
      6.806     0.588    -1.297
      6.813     0.586    -1.295
      6.821     0.584    -1.292
      6.828     0.582    -1.290
      6.835     0.580    -1.287
      6.842     0.578    -1.285
      6.849     0.576    -1.283
      6.856     0.574    -1.281
      6.862     0.572    -1.278
      6.869     0.570    -1.276
      6.876     0.568    -1.274
      6.883     0.566    -1.272
      6.889     0.564    -1.269
      6.896     0.562    -1.267
      6.903     0.560    -1.265
      6.910     0.558    -1.263
      6.916     0.556    -1.260
      6.923     0.554    -1.258
      6.929     0.552    -1.256
      6.936     0.550    -1.254
      6.943     0.548    -1.252
      6.950     0.546    -1.250
      6.956     0.544    -1.247
      6.963     0.542    -1.245
      6.970     0.540    -1.243
      6.977     0.538    -1.241
      6.983     0.536    -1.239
      6.990     0.534    -1.237
      6.997     0.532    -1.235
      7.003     0.530    -1.233
      7.010     0.528    -1.231
      7.017     0.526    -1.229
      7.024     0.524    -1.226
      7.031     0.522    -1.224
      7.037     0.520    -1.222
      7.044     0.518    -1.220
      7.051     0.515    -1.218
      7.059     0.513    -1.216
      7.066     0.511    -1.214
      7.073     0.509    -1.212
      7.080     0.507    -1.209
      7.087     0.505    -1.207
      7.094     0.502    -1.205
      7.101     0.500    -1.203
      7.108     0.498    -1.201
      7.115     0.496    -1.199
      7.121     0.494    -1.197
      7.128     0.492    -1.195
      7.135     0.490    -1.194
      7.142     0.488    -1.192
      7.149     0.486    -1.190
      7.156     0.484    -1.188
      7.162     0.482    -1.186
      7.169     0.480    -1.184
      7.176     0.478    -1.182
      7.182     0.476    -1.180
      7.189     0.474    -1.179
      7.196     0.472    -1.177
      7.203     0.470    -1.175
      7.210     0.468    -1.173
      7.217     0.466    -1.171
      7.223     0.464    -1.169
      7.230     0.462    -1.168
      7.237     0.460    -1.166
      7.244     0.458    -1.164
      7.251     0.456    -1.162
      7.257     0.454    -1.161
      7.264     0.452    -1.159
      7.271     0.450    -1.157
      7.278     0.448    -1.155
      7.285     0.446    -1.154
      7.292     0.444    -1.152
      7.299     0.442    -1.150
      7.306     0.440    -1.149
      7.313     0.438    -1.147
      7.320     0.436    -1.145
      7.327     0.434    -1.144
      7.333     0.432    -1.142
      7.340     0.430    -1.141
      7.347     0.428    -1.139
      7.354     0.426    -1.137
      7.361     0.424    -1.136
      7.368     0.422    -1.134
      7.375     0.420    -1.133
      7.382     0.418    -1.131
      7.389     0.416    -1.130
      7.396     0.414    -1.128
      7.403     0.412    -1.127
      7.409     0.410    -1.125
      7.416     0.408    -1.124
      7.423     0.406    -1.122
      7.430     0.404    -1.121
      7.437     0.402    -1.119
      7.444     0.400    -1.118
      7.451     0.398    -1.116
      7.459     0.396    -1.115
      7.467     0.394    -1.113
      7.475     0.392    -1.112
      7.482     0.390    -1.110
      7.490     0.388    -1.109
