Count of Points:874

WCS coordinates of Points:
      7.407    -1.175    -0.443
      7.400    -1.174    -0.444
      7.393    -1.172    -0.444
      7.386    -1.171    -0.445
      7.379    -1.170    -0.446
      7.372    -1.168    -0.447
      7.366    -1.167    -0.448
      7.359    -1.165    -0.448
      7.352    -1.164    -0.449
      7.345    -1.162    -0.450
      7.338    -1.161    -0.451
      7.331    -1.159    -0.452
      7.324    -1.158    -0.452
      7.317    -1.156    -0.453
      7.310    -1.154    -0.454
      7.303    -1.153    -0.455
      7.296    -1.151    -0.456
      7.289    -1.150    -0.456
      7.282    -1.148    -0.457
      7.275    -1.146    -0.458
      7.268    -1.145    -0.459
      7.261    -1.143    -0.460
      7.254    -1.142    -0.461
      7.248    -1.140    -0.461
      7.240    -1.138    -0.462
      7.232    -1.136    -0.463
      7.225    -1.134    -0.464
      7.217    -1.132    -0.465
      7.209    -1.131    -0.466
      7.202    -1.129    -0.467
      7.196    -1.127    -0.468
      7.189    -1.125    -0.469
      7.182    -1.124    -0.469
      7.175    -1.122    -0.470
      7.168    -1.120    -0.471
      7.161    -1.118    -0.472
      7.153    -1.116    -0.473
      7.146    -1.114    -0.474
      7.138    -1.112    -0.475
      7.131    -1.110    -0.476
      7.123    -1.108    -0.477
      7.115    -1.106    -0.478
      7.108    -1.104    -0.479
      7.100    -1.102    -0.480
      7.093    -1.100    -0.481
      7.085    -1.098    -0.482
      7.078    -1.096    -0.483
      7.070    -1.094    -0.484
      7.063    -1.092    -0.485
      7.055    -1.090    -0.486
      7.049    -1.088    -0.487
      7.042    -1.086    -0.488
      7.035    -1.084    -0.488
      7.028    -1.082    -0.489
      7.021    -1.080    -0.490
      7.014    -1.078    -0.491
      7.007    -1.076    -0.492
      7.000    -1.074    -0.493
      6.992    -1.072    -0.494
      6.985    -1.070    -0.495
      6.977    -1.067    -0.496
      6.970    -1.065    -0.497
      6.962    -1.063    -0.498
      6.955    -1.061    -0.499
      6.947    -1.058    -0.500
      6.940    -1.056    -0.501
      6.932    -1.054    -0.503
      6.925    -1.051    -0.504
      6.918    -1.049    -0.505
      6.910    -1.047    -0.506
      6.903    -1.045    -0.507
      6.895    -1.042    -0.508
      6.888    -1.040    -0.509
      6.880    -1.038    -0.510
      6.873    -1.035    -0.511
      6.865    -1.033    -0.512
      6.858    -1.031    -0.513
      6.851    -1.028    -0.514
      6.843    -1.026    -0.515
      6.836    -1.024    -0.516
      6.829    -1.021    -0.517
      6.821    -1.019    -0.518
      6.814    -1.016    -0.520
      6.806    -1.014    -0.521
      6.799    -1.011    -0.522
      6.791    -1.009    -0.523
      6.784    -1.006    -0.524
      6.777    -1.004    -0.525
      6.770    -1.002    -0.526
      6.764    -1.000    -0.527
      6.757    -0.997    -0.528
      6.750    -0.995    -0.529
      6.743    -0.993    -0.530
      6.737    -0.991    -0.531
      6.729    -0.988    -0.532
      6.722    -0.986    -0.533
      6.714    -0.983    -0.534
      6.707    -0.980    -0.536
      6.700    -0.978    -0.537
      6.692    -0.975    -0.538
      6.685    -0.973    -0.539
      6.677    -0.970    -0.540
      6.670    -0.968    -0.541
      6.663    -0.965    -0.542
      6.655    -0.963    -0.543
      6.648    -0.960    -0.545
      6.641    -0.957    -0.546
      6.634    -0.955    -0.547
      6.626    -0.952    -0.548
      6.619    -0.950    -0.549
      6.612    -0.947    -0.550
      6.604    -0.944    -0.551
      6.597    -0.942    -0.552
      6.590    -0.939    -0.554
      6.582    -0.936    -0.555
      6.575    -0.934    -0.556
      6.568    -0.931    -0.557
      6.561    -0.929    -0.558
      6.553    -0.926    -0.559
      6.546    -0.923    -0.560
      6.538    -0.921    -0.562
      6.531    -0.918    -0.563
      6.524    -0.915    -0.564
      6.516    -0.912    -0.565
      6.509    -0.910    -0.566
      6.502    -0.907    -0.567
      6.494    -0.904    -0.569
      6.487    -0.901    -0.570
      6.480    -0.899    -0.571
      6.472    -0.896    -0.572
      6.465    -0.893    -0.573
      6.458    -0.891    -0.574
      6.451    -0.888    -0.575
      6.444    -0.885    -0.577
      6.436    -0.882    -0.578
      6.429    -0.880    -0.579
      6.422    -0.877    -0.580
      6.414    -0.874    -0.581
      6.407    -0.871    -0.582
      6.400    -0.869    -0.584
      6.392    -0.866    -0.585
      6.385    -0.863    -0.586
      6.378    -0.860    -0.587
      6.370    -0.857    -0.588
      6.363    -0.854    -0.589
      6.356    -0.852    -0.591
      6.348    -0.849    -0.592
      6.342    -0.846    -0.593
      6.335    -0.844    -0.594
      6.328    -0.841    -0.595
      6.322    -0.838    -0.596
      6.315    -0.836    -0.597
      6.308    -0.833    -0.598
      6.301    -0.831    -0.599
      6.295    -0.828    -0.600
      6.288    -0.825    -0.601
      6.282    -0.823    -0.602
      6.275    -0.820    -0.603
      6.268    -0.818    -0.604
      6.262    -0.815    -0.606
      6.254    -0.812    -0.607
      6.247    -0.809    -0.608
      6.240    -0.806    -0.609
      6.233    -0.804    -0.610
      6.225    -0.801    -0.611
      6.218    -0.798    -0.612
      6.211    -0.795    -0.614
      6.204    -0.792    -0.615
      6.196    -0.789    -0.616
      6.189    -0.786    -0.617
      6.182    -0.783    -0.618
      6.175    -0.781    -0.619
      6.168    -0.778    -0.620
      6.160    -0.775    -0.621
      6.153    -0.772    -0.623
      6.146    -0.769    -0.624
      6.139    -0.766    -0.625
      6.131    -0.763    -0.626
      6.124    -0.760    -0.627
      6.117    -0.757    -0.628
      6.110    -0.755    -0.629
      6.103    -0.752    -0.630
      6.096    -0.749    -0.631
      6.088    -0.746    -0.633
      6.081    -0.743    -0.634
      6.074    -0.740    -0.635
      6.066    -0.737    -0.636
      6.059    -0.734    -0.637
      6.052    -0.731    -0.638
      6.045    -0.728    -0.639
      6.037    -0.725    -0.640
      6.030    -0.722    -0.641
      6.023    -0.719    -0.642
      6.016    -0.716    -0.644
      6.008    -0.713    -0.645
      6.001    -0.710    -0.646
      5.994    -0.707    -0.647
      5.987    -0.705    -0.648
      5.980    -0.702    -0.649
      5.973    -0.699    -0.650
      5.965    -0.696    -0.651
      5.958    -0.693    -0.652
      5.951    -0.690    -0.653
      5.944    -0.687    -0.654
      5.936    -0.684    -0.655
      5.929    -0.681    -0.656
      5.922    -0.678    -0.657
      5.915    -0.675    -0.658
      5.907    -0.672    -0.659
      5.900    -0.669    -0.660
      5.893    -0.666    -0.661
      5.886    -0.663    -0.663
      5.878    -0.660    -0.664
      5.872    -0.657    -0.664
      5.865    -0.654    -0.665
      5.858    -0.651    -0.666
      5.852    -0.649    -0.667
      5.845    -0.646    -0.668
      5.838    -0.643    -0.669
      5.831    -0.640    -0.670
      5.824    -0.637    -0.671
      5.817    -0.634    -0.672
      5.809    -0.631    -0.673
      5.802    -0.628    -0.674
      5.795    -0.625    -0.675
      5.788    -0.622    -0.676
      5.781    -0.619    -0.677
      5.774    -0.616    -0.678
      5.766    -0.613    -0.679
      5.759    -0.610    -0.680
      5.752    -0.607    -0.681
      5.745    -0.604    -0.682
      5.737    -0.601    -0.683
      5.730    -0.597    -0.684
      5.723    -0.594    -0.685
      5.716    -0.591    -0.686
      5.709    -0.588    -0.686
      5.701    -0.585    -0.687
      5.694    -0.582    -0.688
      5.687    -0.579    -0.689
      5.680    -0.576    -0.690
      5.672    -0.573    -0.691
      5.666    -0.570    -0.692
      5.659    -0.567    -0.693
      5.652    -0.564    -0.693
      5.646    -0.562    -0.694
      5.639    -0.559    -0.695
      5.632    -0.556    -0.696
      5.625    -0.553    -0.697
      5.618    -0.550    -0.698
      5.611    -0.547    -0.699
      5.603    -0.543    -0.699
      5.596    -0.540    -0.700
      5.589    -0.537    -0.701
      5.582    -0.534    -0.702
      5.575    -0.531    -0.703
      5.568    -0.528    -0.704
      5.562    -0.526    -0.704
      5.555    -0.523    -0.705
      5.549    -0.520    -0.706
      5.542    -0.517    -0.707
      5.535    -0.514    -0.707
      5.529    -0.511    -0.708
      5.522    -0.508    -0.709
      5.515    -0.505    -0.710
      5.509    -0.503    -0.710
      5.502    -0.500    -0.711
      5.496    -0.497    -0.712
      5.490    -0.494    -0.712
      5.483    -0.492    -0.713
      5.477    -0.489    -0.714
      5.471    -0.486    -0.714
      5.464    -0.483    -0.715
      5.458    -0.480    -0.716
      5.451    -0.478    -0.716
      5.445    -0.475    -0.717
      5.438    -0.472    -0.718
      5.432    -0.469    -0.719
      5.425    -0.466    -0.719
      5.418    -0.463    -0.720
      5.411    -0.460    -0.721
      5.403    -0.457    -0.721
      5.396    -0.453    -0.722
      5.389    -0.450    -0.723
      5.382    -0.447    -0.724
      5.374    -0.444    -0.724
      5.367    -0.441    -0.725
      5.360    -0.438    -0.726
      5.353    -0.434    -0.726
      5.346    -0.431    -0.727
      5.339    -0.428    -0.728
      5.332    -0.425    -0.728
      5.325    -0.422    -0.729
      5.317    -0.419    -0.730
      5.310    -0.415    -0.730
      5.303    -0.412    -0.731
      5.296    -0.409    -0.732
      5.288    -0.406    -0.732
      5.281    -0.403    -0.733
      5.274    -0.400    -0.733
      5.267    -0.396    -0.734
      5.260    -0.393    -0.735
      5.253    -0.390    -0.735
      5.246    -0.387    -0.736
      5.239    -0.384    -0.737
      5.231    -0.380    -0.737
      5.224    -0.377    -0.738
      5.217    -0.374    -0.738
      5.210    -0.371    -0.739
      5.202    -0.368    -0.740
      5.195    -0.364    -0.740
      5.188    -0.361    -0.741
      5.181    -0.358    -0.741
      5.174    -0.355    -0.742
      5.167    -0.352    -0.742
      5.159    -0.348    -0.743
      5.152    -0.345    -0.743
      5.145    -0.342    -0.744
      5.138    -0.339    -0.745
      5.131    -0.336    -0.745
      5.124    -0.332    -0.746
      5.116    -0.329    -0.746
      5.109    -0.326    -0.747
      5.102    -0.323    -0.747
      5.095    -0.319    -0.748
      5.088    -0.316    -0.748
      5.080    -0.313    -0.749
      5.073    -0.310    -0.749
      5.066    -0.306    -0.750
      5.059    -0.303    -0.750
      5.052    -0.300    -0.751
      5.044    -0.297    -0.751
      5.038    -0.294    -0.752
      5.031    -0.291    -0.752
      5.025    -0.288    -0.753
      5.018    -0.285    -0.753
      5.011    -0.282    -0.753
      5.005    -0.279    -0.754
      4.998    -0.275    -0.754
      4.990    -0.272    -0.755
      4.983    -0.269    -0.755
      4.976    -0.265    -0.756
      4.969    -0.262    -0.756
      4.962    -0.259    -0.757
      4.955    -0.256    -0.757
      4.948    -0.253    -0.757
      4.941    -0.249    -0.758
      4.933    -0.246    -0.758
      4.926    -0.243    -0.759
      4.919    -0.240    -0.759
      4.912    -0.236    -0.760
      4.905    -0.233    -0.760
      4.897    -0.230    -0.760
      4.890    -0.226    -0.761
      4.883    -0.223    -0.761
      4.876    -0.220    -0.762
      4.869    -0.217    -0.762
      4.861    -0.213    -0.762
      4.854    -0.210    -0.763
      4.847    -0.207    -0.763
      4.840    -0.203    -0.763
      4.833    -0.200    -0.764
      4.826    -0.197    -0.764
      4.820    -0.194    -0.764
      4.813    -0.191    -0.765
      4.807    -0.188    -0.765
      4.800    -0.185    -0.765
      4.793    -0.182    -0.766
      4.786    -0.179    -0.766
      4.778    -0.176    -0.767
      4.771    -0.172    -0.767
      4.764    -0.169    -0.767
      4.757    -0.166    -0.768
      4.750    -0.162    -0.768
      4.743    -0.159    -0.768
      4.736    -0.156    -0.768
      4.730    -0.153    -0.769
      4.723    -0.150    -0.769
      4.717    -0.147    -0.769
      4.710    -0.144    -0.770
      4.703    -0.141    -0.770
      4.697    -0.138    -0.770
      4.690    -0.135    -0.770
      4.683    -0.132    -0.771
      4.677    -0.129    -0.771
      4.670    -0.126    -0.771
      4.664    -0.124    -0.772
      4.658    -0.121    -0.772
      4.652    -0.118    -0.772
      4.645    -0.115    -0.772
      4.639    -0.112    -0.773
      4.632    -0.109    -0.773
      4.625    -0.106    -0.773
      4.617    -0.103    -0.773
      4.610    -0.099    -0.774
      4.603    -0.096    -0.774
      4.596    -0.093    -0.774
      4.589    -0.090    -0.774
      4.582    -0.087    -0.775
      4.575    -0.083    -0.775
      4.567    -0.080    -0.775
      4.560    -0.077    -0.775
      4.553    -0.074    -0.776
      4.546    -0.070    -0.776
      4.539    -0.067    -0.776
      4.531    -0.064    -0.776
      4.524    -0.061    -0.777
      4.517    -0.058    -0.777
      4.510    -0.054    -0.777
      4.502    -0.051    -0.777
      4.495    -0.048    -0.778
      4.488    -0.045    -0.778
      4.481    -0.041    -0.778
      4.473    -0.038    -0.778
      4.467    -0.035    -0.778
      4.460    -0.032    -0.779
      4.453    -0.029    -0.779
      4.447    -0.027    -0.779
      4.440    -0.024    -0.779
      4.433    -0.021    -0.779
      4.426    -0.018    -0.780
      4.419    -0.014    -0.780
      4.412    -0.011    -0.780
      4.404    -0.008    -0.780
      4.397    -0.005    -0.780
      4.390    -0.002    -0.781
      4.383     0.002    -0.781
      4.376     0.004    -0.781
      4.369     0.007    -0.781
      4.363     0.010    -0.781
      4.356     0.013    -0.782
      4.349     0.016    -0.782
      4.343     0.019    -0.782
      4.336     0.022    -0.782
      4.329     0.025    -0.782
      4.323     0.027    -0.782
      4.316     0.030    -0.782
      4.309     0.033    -0.783
      4.303     0.036    -0.783
      4.296     0.039    -0.783
      4.290     0.041    -0.783
      4.284     0.044    -0.783
      4.277     0.047    -0.783
      4.271     0.049    -0.783
      4.264     0.052    -0.784
      4.256     0.056    -0.784
      4.249     0.059    -0.784
      4.242     0.062    -0.784
      4.235     0.065    -0.784
      4.227     0.068    -0.784
      4.220     0.071    -0.785
      4.213     0.074    -0.785
      4.206     0.076    -0.785
      4.200     0.079    -0.785
      4.193     0.082    -0.785
      4.186     0.085    -0.785
      4.180     0.087    -0.785
      4.173     0.090    -0.785
      4.166     0.093    -0.786
      4.159     0.096    -0.786
      4.153     0.098    -0.786
      4.146     0.101    -0.786
      4.139     0.104    -0.786
      4.133     0.107    -0.786
      4.127     0.109    -0.786
      4.120     0.112    -0.786
      4.114     0.114    -0.787
      4.108     0.117    -0.787
      4.101     0.119    -0.787
      4.094     0.122    -0.787
      4.087     0.125    -0.787
      4.081     0.128    -0.787
      4.074     0.130    -0.787
      4.067     0.133    -0.787
      4.061     0.135    -0.787
      4.054     0.138    -0.787
      4.048     0.140    -0.788
      4.041     0.143    -0.788
      4.035     0.145    -0.788
      4.028     0.148    -0.788
      4.021     0.151    -0.788
      4.014     0.154    -0.788
      4.007     0.156    -0.788
      3.999     0.159    -0.788
      3.992     0.162    -0.788
      3.985     0.165    -0.788
      3.978     0.167    -0.789
      3.971     0.170    -0.789
      3.965     0.172    -0.789
      3.958     0.175    -0.789
      3.951     0.177    -0.789
      3.944     0.180    -0.789
      3.938     0.182    -0.789
      3.931     0.185    -0.789
      3.923     0.188    -0.789
      3.916     0.190    -0.789
      3.909     0.193    -0.789
      3.901     0.196    -0.789
      3.894     0.198    -0.790
      3.886     0.201    -0.790
      3.879     0.204    -0.790
      3.871     0.206    -0.790
      3.864     0.209    -0.790
      3.856     0.212    -0.790
      3.849     0.214    -0.790
      3.842     0.217    -0.790
      3.835     0.220    -0.790
      3.827     0.222    -0.790
      3.820     0.225    -0.790
      3.812     0.227    -0.790
      3.805     0.230    -0.790
      3.797     0.232    -0.791
      3.790     0.235    -0.791
      3.782     0.237    -0.791
      3.775     0.240    -0.791
      3.768     0.242    -0.791
      3.760     0.245    -0.791
      3.753     0.247    -0.791
      3.745     0.250    -0.791
      3.738     0.252    -0.791
      3.730     0.255    -0.791
      3.723     0.257    -0.791
      3.715     0.260    -0.791
      3.708     0.262    -0.791
      3.700     0.265    -0.791
      3.693     0.267    -0.791
      3.685     0.269    -0.791
      3.677     0.272    -0.792
      3.670     0.274    -0.792
      3.662     0.276    -0.792
      3.655     0.279    -0.792
      3.648     0.281    -0.792
      3.640     0.283    -0.792
      3.633     0.286    -0.792
      3.625     0.288    -0.792
      3.617     0.290    -0.792
      3.610     0.292    -0.792
      3.602     0.295    -0.792
      3.595     0.297    -0.792
      3.587     0.299    -0.792
      3.579     0.301    -0.792
      3.572     0.304    -0.792
      3.564     0.306    -0.792
      3.557     0.308    -0.792
      3.549     0.310    -0.792
      3.541     0.312    -0.792
      3.534     0.314    -0.792
      3.527     0.316    -0.792
      3.520     0.318    -0.792
      3.513     0.320    -0.793
      3.506     0.322    -0.793
      3.499     0.324    -0.793
      3.492     0.326    -0.793
      3.484     0.328    -0.793
      3.476     0.330    -0.793
      3.469     0.332    -0.793
      3.461     0.334    -0.793
      3.453     0.336    -0.793
      3.446     0.338    -0.793
      3.438     0.339    -0.793
      3.431     0.341    -0.793
      3.423     0.343    -0.793
      3.415     0.345    -0.793
      3.408     0.347    -0.793
      3.400     0.349    -0.793
      3.392     0.351    -0.793
      3.385     0.352    -0.793
      3.377     0.354    -0.793
      3.369     0.356    -0.793
      3.361     0.358    -0.793
      3.354     0.360    -0.793
      3.346     0.361    -0.793
      3.338     0.363    -0.793
      3.331     0.365    -0.793
      3.323     0.366    -0.793
      3.315     0.368    -0.793
      3.308     0.370    -0.793
      3.301     0.371    -0.793
      3.294     0.373    -0.793
      3.287     0.374    -0.793
      3.279     0.376    -0.793
      3.272     0.377    -0.793
      3.265     0.379    -0.793
      3.257     0.380    -0.793
      3.249     0.382    -0.793
      3.241     0.383    -0.794
      3.233     0.385    -0.794
      3.226     0.386    -0.794
      3.218     0.387    -0.794
      3.211     0.389    -0.794
      3.204     0.390    -0.794
      3.196     0.391    -0.794
      3.189     0.393    -0.794
      3.182     0.394    -0.794
      3.175     0.395    -0.794
      3.168     0.396    -0.794
      3.161     0.397    -0.794
      3.153     0.399    -0.794
      3.146     0.400    -0.794
      3.139     0.401    -0.794
      3.132     0.402    -0.794
      3.125     0.403    -0.794
      3.118     0.404    -0.794
      3.112     0.405    -0.794
      3.105     0.406    -0.794
      3.098     0.407    -0.794
      3.090     0.408    -0.794
      3.082     0.409    -0.794
      3.075     0.410    -0.794
      3.067     0.411    -0.794
      3.059     0.413    -0.794
      3.051     0.414    -0.794
      3.043     0.415    -0.794
      3.036     0.415    -0.794
      3.028     0.416    -0.794
      3.020     0.417    -0.794
      3.012     0.418    -0.794
      3.004     0.419    -0.794
      2.996     0.420    -0.794
      2.989     0.421    -0.794
      2.981     0.422    -0.794
      2.973     0.423    -0.794
      2.965     0.423    -0.794
      2.957     0.424    -0.794
      2.949     0.425    -0.794
      2.941     0.426    -0.794
      2.933     0.426    -0.794
      2.925     0.427    -0.794
      2.918     0.428    -0.794
      2.910     0.428    -0.794
      2.903     0.429    -0.794
      2.896     0.429    -0.794
      2.889     0.430    -0.794
      2.881     0.430    -0.794
      2.874     0.431    -0.794
      2.866     0.431    -0.794
      2.858     0.432    -0.794
      2.850     0.432    -0.794
      2.842     0.433    -0.794
      2.835     0.433    -0.794
      2.827     0.434    -0.794
      2.819     0.434    -0.794
      2.811     0.435    -0.794
      2.804     0.435    -0.794
      2.797     0.435    -0.794
      2.790     0.435    -0.794
      2.782     0.436    -0.794
      2.775     0.436    -0.794
      2.768     0.436    -0.794
      2.761     0.436    -0.794
      2.753     0.437    -0.794
      2.746     0.437    -0.794
      2.739     0.437    -0.794
      2.732     0.437    -0.794
      2.725     0.437    -0.794
      2.718     0.437    -0.794
      2.711     0.437    -0.794
      2.704     0.437    -0.794
      2.697     0.437    -0.794
      2.689     0.437    -0.794
      2.681     0.437    -0.794
      2.674     0.437    -0.794
      2.666     0.437    -0.794
      2.658     0.437    -0.794
      2.650     0.437    -0.794
      2.642     0.437    -0.794
      2.635     0.437    -0.794
      2.627     0.437    -0.794
      2.620     0.437    -0.794
      2.613     0.436    -0.794
      2.606     0.436    -0.794
      2.598     0.436    -0.794
      2.591     0.436    -0.794
      2.584     0.436    -0.794
      2.576     0.435    -0.794
      2.569     0.435    -0.794
      2.562     0.435    -0.794
      2.555     0.434    -0.794
      2.548     0.434    -0.794
      2.541     0.434    -0.794
      2.534     0.433    -0.794
      2.527     0.433    -0.794
      2.520     0.432    -0.794
      2.513     0.432    -0.794
      2.506     0.431    -0.794
      2.499     0.431    -0.794
      2.491     0.430    -0.794
      2.484     0.430    -0.794
      2.477     0.429    -0.794
      2.470     0.429    -0.794
      2.463     0.428    -0.794
      2.456     0.428    -0.794
      2.450     0.427    -0.794
      2.443     0.427    -0.794
      2.435     0.426    -0.794
      2.428     0.425    -0.794
      2.420     0.424    -0.794
      2.412     0.424    -0.794
      2.405     0.423    -0.794
      2.397     0.422    -0.794
      2.390     0.421    -0.794
      2.382     0.420    -0.794
      2.374     0.420    -0.794
      2.366     0.419    -0.794
      2.358     0.418    -0.794
      2.351     0.417    -0.794
      2.343     0.416    -0.794
      2.335     0.415    -0.794
      2.327     0.414    -0.794
      2.320     0.413    -0.794
      2.312     0.412    -0.794
      2.304     0.410    -0.794
      2.296     0.409    -0.794
      2.288     0.408    -0.794
      2.280     0.407    -0.794
      2.273     0.406    -0.794
      2.265     0.405    -0.794
      2.257     0.403    -0.794
      2.249     0.402    -0.794
      2.241     0.401    -0.794
      2.234     0.399    -0.794
      2.226     0.398    -0.794
      2.218     0.397    -0.794
      2.210     0.395    -0.794
      2.202     0.394    -0.794
      2.195     0.393    -0.794
      2.188     0.391    -0.794
      2.181     0.390    -0.794
      2.174     0.389    -0.794
      2.167     0.387    -0.794
      2.159     0.386    -0.794
      2.152     0.384    -0.794
      2.144     0.383    -0.794
      2.136     0.381    -0.794
      2.128     0.380    -0.794
      2.121     0.378    -0.794
      2.113     0.376    -0.794
      2.105     0.375    -0.794
      2.098     0.373    -0.794
      2.091     0.371    -0.794
      2.084     0.370    -0.794
      2.077     0.368    -0.794
      2.070     0.367    -0.794
      2.063     0.365    -0.794
      2.056     0.363    -0.794
      2.048     0.362    -0.794
      2.041     0.360    -0.794
      2.034     0.358    -0.794
      2.027     0.356    -0.794
      2.020     0.355    -0.794
      2.014     0.353    -0.794
      2.007     0.351    -0.794
      2.000     0.350    -0.794
      1.994     0.348    -0.794
      1.987     0.346    -0.794
      1.979     0.344    -0.794
      1.972     0.342    -0.794
      1.964     0.340    -0.794
      1.956     0.338    -0.794
      1.949     0.336    -0.794
      1.941     0.334    -0.794
      1.934     0.331    -0.794
      1.927     0.329    -0.794
      1.920     0.327    -0.794
      1.913     0.325    -0.794
      1.906     0.323    -0.794
      1.899     0.321    -0.794
      1.892     0.319    -0.794
      1.885     0.317    -0.794
      1.878     0.315    -0.794
      1.871     0.313    -0.794
      1.864     0.311    -0.794
      1.857     0.308    -0.794
      1.850     0.306    -0.794
      1.844     0.304    -0.794
      1.837     0.302    -0.794
      1.830     0.300    -0.794
      1.824     0.298    -0.794
      1.817     0.296    -0.794
      1.811     0.293    -0.794
      1.804     0.291    -0.794
      1.797     0.289    -0.794
      1.790     0.287    -0.794
      1.783     0.284    -0.794
      1.776     0.282    -0.794
      1.770     0.280    -0.794
      1.763     0.277    -0.794
      1.757     0.275    -0.794
      1.750     0.273    -0.794
      1.744     0.270    -0.794
      1.737     0.268    -0.794
      1.729     0.265    -0.794
      1.722     0.263    -0.794
      1.715     0.260    -0.794
      1.708     0.257    -0.794
      1.701     0.255    -0.794
      1.694     0.252    -0.794
      1.687     0.249    -0.794
      1.679     0.246    -0.794
      1.672     0.243    -0.794
      1.664     0.241    -0.794
      1.657     0.238    -0.794
      1.650     0.235    -0.794
      1.642     0.232    -0.794
      1.635     0.229    -0.794
      1.628     0.226    -0.794
      1.621     0.223    -0.794
      1.615     0.221    -0.794
      1.608     0.218    -0.794
      1.601     0.215    -0.794
      1.595     0.212    -0.794
      1.588     0.209    -0.794
      1.581     0.207    -0.794
      1.575     0.204    -0.794
      1.568     0.201    -0.794
      1.561     0.198    -0.794
      1.555     0.195    -0.794
      1.548     0.192    -0.794
      1.542     0.189    -0.794
      1.536     0.187    -0.794
      1.529     0.184    -0.795
      1.523     0.181    -0.795
      1.517     0.178    -0.795
      1.510     0.175    -0.795
      1.503     0.172    -0.795
      1.497     0.169    -0.795
      1.490     0.166    -0.795
      1.484     0.163    -0.795
      1.477     0.160    -0.795
      1.471     0.157    -0.795
      1.465     0.154    -0.795
      1.459     0.151    -0.795
      1.453     0.148    -0.795
      1.446     0.145    -0.795
      1.439     0.142    -0.795
      1.432     0.138    -0.795
      1.425     0.135    -0.795
      1.418     0.131    -0.795
      1.411     0.128    -0.795
      1.405     0.125    -0.795
      1.398     0.121    -0.795
      1.391     0.118    -0.795
      1.385     0.115    -0.795
      1.378     0.111    -0.795
      1.372     0.108    -0.795
      1.365     0.105    -0.795
      1.359     0.101    -0.795
      1.353     0.098    -0.795
      1.347     0.095    -0.795
      1.341     0.092    -0.795
      1.335     0.088    -0.795
      1.329     0.085    -0.795
      1.322     0.081    -0.795
      1.315     0.078    -0.795
      1.309     0.074    -0.795
      1.302     0.070    -0.795
      1.295     0.067    -0.795
      1.289     0.063    -0.795
      1.282     0.059    -0.795
      1.275     0.056    -0.795
      1.269     0.052    -0.795
      1.262     0.048    -0.795
      1.255     0.044    -0.795
      1.249     0.040    -0.795
      1.242     0.036    -0.795
      1.235     0.033    -0.795
      1.229     0.029    -0.795
      1.222     0.025    -0.795
      1.215     0.021    -0.795
      1.208     0.017    -0.795
      1.202     0.013    -0.795
      1.195     0.008    -0.795
      1.188     0.004    -0.795
      1.181     0.000    -0.795
