Count of Points:867

WCS coordinates of Points:
      7.487    -0.449    -0.829
      7.479    -0.447    -0.830
      7.471    -0.446    -0.831
      7.463    -0.444    -0.832
      7.455    -0.442    -0.834
      7.447    -0.440    -0.835
      7.439    -0.438    -0.836
      7.431    -0.436    -0.837
      7.424    -0.435    -0.838
      7.416    -0.433    -0.839
      7.409    -0.431    -0.840
      7.402    -0.430    -0.841
      7.395    -0.428    -0.842
      7.387    -0.426    -0.843
      7.380    -0.424    -0.844
      7.373    -0.422    -0.845
      7.366    -0.421    -0.846
      7.359    -0.419    -0.848
      7.351    -0.417    -0.849
      7.344    -0.415    -0.850
      7.337    -0.413    -0.851
      7.330    -0.412    -0.852
      7.324    -0.410    -0.853
      7.317    -0.408    -0.854
      7.310    -0.406    -0.855
      7.303    -0.405    -0.856
      7.296    -0.403    -0.857
      7.289    -0.401    -0.859
      7.281    -0.399    -0.860
      7.274    -0.397    -0.861
      7.267    -0.395    -0.862
      7.260    -0.393    -0.863
      7.253    -0.391    -0.864
      7.247    -0.390    -0.866
      7.240    -0.388    -0.867
      7.233    -0.386    -0.868
      7.226    -0.384    -0.869
      7.220    -0.382    -0.870
      7.213    -0.380    -0.871
      7.206    -0.378    -0.873
      7.199    -0.376    -0.874
      7.193    -0.375    -0.875
      7.186    -0.373    -0.876
      7.180    -0.371    -0.877
      7.173    -0.369    -0.879
      7.166    -0.367    -0.880
      7.159    -0.365    -0.881
      7.152    -0.363    -0.883
      7.144    -0.361    -0.884
      7.137    -0.359    -0.885
      7.130    -0.357    -0.887
      7.124    -0.355    -0.888
      7.117    -0.353    -0.889
      7.110    -0.351    -0.890
      7.103    -0.349    -0.892
      7.097    -0.347    -0.893
      7.090    -0.345    -0.894
      7.083    -0.343    -0.896
      7.077    -0.341    -0.897
      7.070    -0.339    -0.898
      7.063    -0.337    -0.900
      7.057    -0.335    -0.901
      7.050    -0.333    -0.902
      7.044    -0.331    -0.904
      7.037    -0.329    -0.905
      7.030    -0.327    -0.906
      7.024    -0.325    -0.908
      7.017    -0.323    -0.909
      7.010    -0.321    -0.911
      7.004    -0.319    -0.912
      6.997    -0.317    -0.913
      6.991    -0.315    -0.915
      6.984    -0.313    -0.916
      6.978    -0.311    -0.918
      6.970    -0.308    -0.919
      6.962    -0.306    -0.921
      6.954    -0.303    -0.923
      6.947    -0.301    -0.924
      6.939    -0.299    -0.926
      6.931    -0.296    -0.928
      6.924    -0.294    -0.929
      6.917    -0.292    -0.931
      6.910    -0.290    -0.933
      6.903    -0.287    -0.934
      6.896    -0.285    -0.936
      6.889    -0.283    -0.937
      6.882    -0.281    -0.939
      6.876    -0.279    -0.940
      6.869    -0.277    -0.942
      6.863    -0.275    -0.944
      6.856    -0.273    -0.945
      6.849    -0.270    -0.947
      6.843    -0.268    -0.948
      6.836    -0.266    -0.950
      6.830    -0.264    -0.951
      6.823    -0.262    -0.953
      6.817    -0.260    -0.955
      6.810    -0.258    -0.956
      6.804    -0.256    -0.958
      6.797    -0.254    -0.959
      6.791    -0.252    -0.961
      6.784    -0.250    -0.963
      6.777    -0.247    -0.964
      6.771    -0.245    -0.966
      6.764    -0.243    -0.967
      6.758    -0.241    -0.969
      6.751    -0.239    -0.971
      6.745    -0.237    -0.972
      6.738    -0.235    -0.974
      6.731    -0.233    -0.976
      6.723    -0.230    -0.978
      6.715    -0.228    -0.980
      6.708    -0.225    -0.982
      6.700    -0.223    -0.984
      6.692    -0.220    -0.986
      6.686    -0.218    -0.988
      6.679    -0.216    -0.989
      6.673    -0.214    -0.991
      6.666    -0.212    -0.993
      6.660    -0.210    -0.994
      6.653    -0.208    -0.996
      6.647    -0.206    -0.998
      6.640    -0.204    -1.000
      6.634    -0.202    -1.001
      6.626    -0.199    -1.003
      6.618    -0.197    -1.005
      6.611    -0.194    -1.008
      6.603    -0.192    -1.010
      6.595    -0.189    -1.012
      6.588    -0.187    -1.014
      6.580    -0.185    -1.016
      6.572    -0.182    -1.018
      6.565    -0.180    -1.020
      6.557    -0.177    -1.022
      6.550    -0.175    -1.024
      6.542    -0.172    -1.026
      6.535    -0.170    -1.028
      6.527    -0.168    -1.030
      6.520    -0.166    -1.033
      6.513    -0.163    -1.035
      6.506    -0.161    -1.037
      6.499    -0.159    -1.039
      6.492    -0.157    -1.040
      6.485    -0.155    -1.042
      6.478    -0.152    -1.044
      6.471    -0.150    -1.046
      6.464    -0.148    -1.048
      6.458    -0.146    -1.050
      6.451    -0.144    -1.052
      6.445    -0.142    -1.054
      6.438    -0.140    -1.056
      6.431    -0.138    -1.058
      6.425    -0.136    -1.060
      6.418    -0.134    -1.061
      6.412    -0.132    -1.063
      6.405    -0.130    -1.065
      6.399    -0.128    -1.067
      6.392    -0.126    -1.069
      6.386    -0.124    -1.071
      6.379    -0.122    -1.073
      6.373    -0.120    -1.075
      6.366    -0.118    -1.077
      6.360    -0.116    -1.078
      6.353    -0.114    -1.080
      6.347    -0.112    -1.082
      6.340    -0.110    -1.084
      6.334    -0.108    -1.086
      6.327    -0.106    -1.088
      6.321    -0.104    -1.090
      6.315    -0.102    -1.092
      6.307    -0.100    -1.094
      6.299    -0.098    -1.096
      6.292    -0.096    -1.098
      6.284    -0.093    -1.101
      6.276    -0.091    -1.103
      6.269    -0.089    -1.105
      6.262    -0.087    -1.107
      6.256    -0.085    -1.109
      6.249    -0.083    -1.111
      6.242    -0.081    -1.113
      6.236    -0.079    -1.115
      6.229    -0.077    -1.117
      6.223    -0.075    -1.119
      6.217    -0.073    -1.121
      6.210    -0.072    -1.122
      6.202    -0.069    -1.125
      6.195    -0.067    -1.127
      6.187    -0.065    -1.129
      6.179    -0.063    -1.132
      6.172    -0.060    -1.134
      6.164    -0.058    -1.136
      6.156    -0.056    -1.138
      6.149    -0.054    -1.141
      6.141    -0.052    -1.143
      6.133    -0.049    -1.145
      6.126    -0.047    -1.147
      6.118    -0.045    -1.150
      6.111    -0.043    -1.152
      6.104    -0.041    -1.154
      6.096    -0.039    -1.156
      6.089    -0.037    -1.158
      6.082    -0.035    -1.160
      6.075    -0.033    -1.162
      6.069    -0.031    -1.164
      6.062    -0.029    -1.166
      6.055    -0.027    -1.168
      6.049    -0.026    -1.170
      6.042    -0.024    -1.172
      6.036    -0.022    -1.174
      6.030    -0.020    -1.176
      6.023    -0.018    -1.178
      6.015    -0.016    -1.180
      6.008    -0.014    -1.182
      6.000    -0.012    -1.185
      5.992    -0.010    -1.187
      5.985    -0.008    -1.189
      5.977    -0.006    -1.191
      5.969    -0.004    -1.194
      5.961    -0.002    -1.196
      5.954     0.001    -1.198
      5.946     0.003    -1.200
      5.938     0.005    -1.203
      5.931     0.007    -1.205
      5.923     0.009    -1.207
      5.916     0.011    -1.209
      5.909     0.013    -1.211
      5.901     0.015    -1.213
      5.894     0.017    -1.215
      5.886     0.019    -1.218
      5.879     0.021    -1.220
      5.871     0.023    -1.222
      5.863     0.025    -1.224
      5.856     0.027    -1.227
      5.848     0.029    -1.229
      5.840     0.031    -1.231
      5.833     0.033    -1.233
      5.826     0.035    -1.235
      5.819     0.037    -1.237
      5.811     0.038    -1.239
      5.804     0.040    -1.241
      5.797     0.042    -1.243
      5.789     0.044    -1.245
      5.782     0.046    -1.247
      5.775     0.048    -1.249
      5.768     0.050    -1.252
      5.760     0.052    -1.254
      5.753     0.053    -1.256
      5.746     0.055    -1.258
      5.739     0.057    -1.260
      5.732     0.059    -1.261
      5.725     0.061    -1.263
      5.718     0.062    -1.265
      5.711     0.064    -1.267
      5.704     0.066    -1.269
      5.697     0.068    -1.271
      5.690     0.069    -1.273
      5.684     0.071    -1.275
      5.677     0.073    -1.277
      5.670     0.074    -1.278
      5.664     0.076    -1.280
      5.657     0.078    -1.282
      5.650     0.079    -1.284
      5.644     0.081    -1.286
      5.637     0.083    -1.287
      5.631     0.084    -1.289
      5.624     0.086    -1.291
      5.618     0.088    -1.293
      5.611     0.089    -1.295
      5.604     0.091    -1.296
      5.598     0.093    -1.298
      5.591     0.094    -1.300
      5.584     0.096    -1.302
      5.578     0.098    -1.303
      5.571     0.099    -1.305
      5.564     0.101    -1.307
      5.558     0.102    -1.309
      5.551     0.104    -1.310
      5.544     0.106    -1.312
      5.536     0.108    -1.314
      5.528     0.110    -1.316
      5.520     0.112    -1.318
      5.512     0.114    -1.320
      5.504     0.115    -1.323
      5.498     0.117    -1.324
      5.491     0.119    -1.326
      5.484     0.120    -1.328
      5.478     0.122    -1.329
      5.471     0.124    -1.331
      5.464     0.125    -1.333
      5.458     0.127    -1.334
      5.451     0.128    -1.336
      5.445     0.130    -1.338
      5.437     0.132    -1.340
      5.429     0.134    -1.342
      5.421     0.136    -1.344
      5.413     0.137    -1.346
      5.405     0.139    -1.347
      5.397     0.141    -1.349
      5.390     0.143    -1.351
      5.382     0.145    -1.353
      5.374     0.147    -1.355
      5.366     0.149    -1.357
      5.358     0.150    -1.359
      5.350     0.152    -1.361
      5.343     0.154    -1.363
      5.335     0.156    -1.364
      5.328     0.158    -1.366
      5.321     0.159    -1.368
      5.313     0.161    -1.370
      5.306     0.163    -1.371
      5.300     0.164    -1.373
      5.293     0.166    -1.374
      5.286     0.167    -1.376
      5.279     0.169    -1.377
      5.273     0.170    -1.379
      5.266     0.172    -1.380
      5.260     0.173    -1.382
      5.253     0.175    -1.383
      5.245     0.177    -1.385
      5.237     0.179    -1.387
      5.229     0.181    -1.389
      5.221     0.182    -1.391
      5.213     0.184    -1.392
      5.205     0.186    -1.394
      5.198     0.188    -1.396
      5.190     0.190    -1.397
      5.182     0.191    -1.399
      5.174     0.193    -1.401
      5.166     0.195    -1.403
      5.158     0.197    -1.404
      5.151     0.199    -1.406
      5.143     0.200    -1.407
      5.136     0.202    -1.409
      5.128     0.204    -1.411
      5.121     0.205    -1.412
      5.113     0.207    -1.414
      5.105     0.209    -1.415
      5.097     0.211    -1.417
      5.089     0.213    -1.419
      5.081     0.214    -1.420
      5.073     0.216    -1.422
      5.065     0.218    -1.423
      5.058     0.219    -1.425
      5.050     0.221    -1.426
      5.043     0.223    -1.428
      5.035     0.225    -1.429
      5.028     0.226    -1.431
      5.020     0.228    -1.432
      5.013     0.230    -1.433
      5.005     0.231    -1.435
      4.998     0.233    -1.436
      4.990     0.235    -1.438
      4.983     0.236    -1.439
      4.976     0.238    -1.440
      4.968     0.239    -1.442
      4.962     0.241    -1.443
      4.955     0.243    -1.444
      4.948     0.244    -1.445
      4.941     0.246    -1.447
      4.934     0.247    -1.448
      4.927     0.249    -1.449
      4.921     0.250    -1.450
      4.914     0.252    -1.452
      4.907     0.253    -1.453
      4.899     0.255    -1.454
      4.891     0.257    -1.455
      4.883     0.258    -1.457
      4.875     0.260    -1.458
      4.867     0.262    -1.460
      4.859     0.264    -1.461
      4.851     0.265    -1.462
      4.843     0.267    -1.464
      4.835     0.269    -1.465
      4.827     0.271    -1.466
      4.819     0.272    -1.467
      4.811     0.274    -1.469
      4.804     0.276    -1.470
      4.796     0.278    -1.471
      4.789     0.279    -1.472
      4.781     0.281    -1.474
      4.774     0.283    -1.475
      4.766     0.284    -1.476
      4.758     0.286    -1.477
      4.750     0.288    -1.478
      4.742     0.290    -1.480
      4.734     0.291    -1.481
      4.725     0.293    -1.482
      4.718     0.295    -1.483
      4.710     0.297    -1.484
      4.703     0.298    -1.485
      4.695     0.300    -1.487
      4.688     0.302    -1.488
      4.680     0.303    -1.489
      4.673     0.305    -1.490
      4.665     0.307    -1.491
      4.657     0.308    -1.492
      4.650     0.310    -1.493
      4.642     0.311    -1.494
      4.635     0.313    -1.495
      4.627     0.315    -1.496
      4.620     0.316    -1.497
      4.612     0.318    -1.498
      4.604     0.320    -1.499
      4.596     0.322    -1.500
      4.588     0.323    -1.501
      4.580     0.325    -1.502
      4.572     0.327    -1.503
      4.564     0.329    -1.504
      4.557     0.330    -1.505
      4.549     0.332    -1.506
      4.541     0.334    -1.507
      4.534     0.335    -1.508
      4.526     0.337    -1.509
      4.519     0.339    -1.510
      4.511     0.340    -1.511
      4.503     0.342    -1.512
      4.496     0.344    -1.513
      4.488     0.345    -1.514
      4.481     0.347    -1.515
      4.474     0.349    -1.516
      4.466     0.350    -1.516
      4.458     0.352    -1.517
      4.451     0.354    -1.518
      4.443     0.355    -1.519
      4.436     0.357    -1.520
      4.428     0.359    -1.521
      4.421     0.360    -1.522
      4.413     0.362    -1.522
      4.406     0.363    -1.523
      4.398     0.365    -1.524
      4.391     0.367    -1.525
      4.383     0.368    -1.526
      4.375     0.370    -1.527
      4.368     0.372    -1.527
      4.360     0.373    -1.528
      4.352     0.375    -1.529
      4.345     0.377    -1.530
      4.338     0.378    -1.530
      4.331     0.380    -1.531
      4.323     0.381    -1.532
      4.316     0.383    -1.533
      4.309     0.384    -1.533
      4.302     0.386    -1.534
      4.295     0.388    -1.535
      4.287     0.389    -1.536
      4.279     0.391    -1.536
      4.271     0.393    -1.537
      4.263     0.394    -1.538
      4.256     0.396    -1.539
      4.248     0.398    -1.539
      4.240     0.399    -1.540
      4.232     0.401    -1.541
      4.224     0.403    -1.542
      4.216     0.405    -1.542
      4.209     0.406    -1.543
      4.201     0.408    -1.544
      4.193     0.410    -1.544
      4.185     0.411    -1.545
      4.178     0.413    -1.546
      4.170     0.415    -1.546
      4.162     0.416    -1.547
      4.154     0.418    -1.548
      4.146     0.420    -1.548
      4.138     0.421    -1.549
      4.131     0.423    -1.550
      4.123     0.425    -1.550
      4.115     0.426    -1.551
      4.107     0.428    -1.552
      4.100     0.430    -1.552
      4.092     0.431    -1.553
      4.084     0.433    -1.553
      4.076     0.434    -1.554
      4.068     0.436    -1.555
      4.060     0.438    -1.555
      4.052     0.439    -1.556
      4.044     0.441    -1.556
      4.036     0.443    -1.557
      4.029     0.444    -1.558
      4.021     0.446    -1.558
      4.013     0.447    -1.559
      4.005     0.449    -1.559
      3.997     0.451    -1.560
      3.990     0.452    -1.560
      3.982     0.454    -1.561
      3.974     0.455    -1.561
      3.966     0.457    -1.562
      3.958     0.459    -1.562
      3.950     0.460    -1.563
      3.942     0.462    -1.563
      3.934     0.463    -1.564
      3.926     0.465    -1.564
      3.918     0.467    -1.565
      3.911     0.468    -1.565
      3.903     0.470    -1.566
      3.895     0.471    -1.566
      3.887     0.473    -1.567
      3.879     0.474    -1.567
      3.872     0.476    -1.568
      3.864     0.477    -1.568
      3.857     0.479    -1.569
      3.850     0.480    -1.569
      3.843     0.481    -1.569
      3.835     0.483    -1.570
      3.827     0.484    -1.570
      3.819     0.486    -1.571
      3.812     0.487    -1.571
      3.804     0.489    -1.572
      3.796     0.490    -1.572
      3.788     0.492    -1.572
      3.780     0.493    -1.573
      3.772     0.495    -1.573
      3.765     0.496    -1.574
      3.757     0.498    -1.574
      3.749     0.499    -1.574
      3.741     0.500    -1.575
      3.733     0.502    -1.575
      3.725     0.503    -1.575
      3.717     0.505    -1.576
      3.709     0.506    -1.576
      3.701     0.508    -1.577
      3.693     0.509    -1.577
      3.685     0.510    -1.577
      3.677     0.512    -1.578
      3.669     0.513    -1.578
      3.661     0.515    -1.578
      3.653     0.516    -1.579
      3.646     0.517    -1.579
      3.639     0.518    -1.579
      3.631     0.520    -1.580
      3.624     0.521    -1.580
      3.617     0.522    -1.580
      3.609     0.523    -1.580
      3.601     0.525    -1.581
      3.593     0.526    -1.581
      3.585     0.527    -1.581
      3.577     0.528    -1.582
      3.570     0.530    -1.582
      3.562     0.531    -1.582
      3.554     0.532    -1.582
      3.546     0.533    -1.583
      3.539     0.535    -1.583
      3.532     0.536    -1.583
      3.524     0.537    -1.583
      3.517     0.538    -1.584
      3.510     0.539    -1.584
      3.502     0.540    -1.584
      3.495     0.541    -1.584
      3.488     0.542    -1.585
      3.480     0.543    -1.585
      3.473     0.544    -1.585
      3.466     0.545    -1.585
      3.459     0.546    -1.586
      3.452     0.547    -1.586
      3.445     0.548    -1.586
      3.438     0.549    -1.586
      3.431     0.550    -1.586
      3.423     0.551    -1.587
      3.415     0.552    -1.587
      3.407     0.553    -1.587
      3.399     0.554    -1.587
      3.391     0.556    -1.588
      3.383     0.557    -1.588
      3.375     0.558    -1.588
      3.367     0.558    -1.588
      3.360     0.559    -1.588
      3.352     0.560    -1.589
      3.344     0.561    -1.589
      3.336     0.562    -1.589
      3.327     0.563    -1.589
      3.319     0.564    -1.589
      3.311     0.565    -1.590
      3.303     0.566    -1.590
      3.295     0.567    -1.590
      3.287     0.568    -1.590
      3.279     0.569    -1.590
      3.271     0.570    -1.590
      3.263     0.570    -1.591
      3.255     0.571    -1.591
      3.247     0.572    -1.591
      3.240     0.573    -1.591
      3.232     0.573    -1.591
      3.225     0.574    -1.591
      3.218     0.575    -1.592
      3.210     0.575    -1.592
      3.203     0.576    -1.592
      3.195     0.577    -1.592
      3.187     0.578    -1.592
      3.179     0.578    -1.592
      3.171     0.579    -1.592
      3.163     0.580    -1.593
      3.155     0.580    -1.593
      3.146     0.581    -1.593
      3.139     0.581    -1.593
      3.132     0.582    -1.593
      3.124     0.582    -1.593
      3.117     0.583    -1.593
      3.110     0.583    -1.594
      3.102     0.584    -1.594
      3.095     0.584    -1.594
      3.087     0.585    -1.594
      3.080     0.585    -1.594
      3.073     0.586    -1.594
      3.065     0.586    -1.594
      3.058     0.587    -1.594
      3.051     0.587    -1.594
      3.044     0.587    -1.595
      3.037     0.588    -1.595
      3.030     0.588    -1.595
      3.023     0.588    -1.595
      3.015     0.589    -1.595
      3.007     0.589    -1.595
      2.999     0.589    -1.595
      2.990     0.590    -1.595
      2.982     0.590    -1.596
      2.974     0.590    -1.596
      2.966     0.591    -1.596
      2.959     0.591    -1.596
      2.951     0.591    -1.596
      2.944     0.591    -1.596
      2.937     0.591    -1.596
      2.929     0.591    -1.596
      2.922     0.592    -1.596
      2.914     0.592    -1.596
      2.907     0.592    -1.597
      2.900     0.592    -1.597
      2.892     0.592    -1.597
      2.885     0.592    -1.597
      2.877     0.592    -1.597
      2.870     0.592    -1.597
      2.863     0.592    -1.597
      2.856     0.592    -1.597
      2.849     0.592    -1.597
      2.842     0.592    -1.597
      2.835     0.592    -1.597
      2.828     0.592    -1.598
      2.820     0.592    -1.598
      2.813     0.592    -1.598
      2.805     0.592    -1.598
      2.798     0.592    -1.598
      2.791     0.592    -1.598
      2.784     0.591    -1.598
      2.777     0.591    -1.598
      2.770     0.591    -1.598
      2.763     0.591    -1.598
      2.755     0.591    -1.598
      2.747     0.590    -1.598
      2.740     0.590    -1.599
      2.732     0.590    -1.599
      2.724     0.590    -1.599
      2.716     0.589    -1.599
      2.708     0.589    -1.599
      2.701     0.589    -1.599
      2.693     0.588    -1.599
      2.686     0.588    -1.599
      2.679     0.587    -1.599
      2.671     0.587    -1.599
      2.664     0.587    -1.599
      2.657     0.586    -1.599
      2.649     0.586    -1.599
      2.641     0.585    -1.600
      2.633     0.585    -1.600
      2.625     0.584    -1.600
      2.617     0.583    -1.600
      2.609     0.583    -1.600
      2.601     0.582    -1.600
      2.593     0.582    -1.600
      2.585     0.581    -1.600
      2.577     0.580    -1.600
      2.569     0.579    -1.600
      2.561     0.579    -1.600
      2.553     0.578    -1.600
      2.545     0.577    -1.600
      2.537     0.576    -1.601
      2.529     0.576    -1.601
      2.521     0.575    -1.601
      2.513     0.574    -1.601
      2.505     0.573    -1.601
      2.497     0.572    -1.601
      2.489     0.571    -1.601
      2.482     0.570    -1.601
      2.474     0.569    -1.601
      2.466     0.568    -1.601
      2.458     0.567    -1.601
      2.450     0.566    -1.601
      2.442     0.565    -1.601
      2.434     0.564    -1.602
      2.426     0.563    -1.602
      2.418     0.562    -1.602
      2.410     0.560    -1.602
      2.402     0.559    -1.602
      2.394     0.558    -1.602
      2.386     0.557    -1.602
      2.378     0.556    -1.602
      2.370     0.554    -1.602
      2.362     0.553    -1.602
      2.354     0.552    -1.602
      2.346     0.550    -1.602
      2.339     0.549    -1.602
      2.331     0.548    -1.602
      2.323     0.546    -1.602
      2.315     0.545    -1.603
      2.307     0.543    -1.603
      2.299     0.542    -1.603
      2.291     0.540    -1.603
      2.283     0.539    -1.603
      2.275     0.537    -1.603
      2.267     0.536    -1.603
      2.259     0.534    -1.603
      2.251     0.532    -1.603
      2.243     0.531    -1.603
      2.235     0.529    -1.603
      2.228     0.527    -1.603
      2.220     0.526    -1.603
      2.213     0.524    -1.603
      2.206     0.523    -1.603
      2.199     0.521    -1.604
      2.191     0.519    -1.604
      2.184     0.518    -1.604
      2.176     0.516    -1.604
      2.168     0.514    -1.604
      2.161     0.512    -1.604
      2.153     0.510    -1.604
      2.145     0.508    -1.604
      2.137     0.506    -1.604
      2.130     0.504    -1.604
      2.122     0.502    -1.604
      2.114     0.500    -1.604
      2.106     0.498    -1.604
      2.099     0.496    -1.604
      2.091     0.494    -1.604
      2.083     0.492    -1.604
      2.075     0.490    -1.604
      2.067     0.488    -1.604
      2.060     0.485    -1.605
      2.052     0.483    -1.605
      2.044     0.481    -1.605
      2.036     0.479    -1.605
      2.029     0.476    -1.605
      2.021     0.474    -1.605
      2.013     0.472    -1.605
      2.005     0.469    -1.605
      1.998     0.467    -1.605
      1.991     0.465    -1.605
      1.984     0.463    -1.605
      1.977     0.460    -1.605
      1.970     0.458    -1.605
      1.963     0.456    -1.605
      1.955     0.453    -1.605
      1.948     0.451    -1.605
      1.940     0.448    -1.605
      1.932     0.445    -1.605
      1.925     0.443    -1.606
      1.917     0.440    -1.606
      1.909     0.437    -1.606
      1.902     0.435    -1.606
      1.895     0.433    -1.606
      1.888     0.430    -1.606
      1.881     0.427    -1.606
      1.874     0.425    -1.606
      1.868     0.422    -1.606
      1.861     0.420    -1.606
      1.854     0.417    -1.606
      1.847     0.414    -1.606
      1.840     0.412    -1.606
      1.833     0.409    -1.606
      1.826     0.406    -1.606
      1.820     0.404    -1.606
      1.813     0.401    -1.606
      1.807     0.399    -1.606
      1.800     0.396    -1.606
      1.794     0.393    -1.607
      1.786     0.390    -1.607
      1.779     0.387    -1.607
      1.771     0.384    -1.607
      1.764     0.381    -1.607
      1.756     0.378    -1.607
      1.749     0.374    -1.607
      1.742     0.371    -1.607
      1.735     0.368    -1.607
      1.727     0.365    -1.607
      1.720     0.361    -1.607
      1.713     0.358    -1.607
      1.705     0.355    -1.607
      1.698     0.351    -1.607
      1.691     0.348    -1.607
      1.683     0.344    -1.608
      1.676     0.341    -1.608
      1.669     0.337    -1.608
      1.662     0.334    -1.608
      1.654     0.330    -1.608
      1.647     0.327    -1.608
      1.640     0.323    -1.608
      1.633     0.320    -1.608
      1.625     0.316    -1.608
      1.619     0.313    -1.608
      1.612     0.309    -1.608
      1.606     0.306    -1.608
      1.599     0.302    -1.609
      1.593     0.299    -1.609
      1.586     0.295    -1.609
      1.579     0.291    -1.609
      1.572     0.288    -1.609
      1.565     0.284    -1.609
      1.558     0.280    -1.609
      1.551     0.276    -1.609
      1.543     0.272    -1.609
      1.536     0.268    -1.609
      1.530     0.264    -1.609
      1.524     0.260    -1.610
      1.517     0.257    -1.610
      1.511     0.253    -1.610
      1.504     0.249    -1.610
      1.498     0.245    -1.610
      1.492     0.242    -1.610
      1.485     0.238    -1.610
      1.479     0.234    -1.610
      1.473     0.230    -1.610
      1.467     0.226    -1.610
      1.460     0.222    -1.610
      1.454     0.218    -1.611
      1.449     0.214    -1.611
      1.443     0.211    -1.611
      1.437     0.207    -1.611
      1.431     0.203    -1.611
      1.424     0.198    -1.611
      1.418     0.194    -1.611
      1.411     0.189    -1.611
      1.404     0.185    -1.611
      1.398     0.180    -1.611
      1.391     0.175    -1.611
      1.384     0.171    -1.612
      1.378     0.167    -1.612
      1.372     0.162    -1.612
      1.366     0.158    -1.612
      1.360     0.153    -1.612
      1.354     0.149    -1.612
      1.348     0.145    -1.612
      1.343     0.140    -1.612
      1.337     0.136    -1.612
      1.331     0.131    -1.612
      1.325     0.127    -1.612
      1.319     0.122    -1.612
      1.313     0.117    -1.612
      1.308     0.113    -1.613
      1.302     0.109    -1.613
      1.297     0.104    -1.613
      1.292     0.100    -1.613
      1.286     0.095    -1.613
      1.280     0.091    -1.613
      1.275     0.086    -1.613
      1.269     0.081    -1.613
      1.263     0.076    -1.613
      1.258     0.071    -1.613
      1.252     0.067    -1.613
      1.247     0.062    -1.613
      1.242     0.057    -1.613
      1.237     0.053    -1.613
      1.231     0.048    -1.613
      1.226     0.043    -1.613
      1.221     0.038    -1.613
      1.215     0.033    -1.613
      1.209     0.027    -1.614
      1.204     0.022    -1.614
      1.198     0.016    -1.614
      1.192     0.011    -1.614
      1.187     0.006    -1.614
      1.181     0.000    -1.614
