Count of Points:330

WCS coordinates of Points:
      2.169     0.801    -2.303
      2.175     0.803    -2.303
      2.182     0.805    -2.303
      2.189     0.808    -2.303
      2.196     0.810    -2.302
      2.203     0.812    -2.302
      2.209     0.814    -2.302
      2.216     0.816    -2.301
      2.222     0.817    -2.301
      2.229     0.819    -2.301
      2.235     0.821    -2.301
      2.241     0.823    -2.300
      2.249     0.825    -2.300
      2.256     0.827    -2.300
      2.263     0.829    -2.299
      2.270     0.831    -2.299
      2.278     0.833    -2.299
      2.285     0.835    -2.298
      2.292     0.837    -2.298
      2.299     0.839    -2.298
      2.306     0.840    -2.298
      2.314     0.842    -2.297
      2.321     0.844    -2.297
      2.328     0.846    -2.297
      2.335     0.848    -2.296
      2.343     0.849    -2.296
      2.350     0.851    -2.296
      2.357     0.853    -2.295
      2.365     0.854    -2.295
      2.373     0.856    -2.295
      2.380     0.858    -2.294
      2.388     0.860    -2.294
      2.396     0.861    -2.294
      2.403     0.863    -2.293
      2.411     0.865    -2.293
      2.418     0.866    -2.293
      2.425     0.868    -2.292
      2.432     0.869    -2.292
      2.440     0.871    -2.292
      2.447     0.872    -2.291
      2.454     0.874    -2.291
      2.462     0.875    -2.291
      2.470     0.876    -2.290
      2.477     0.878    -2.290
      2.485     0.879    -2.290
      2.493     0.881    -2.289
      2.500     0.882    -2.289
      2.508     0.884    -2.289
      2.516     0.885    -2.288
      2.523     0.886    -2.288
      2.531     0.888    -2.288
      2.539     0.889    -2.287
      2.547     0.890    -2.287
      2.554     0.892    -2.287
      2.562     0.893    -2.286
      2.569     0.894    -2.286
      2.576     0.895    -2.286
      2.583     0.896    -2.285
      2.591     0.897    -2.285
      2.598     0.899    -2.285
      2.605     0.900    -2.284
      2.613     0.901    -2.284
      2.620     0.902    -2.284
      2.628     0.903    -2.283
      2.635     0.904    -2.283
      2.642     0.905    -2.283
      2.650     0.906    -2.282
      2.658     0.907    -2.282
      2.665     0.908    -2.281
      2.673     0.909    -2.281
      2.681     0.910    -2.281
      2.689     0.911    -2.280
      2.696     0.912    -2.280
      2.704     0.913    -2.280
      2.712     0.914    -2.279
      2.720     0.915    -2.279
      2.727     0.916    -2.278
      2.735     0.917    -2.278
      2.743     0.918    -2.278
      2.750     0.918    -2.277
      2.758     0.919    -2.277
      2.765     0.920    -2.277
      2.772     0.921    -2.276
      2.780     0.922    -2.276
      2.787     0.922    -2.275
      2.795     0.923    -2.275
      2.803     0.924    -2.275
      2.811     0.925    -2.274
      2.819     0.925    -2.274
      2.826     0.926    -2.273
      2.834     0.927    -2.273
      2.841     0.927    -2.273
      2.848     0.928    -2.272
      2.856     0.929    -2.272
      2.863     0.929    -2.271
      2.870     0.930    -2.271
      2.878     0.930    -2.270
      2.885     0.931    -2.270
      2.892     0.932    -2.270
      2.900     0.932    -2.269
      2.907     0.933    -2.269
      2.914     0.933    -2.268
      2.921     0.934    -2.268
      2.929     0.934    -2.268
      2.936     0.935    -2.267
      2.944     0.935    -2.267
      2.951     0.936    -2.266
      2.958     0.936    -2.266
      2.966     0.937    -2.265
      2.973     0.937    -2.265
      2.981     0.937    -2.264
      2.988     0.938    -2.264
      2.996     0.938    -2.264
      3.004     0.939    -2.263
      3.012     0.939    -2.263
      3.019     0.940    -2.262
      3.027     0.940    -2.262
      3.035     0.940    -2.261
      3.043     0.941    -2.261
      3.051     0.941    -2.260
      3.059     0.941    -2.260
      3.066     0.942    -2.259
      3.074     0.942    -2.259
      3.082     0.942    -2.258
      3.089     0.942    -2.258
      3.097     0.943    -2.257
      3.104     0.943    -2.257
      3.111     0.943    -2.256
      3.119     0.943    -2.256
      3.127     0.944    -2.255
      3.134     0.944    -2.254
      3.142     0.944    -2.254
      3.150     0.944    -2.253
      3.158     0.945    -2.253
      3.166     0.945    -2.252
      3.173     0.945    -2.252
      3.180     0.945    -2.251
      3.188     0.945    -2.251
      3.195     0.945    -2.250
      3.203     0.945    -2.249
      3.210     0.946    -2.249
      3.217     0.946    -2.248
      3.225     0.946    -2.248
      3.232     0.946    -2.247
      3.239     0.946    -2.247
      3.247     0.946    -2.246
      3.254     0.946    -2.246
      3.261     0.946    -2.245
      3.268     0.946    -2.244
      3.276     0.946    -2.244
      3.284     0.946    -2.243
      3.292     0.946    -2.242
      3.300     0.946    -2.242
      3.307     0.946    -2.241
      3.315     0.946    -2.240
      3.323     0.946    -2.240
      3.330     0.946    -2.239
      3.337     0.946    -2.239
      3.345     0.946    -2.238
      3.352     0.946    -2.237
      3.359     0.946    -2.237
      3.367     0.946    -2.236
      3.374     0.946    -2.235
      3.381     0.946    -2.235
      3.389     0.946    -2.234
      3.396     0.946    -2.233
      3.403     0.946    -2.233
      3.410     0.946    -2.232
      3.418     0.946    -2.231
      3.425     0.946    -2.231
      3.432     0.945    -2.230
      3.440     0.945    -2.229
      3.447     0.945    -2.229
      3.454     0.945    -2.228
      3.462     0.945    -2.227
      3.469     0.945    -2.226
      3.476     0.945    -2.226
      3.483     0.945    -2.225
      3.491     0.944    -2.224
      3.498     0.944    -2.224
      3.505     0.944    -2.223
      3.513     0.944    -2.222
      3.520     0.944    -2.221
      3.528     0.944    -2.220
      3.535     0.943    -2.220
      3.542     0.943    -2.219
      3.550     0.943    -2.218
      3.557     0.943    -2.217
      3.565     0.943    -2.217
      3.572     0.942    -2.216
      3.579     0.942    -2.215
      3.587     0.942    -2.214
      3.594     0.942    -2.213
      3.602     0.941    -2.212
      3.610     0.941    -2.211
      3.618     0.941    -2.211
      3.625     0.941    -2.210
      3.633     0.940    -2.209
      3.641     0.940    -2.208
      3.649     0.940    -2.207
      3.657     0.940    -2.206
      3.664     0.939    -2.205
      3.672     0.939    -2.204
      3.680     0.939    -2.203
      3.688     0.938    -2.202
      3.695     0.938    -2.201
      3.702     0.938    -2.201
      3.710     0.938    -2.200
      3.717     0.937    -2.199
      3.724     0.937    -2.198
      3.732     0.937    -2.197
      3.740     0.936    -2.196
      3.747     0.936    -2.195
      3.755     0.936    -2.194
      3.763     0.935    -2.193
      3.771     0.935    -2.192
      3.778     0.934    -2.191
      3.785     0.934    -2.190
      3.793     0.934    -2.189
      3.800     0.933    -2.188
      3.807     0.933    -2.187
      3.815     0.933    -2.186
      3.822     0.932    -2.185
      3.829     0.932    -2.184
      3.837     0.932    -2.183
      3.844     0.931    -2.182
      3.851     0.931    -2.181
      3.858     0.931    -2.180
      3.865     0.930    -2.179
      3.872     0.930    -2.178
      3.880     0.929    -2.176
      3.888     0.929    -2.175
      3.896     0.929    -2.174
      3.903     0.928    -2.173
      3.911     0.928    -2.172
      3.919     0.927    -2.171
      3.926     0.927    -2.169
      3.933     0.926    -2.168
      3.941     0.926    -2.167
      3.948     0.926    -2.166
      3.955     0.925    -2.165
      3.963     0.925    -2.164
      3.970     0.924    -2.163
      3.977     0.924    -2.161
      3.984     0.924    -2.160
      3.992     0.923    -2.159
      3.999     0.923    -2.158
      4.006     0.922    -2.157
      4.013     0.922    -2.156
      4.020     0.921    -2.154
      4.028     0.921    -2.153
      4.035     0.921    -2.152
      4.042     0.920    -2.151
      4.049     0.920    -2.150
      4.057     0.919    -2.148
      4.064     0.919    -2.147
      4.071     0.918    -2.146
      4.078     0.918    -2.145
      4.085     0.917    -2.143
      4.092     0.917    -2.142
      4.100     0.916    -2.141
      4.107     0.916    -2.139
      4.114     0.916    -2.138
      4.122     0.915    -2.137
      4.129     0.915    -2.135
      4.136     0.914    -2.134
      4.144     0.914    -2.133
      4.151     0.913    -2.131
      4.159     0.913    -2.130
      4.167     0.912    -2.128
      4.175     0.912    -2.127
      4.182     0.911    -2.125
      4.189     0.911    -2.124
      4.197     0.910    -2.123
      4.204     0.910    -2.121
      4.211     0.909    -2.120
      4.218     0.909    -2.118
      4.226     0.908    -2.117
      4.233     0.908    -2.116
      4.240     0.907    -2.114
      4.247     0.907    -2.113
      4.255     0.906    -2.111
      4.262     0.906    -2.110
      4.269     0.905    -2.108
      4.276     0.905    -2.107
      4.283     0.904    -2.105
      4.290     0.904    -2.104
      4.297     0.903    -2.102
      4.305     0.903    -2.101
      4.312     0.902    -2.099
      4.319     0.901    -2.098
      4.326     0.901    -2.096
      4.333     0.900    -2.095
      4.340     0.900    -2.093
      4.347     0.899    -2.092
      4.354     0.899    -2.090
      4.362     0.898    -2.089
      4.369     0.898    -2.087
      4.376     0.897    -2.086
      4.383     0.897    -2.084
      4.391     0.896    -2.082
      4.398     0.896    -2.081
      4.405     0.895    -2.079
      4.412     0.894    -2.078
      4.419     0.894    -2.076
      4.427     0.893    -2.074
      4.434     0.893    -2.073
      4.441     0.892    -2.071
      4.448     0.892    -2.069
      4.455     0.891    -2.068
      4.462     0.891    -2.066
      4.469     0.890    -2.065
      4.476     0.889    -2.063
      4.483     0.889    -2.061
      4.491     0.888    -2.059
      4.498     0.888    -2.058
      4.505     0.887    -2.056
      4.512     0.887    -2.054
      4.519     0.886    -2.053
      4.526     0.885    -2.051
      4.534     0.885    -2.049
      4.541     0.884    -2.047
      4.548     0.884    -2.046
      4.555     0.883    -2.044
      4.562     0.882    -2.042
      4.570     0.882    -2.040
      4.578     0.881    -2.038
      4.586     0.881    -2.036
      4.594     0.880    -2.034
      4.602     0.879    -2.032
