Count of Points:874

WCS coordinates of Points:
      1.181     0.000    -0.448
      1.187     0.004    -0.448
      1.194     0.007    -0.448
      1.200     0.010    -0.448
      1.206     0.014    -0.448
      1.213     0.017    -0.448
      1.219     0.021    -0.448
      1.225     0.024    -0.448
      1.231     0.028    -0.448
      1.238     0.031    -0.448
      1.244     0.034    -0.448
      1.250     0.038    -0.448
      1.257     0.041    -0.448
      1.263     0.044    -0.448
      1.270     0.048    -0.448
      1.276     0.051    -0.448
      1.282     0.055    -0.448
      1.289     0.058    -0.448
      1.295     0.061    -0.448
      1.302     0.064    -0.448
      1.308     0.068    -0.448
      1.315     0.071    -0.448
      1.321     0.074    -0.448
      1.327     0.078    -0.448
      1.335     0.081    -0.448
      1.342     0.085    -0.448
      1.349     0.088    -0.448
      1.356     0.092    -0.448
      1.363     0.095    -0.448
      1.370     0.098    -0.448
      1.376     0.101    -0.448
      1.383     0.105    -0.448
      1.389     0.108    -0.448
      1.396     0.111    -0.448
      1.402     0.114    -0.448
      1.409     0.117    -0.448
      1.416     0.120    -0.448
      1.423     0.124    -0.448
      1.430     0.127    -0.448
      1.438     0.131    -0.448
      1.445     0.134    -0.448
      1.452     0.137    -0.448
      1.459     0.140    -0.448
      1.466     0.144    -0.448
      1.474     0.147    -0.448
      1.481     0.150    -0.448
      1.488     0.153    -0.448
      1.495     0.156    -0.448
      1.502     0.160    -0.448
      1.510     0.163    -0.448
      1.516     0.166    -0.448
      1.523     0.168    -0.448
      1.530     0.171    -0.448
      1.536     0.174    -0.448
      1.543     0.177    -0.448
      1.550     0.180    -0.448
      1.556     0.183    -0.448
      1.564     0.186    -0.448
      1.571     0.189    -0.448
      1.578     0.192    -0.448
      1.586     0.195    -0.448
      1.593     0.198    -0.448
      1.600     0.201    -0.448
      1.608     0.203    -0.448
      1.615     0.206    -0.448
      1.623     0.209    -0.448
      1.630     0.212    -0.448
      1.637     0.215    -0.448
      1.645     0.218    -0.448
      1.652     0.221    -0.448
      1.659     0.223    -0.448
      1.667     0.226    -0.448
      1.674     0.229    -0.448
      1.682     0.232    -0.448
      1.689     0.235    -0.448
      1.696     0.237    -0.448
      1.704     0.240    -0.448
      1.711     0.243    -0.448
      1.718     0.245    -0.448
      1.726     0.248    -0.448
      1.733     0.250    -0.448
      1.741     0.253    -0.448
      1.748     0.256    -0.448
      1.756     0.258    -0.448
      1.763     0.261    -0.448
      1.771     0.263    -0.448
      1.779     0.266    -0.448
      1.785     0.268    -0.448
      1.792     0.270    -0.448
      1.799     0.273    -0.448
      1.806     0.275    -0.448
      1.813     0.277    -0.448
      1.820     0.279    -0.448
      1.827     0.282    -0.448
      1.834     0.284    -0.448
      1.842     0.286    -0.448
      1.850     0.289    -0.448
      1.857     0.291    -0.448
      1.865     0.293    -0.448
      1.872     0.296    -0.448
      1.880     0.298    -0.448
      1.888     0.300    -0.448
      1.895     0.302    -0.448
      1.903     0.305    -0.448
      1.910     0.307    -0.448
      1.918     0.309    -0.448
      1.925     0.311    -0.448
      1.933     0.313    -0.448
      1.941     0.315    -0.448
      1.948     0.317    -0.448
      1.956     0.319    -0.448
      1.964     0.321    -0.448
      1.971     0.323    -0.448
      1.979     0.325    -0.448
      1.986     0.327    -0.448
      1.994     0.329    -0.448
      2.002     0.331    -0.448
      2.009     0.333    -0.448
      2.017     0.335    -0.448
      2.025     0.337    -0.448
      2.033     0.339    -0.448
      2.040     0.340    -0.448
      2.048     0.342    -0.448
      2.056     0.344    -0.448
      2.064     0.346    -0.448
      2.071     0.348    -0.448
      2.079     0.349    -0.448
      2.087     0.351    -0.448
      2.095     0.353    -0.448
      2.102     0.354    -0.448
      2.110     0.356    -0.448
      2.118     0.358    -0.448
      2.125     0.359    -0.448
      2.133     0.361    -0.448
      2.141     0.362    -0.448
      2.149     0.364    -0.448
      2.157     0.365    -0.448
      2.164     0.367    -0.448
      2.172     0.368    -0.448
      2.180     0.370    -0.448
      2.188     0.371    -0.448
      2.196     0.372    -0.448
      2.204     0.374    -0.448
      2.211     0.375    -0.448
      2.219     0.377    -0.448
      2.227     0.378    -0.448
      2.235     0.379    -0.448
      2.242     0.380    -0.448
      2.249     0.381    -0.448
      2.257     0.383    -0.448
      2.264     0.384    -0.448
      2.271     0.385    -0.448
      2.278     0.386    -0.448
      2.286     0.387    -0.448
      2.293     0.388    -0.448
      2.300     0.389    -0.448
      2.307     0.390    -0.448
      2.314     0.391    -0.448
      2.321     0.392    -0.448
      2.329     0.393    -0.448
      2.336     0.394    -0.448
      2.344     0.394    -0.448
      2.352     0.395    -0.448
      2.360     0.396    -0.448
      2.368     0.397    -0.448
      2.376     0.398    -0.448
      2.384     0.399    -0.448
      2.392     0.400    -0.448
      2.400     0.400    -0.448
      2.408     0.401    -0.448
      2.415     0.402    -0.448
      2.423     0.403    -0.448
      2.431     0.403    -0.448
      2.439     0.404    -0.448
      2.447     0.405    -0.448
      2.455     0.405    -0.448
      2.462     0.406    -0.448
      2.470     0.406    -0.448
      2.478     0.407    -0.448
      2.486     0.408    -0.448
      2.494     0.408    -0.448
      2.502     0.409    -0.448
      2.510     0.409    -0.448
      2.517     0.409    -0.448
      2.525     0.410    -0.448
      2.533     0.410    -0.448
      2.541     0.411    -0.448
      2.549     0.411    -0.448
      2.557     0.411    -0.448
      2.565     0.412    -0.448
      2.573     0.412    -0.448
      2.581     0.412    -0.448
      2.589     0.412    -0.448
      2.597     0.412    -0.448
      2.605     0.413    -0.448
      2.613     0.413    -0.448
      2.621     0.413    -0.448
      2.628     0.413    -0.448
      2.636     0.413    -0.448
      2.644     0.413    -0.448
      2.652     0.413    -0.448
      2.660     0.413    -0.448
      2.668     0.413    -0.448
      2.676     0.413    -0.448
      2.684     0.413    -0.448
      2.692     0.413    -0.448
      2.700     0.413    -0.448
      2.708     0.413    -0.448
      2.716     0.412    -0.448
      2.724     0.412    -0.448
      2.732     0.412    -0.448
      2.740     0.412    -0.448
      2.748     0.412    -0.448
      2.755     0.411    -0.448
      2.762     0.411    -0.448
      2.770     0.411    -0.448
      2.777     0.410    -0.448
      2.784     0.410    -0.448
      2.792     0.410    -0.448
      2.800     0.409    -0.448
      2.807     0.409    -0.448
      2.815     0.408    -0.448
      2.823     0.408    -0.448
      2.831     0.407    -0.448
      2.839     0.407    -0.448
      2.847     0.406    -0.448
      2.855     0.406    -0.448
      2.862     0.405    -0.448
      2.870     0.404    -0.448
      2.878     0.404    -0.448
      2.886     0.403    -0.448
      2.894     0.402    -0.448
      2.902     0.402    -0.448
      2.910     0.401    -0.448
      2.918     0.400    -0.448
      2.926     0.399    -0.448
      2.934     0.398    -0.448
      2.942     0.398    -0.448
      2.950     0.397    -0.448
      2.958     0.396    -0.448
      2.966     0.395    -0.448
      2.973     0.394    -0.448
      2.981     0.393    -0.448
      2.988     0.392    -0.448
      2.995     0.391    -0.448
      3.002     0.390    -0.448
      3.010     0.389    -0.448
      3.017     0.388    -0.448
      3.025     0.387    -0.448
      3.033     0.386    -0.448
      3.041     0.385    -0.448
      3.049     0.384    -0.448
      3.056     0.383    -0.448
      3.064     0.382    -0.448
      3.072     0.380    -0.448
      3.079     0.379    -0.448
      3.087     0.378    -0.448
      3.094     0.377    -0.448
      3.101     0.376    -0.448
      3.108     0.374    -0.448
      3.115     0.373    -0.448
      3.123     0.372    -0.448
      3.130     0.371    -0.448
      3.137     0.369    -0.448
      3.144     0.368    -0.448
      3.151     0.367    -0.448
      3.159     0.366    -0.448
      3.165     0.364    -0.448
      3.172     0.363    -0.448
      3.179     0.362    -0.448
      3.186     0.360    -0.448
      3.192     0.359    -0.448
      3.200     0.358    -0.448
      3.207     0.356    -0.448
      3.214     0.355    -0.448
      3.221     0.353    -0.448
      3.228     0.352    -0.448
      3.235     0.350    -0.448
      3.242     0.349    -0.448
      3.250     0.347    -0.448
      3.257     0.345    -0.448
      3.265     0.344    -0.448
      3.273     0.342    -0.448
      3.281     0.340    -0.448
      3.289     0.338    -0.448
      3.296     0.336    -0.448
      3.304     0.335    -0.448
      3.312     0.333    -0.448
      3.319     0.331    -0.448
      3.327     0.329    -0.448
      3.335     0.327    -0.448
      3.342     0.325    -0.448
      3.350     0.323    -0.448
      3.357     0.321    -0.448
      3.365     0.319    -0.448
      3.373     0.317    -0.448
      3.381     0.315    -0.448
      3.388     0.313    -0.448
      3.396     0.311    -0.448
      3.403     0.309    -0.448
      3.411     0.307    -0.448
      3.418     0.305    -0.448
      3.426     0.303    -0.448
      3.434     0.301    -0.448
      3.441     0.299    -0.448
      3.449     0.296    -0.448
      3.457     0.294    -0.448
      3.464     0.292    -0.448
      3.472     0.290    -0.448
      3.480     0.287    -0.448
      3.487     0.285    -0.448
      3.495     0.283    -0.448
      3.502     0.280    -0.448
      3.510     0.278    -0.448
      3.518     0.276    -0.448
      3.525     0.274    -0.448
      3.532     0.271    -0.448
      3.540     0.269    -0.448
      3.548     0.266    -0.448
      3.555     0.264    -0.448
      3.563     0.262    -0.448
      3.570     0.259    -0.448
      3.578     0.257    -0.448
      3.585     0.254    -0.448
      3.593     0.252    -0.448
      3.601     0.249    -0.448
      3.608     0.247    -0.448
      3.616     0.244    -0.448
      3.623     0.241    -0.448
      3.631     0.239    -0.448
      3.638     0.236    -0.448
      3.646     0.234    -0.448
      3.653     0.231    -0.448
      3.660     0.229    -0.448
      3.666     0.226    -0.448
      3.673     0.224    -0.448
      3.680     0.221    -0.448
      3.687     0.219    -0.448
      3.695     0.216    -0.448
      3.702     0.213    -0.448
      3.709     0.211    -0.448
      3.717     0.208    -0.447
      3.724     0.205    -0.447
      3.732     0.202    -0.447
      3.739     0.200    -0.447
      3.746     0.197    -0.447
      3.754     0.194    -0.447
      3.761     0.191    -0.447
      3.769     0.188    -0.447
      3.776     0.186    -0.447
      3.783     0.183    -0.447
      3.791     0.180    -0.447
      3.798     0.177    -0.447
      3.806     0.174    -0.447
      3.813     0.171    -0.447
      3.820     0.168    -0.447
      3.828     0.165    -0.447
      3.835     0.162    -0.447
      3.843     0.159    -0.447
      3.850     0.156    -0.447
      3.857     0.153    -0.447
      3.864     0.150    -0.447
      3.871     0.147    -0.447
      3.878     0.145    -0.447
      3.884     0.142    -0.447
      3.891     0.139    -0.447
      3.898     0.136    -0.447
      3.905     0.133    -0.447
      3.913     0.130    -0.447
      3.920     0.127    -0.447
      3.927     0.124    -0.447
      3.935     0.121    -0.447
      3.942     0.117    -0.447
      3.949     0.114    -0.447
      3.956     0.111    -0.447
      3.963     0.108    -0.447
      3.969     0.106    -0.447
      3.976     0.103    -0.447
      3.983     0.100    -0.447
      3.989     0.097    -0.447
      3.996     0.094    -0.446
      4.003     0.091    -0.446
      4.009     0.088    -0.446
      4.016     0.085    -0.446
      4.023     0.082    -0.446
      4.029     0.079    -0.446
      4.036     0.076    -0.446
      4.042     0.073    -0.446
      4.048     0.070    -0.446
      4.054     0.067    -0.446
      4.061     0.064    -0.446
      4.068     0.061    -0.446
      4.075     0.058    -0.446
      4.082     0.054    -0.446
      4.090     0.051    -0.446
      4.097     0.048    -0.446
      4.104     0.044    -0.446
      4.111     0.041    -0.446
      4.118     0.038    -0.446
      4.125     0.034    -0.446
      4.132     0.031    -0.446
      4.139     0.028    -0.446
      4.147     0.024    -0.446
      4.154     0.021    -0.446
      4.161     0.017    -0.446
      4.168     0.014    -0.445
      4.175     0.010    -0.445
      4.182     0.007    -0.445
      4.190     0.003    -0.445
      4.197    -0.000    -0.445
      4.204    -0.004    -0.445
      4.211    -0.007    -0.445
      4.218    -0.011    -0.445
      4.225    -0.014    -0.445
      4.232    -0.018    -0.445
      4.239    -0.021    -0.445
      4.245    -0.024    -0.445
      4.252    -0.027    -0.445
      4.258    -0.031    -0.445
      4.265    -0.034    -0.445
      4.272    -0.037    -0.445
      4.279    -0.041    -0.445
      4.286    -0.045    -0.445
      4.293    -0.048    -0.445
      4.300    -0.052    -0.444
      4.307    -0.055    -0.444
      4.314    -0.059    -0.444
      4.321    -0.062    -0.444
      4.327    -0.066    -0.444
      4.334    -0.069    -0.444
      4.340    -0.072    -0.444
      4.347    -0.076    -0.444
      4.353    -0.079    -0.444
      4.360    -0.082    -0.444
      4.366    -0.086    -0.444
      4.373    -0.089    -0.444
      4.379    -0.093    -0.444
      4.386    -0.096    -0.444
      4.392    -0.099    -0.444
      4.398    -0.103    -0.444
      4.404    -0.106    -0.443
      4.411    -0.109    -0.443
      4.417    -0.112    -0.443
      4.423    -0.115    -0.443
      4.430    -0.119    -0.443
      4.437    -0.123    -0.443
      4.444    -0.127    -0.443
      4.451    -0.130    -0.443
      4.458    -0.134    -0.443
      4.465    -0.138    -0.443
      4.472    -0.142    -0.443
      4.478    -0.145    -0.443
      4.485    -0.148    -0.443
      4.491    -0.152    -0.443
      4.498    -0.155    -0.442
      4.504    -0.159    -0.442
      4.511    -0.162    -0.442
      4.517    -0.166    -0.442
      4.524    -0.169    -0.442
      4.530    -0.173    -0.442
      4.536    -0.176    -0.442
      4.543    -0.180    -0.442
      4.549    -0.183    -0.442
      4.555    -0.186    -0.442
      4.561    -0.190    -0.442
      4.567    -0.193    -0.442
      4.573    -0.196    -0.441
      4.579    -0.200    -0.441
      4.586    -0.203    -0.441
      4.592    -0.207    -0.441
      4.599    -0.210    -0.441
      4.605    -0.214    -0.441
      4.611    -0.217    -0.441
      4.618    -0.221    -0.441
      4.624    -0.224    -0.441
      4.630    -0.227    -0.441
      4.636    -0.231    -0.441
      4.642    -0.234    -0.440
      4.648    -0.237    -0.440
      4.655    -0.241    -0.440
      4.661    -0.245    -0.440
      4.668    -0.249    -0.440
      4.675    -0.252    -0.440
      4.682    -0.256    -0.440
      4.688    -0.260    -0.440
      4.695    -0.264    -0.440
      4.702    -0.267    -0.439
      4.708    -0.271    -0.439
      4.714    -0.274    -0.439
      4.721    -0.278    -0.439
      4.727    -0.281    -0.439
      4.733    -0.285    -0.439
      4.740    -0.288    -0.439
      4.746    -0.292    -0.439
      4.753    -0.296    -0.439
      4.760    -0.300    -0.438
      4.767    -0.304    -0.438
      4.774    -0.308    -0.438
      4.781    -0.311    -0.438
      4.787    -0.315    -0.438
      4.794    -0.319    -0.438
      4.801    -0.323    -0.438
      4.808    -0.327    -0.437
      4.815    -0.331    -0.437
      4.822    -0.335    -0.437
      4.829    -0.339    -0.437
      4.836    -0.343    -0.437
      4.842    -0.346    -0.437
      4.849    -0.350    -0.437
      4.856    -0.354    -0.436
      4.863    -0.358    -0.436
      4.870    -0.362    -0.436
      4.877    -0.366    -0.436
      4.884    -0.370    -0.436
      4.891    -0.374    -0.436
      4.897    -0.378    -0.436
      4.904    -0.381    -0.435
      4.911    -0.385    -0.435
      4.918    -0.389    -0.435
      4.925    -0.393    -0.435
      4.932    -0.397    -0.435
      4.939    -0.401    -0.435
      4.946    -0.405    -0.434
      4.953    -0.409    -0.434
      4.960    -0.413    -0.434
      4.966    -0.417    -0.434
      4.973    -0.421    -0.434
      4.980    -0.425    -0.433
      4.987    -0.429    -0.433
      4.994    -0.433    -0.433
      5.001    -0.436    -0.433
      5.008    -0.440    -0.433
      5.014    -0.444    -0.433
      5.021    -0.448    -0.432
      5.028    -0.452    -0.432
      5.035    -0.456    -0.432
      5.042    -0.460    -0.432
      5.049    -0.464    -0.432
      5.056    -0.468    -0.431
      5.063    -0.472    -0.431
      5.070    -0.476    -0.431
      5.077    -0.480    -0.431
      5.084    -0.484    -0.431
      5.090    -0.487    -0.430
      5.097    -0.491    -0.430
      5.104    -0.495    -0.430
      5.111    -0.499    -0.430
      5.118    -0.503    -0.429
      5.124    -0.506    -0.429
      5.130    -0.510    -0.429
      5.137    -0.514    -0.429
      5.143    -0.517    -0.429
      5.149    -0.521    -0.428
      5.156    -0.525    -0.428
      5.163    -0.529    -0.428
      5.170    -0.533    -0.428
      5.177    -0.537    -0.427
      5.184    -0.540    -0.427
      5.191    -0.544    -0.427
      5.198    -0.548    -0.427
      5.204    -0.552    -0.427
      5.211    -0.556    -0.426
      5.218    -0.560    -0.426
      5.225    -0.564    -0.426
      5.232    -0.568    -0.426
      5.239    -0.572    -0.425
      5.246    -0.575    -0.425
      5.253    -0.579    -0.425
      5.260    -0.583    -0.424
      5.267    -0.587    -0.424
      5.274    -0.591    -0.424
      5.281    -0.595    -0.424
      5.287    -0.599    -0.423
      5.294    -0.603    -0.423
      5.301    -0.607    -0.423
      5.308    -0.611    -0.423
      5.315    -0.614    -0.422
      5.321    -0.618    -0.422
      5.327    -0.621    -0.422
      5.334    -0.625    -0.421
      5.340    -0.628    -0.421
      5.347    -0.632    -0.421
      5.354    -0.636    -0.421
      5.360    -0.640    -0.420
      5.367    -0.644    -0.420
      5.374    -0.647    -0.420
      5.381    -0.651    -0.419
      5.388    -0.655    -0.419
      5.395    -0.659    -0.419
      5.402    -0.663    -0.418
      5.408    -0.666    -0.418
      5.414    -0.670    -0.418
      5.421    -0.673    -0.418
      5.427    -0.677    -0.417
      5.434    -0.680    -0.417
      5.440    -0.684    -0.417
      5.446    -0.687    -0.416
      5.453    -0.691    -0.416
      5.459    -0.694    -0.416
      5.466    -0.698    -0.415
      5.472    -0.701    -0.415
      5.478    -0.705    -0.415
      5.484    -0.708    -0.414
      5.490    -0.711    -0.414
      5.496    -0.714    -0.414
      5.502    -0.718    -0.413
      5.509    -0.722    -0.413
      5.516    -0.725    -0.413
      5.523    -0.729    -0.412
      5.530    -0.733    -0.412
      5.537    -0.737    -0.412
      5.544    -0.740    -0.411
      5.551    -0.744    -0.411
      5.558    -0.748    -0.411
      5.565    -0.752    -0.410
      5.572    -0.755    -0.410
      5.579    -0.759    -0.409
      5.586    -0.763    -0.409
      5.593    -0.767    -0.409
      5.600    -0.770    -0.408
      5.607    -0.774    -0.408
      5.614    -0.778    -0.407
      5.621    -0.782    -0.407
      5.628    -0.785    -0.407
      5.635    -0.789    -0.406
      5.642    -0.793    -0.406
      5.649    -0.797    -0.405
      5.656    -0.800    -0.405
      5.663    -0.804    -0.404
      5.669    -0.807    -0.404
      5.676    -0.811    -0.404
      5.682    -0.814    -0.403
      5.689    -0.818    -0.403
      5.695    -0.821    -0.402
      5.702    -0.824    -0.402
      5.709    -0.828    -0.402
      5.716    -0.832    -0.401
      5.723    -0.836    -0.401
      5.730    -0.839    -0.400
      5.737    -0.843    -0.400
      5.744    -0.847    -0.399
      5.751    -0.850    -0.399
      5.757    -0.854    -0.399
      5.764    -0.857    -0.398
      5.770    -0.860    -0.398
      5.777    -0.864    -0.397
      5.783    -0.867    -0.397
      5.790    -0.870    -0.396
      5.796    -0.874    -0.396
      5.803    -0.877    -0.395
      5.809    -0.880    -0.395
      5.816    -0.884    -0.395
      5.822    -0.887    -0.394
      5.829    -0.890    -0.394
      5.835    -0.893    -0.393
      5.841    -0.896    -0.393
      5.847    -0.900    -0.392
      5.853    -0.903    -0.392
      5.859    -0.906    -0.392
      5.867    -0.909    -0.391
      5.874    -0.913    -0.391
      5.881    -0.916    -0.390
      5.888    -0.920    -0.390
      5.895    -0.924    -0.389
      5.902    -0.927    -0.389
      5.909    -0.931    -0.388
      5.916    -0.934    -0.388
      5.922    -0.937    -0.387
      5.929    -0.940    -0.387
      5.935    -0.944    -0.386
      5.942    -0.947    -0.386
      5.948    -0.950    -0.385
      5.955    -0.953    -0.385
      5.962    -0.957    -0.384
      5.968    -0.960    -0.384
      5.975    -0.963    -0.383
      5.981    -0.966    -0.383
      5.988    -0.969    -0.382
      5.994    -0.972    -0.382
      6.000    -0.975    -0.381
      6.006    -0.978    -0.381
      6.012    -0.981    -0.380
      6.019    -0.984    -0.380
      6.025    -0.988    -0.379
      6.032    -0.991    -0.379
      6.038    -0.994    -0.378
      6.045    -0.997    -0.378
      6.051    -1.000    -0.377
      6.058    -1.003    -0.376
      6.064    -1.006    -0.376
      6.070    -1.009    -0.375
      6.077    -1.012    -0.375
      6.083    -1.015    -0.374
      6.089    -1.018    -0.374
      6.096    -1.021    -0.373
      6.103    -1.025    -0.373
      6.110    -1.028    -0.372
      6.117    -1.031    -0.372
      6.124    -1.034    -0.371
      6.131    -1.038    -0.370
      6.138    -1.041    -0.370
      6.145    -1.044    -0.369
      6.152    -1.047    -0.369
      6.159    -1.051    -0.368
      6.166    -1.054    -0.367
      6.173    -1.057    -0.367
      6.181    -1.061    -0.366
      6.188    -1.064    -0.366
      6.195    -1.067    -0.365
      6.202    -1.070    -0.364
      6.209    -1.074    -0.364
      6.216    -1.077    -0.363
      6.223    -1.080    -0.363
      6.231    -1.084    -0.362
      6.238    -1.087    -0.361
      6.245    -1.090    -0.361
      6.252    -1.093    -0.360
      6.260    -1.097    -0.359
      6.267    -1.100    -0.359
      6.274    -1.103    -0.358
      6.281    -1.106    -0.357
      6.289    -1.109    -0.357
      6.296    -1.113    -0.356
      6.303    -1.116    -0.355
      6.310    -1.119    -0.355
      6.317    -1.122    -0.354
      6.324    -1.125    -0.354
      6.330    -1.128    -0.353
      6.337    -1.131    -0.352
      6.344    -1.134    -0.352
      6.350    -1.137    -0.351
      6.358    -1.140    -0.351
      6.365    -1.143    -0.350
      6.372    -1.146    -0.349
      6.380    -1.149    -0.349
      6.387    -1.152    -0.348
      6.394    -1.155    -0.347
      6.402    -1.158    -0.347
      6.408    -1.161    -0.346
      6.415    -1.164    -0.345
      6.422    -1.167    -0.345
      6.428    -1.170    -0.344
      6.435    -1.172    -0.343
      6.442    -1.175    -0.343
      6.449    -1.178    -0.342
      6.455    -1.181    -0.342
      6.462    -1.184    -0.341
      6.469    -1.186    -0.340
      6.476    -1.189    -0.340
      6.482    -1.192    -0.339
      6.489    -1.194    -0.339
      6.495    -1.197    -0.338
      6.501    -1.200    -0.337
      6.508    -1.202    -0.337
      6.514    -1.205    -0.336
      6.521    -1.208    -0.336
      6.529    -1.211    -0.335
      6.536    -1.214    -0.334
      6.544    -1.217    -0.334
      6.551    -1.219    -0.333
      6.558    -1.222    -0.332
      6.566    -1.225    -0.331
      6.573    -1.228    -0.331
      6.579    -1.231    -0.330
      6.586    -1.233    -0.330
      6.593    -1.236    -0.329
      6.600    -1.238    -0.328
      6.607    -1.241    -0.328
      6.613    -1.244    -0.327
      6.620    -1.246    -0.326
      6.627    -1.249    -0.326
      6.634    -1.251    -0.325
      6.641    -1.254    -0.325
      6.647    -1.257    -0.324
      6.654    -1.259    -0.323
      6.660    -1.261    -0.323
      6.667    -1.264    -0.322
      6.673    -1.266    -0.322
      6.680    -1.269    -0.321
      6.686    -1.271    -0.320
      6.693    -1.274    -0.320
      6.700    -1.276    -0.319
      6.707    -1.279    -0.319
      6.714    -1.281    -0.318
      6.721    -1.284    -0.317
      6.727    -1.286    -0.317
      6.733    -1.288    -0.316
      6.740    -1.291    -0.316
      6.746    -1.293    -0.315
      6.753    -1.295    -0.314
      6.760    -1.298    -0.314
      6.767    -1.300    -0.313
      6.775    -1.303    -0.312
      6.782    -1.305    -0.312
      6.789    -1.308    -0.311
      6.796    -1.310    -0.310
      6.803    -1.313    -0.310
      6.811    -1.315    -0.309
      6.818    -1.318    -0.308
      6.826    -1.321    -0.308
      6.833    -1.323    -0.307
      6.841    -1.326    -0.306
      6.848    -1.328    -0.306
      6.856    -1.331    -0.305
      6.863    -1.333    -0.304
      6.870    -1.335    -0.304
      6.877    -1.338    -0.303
      6.884    -1.340    -0.303
      6.891    -1.342    -0.302
      6.898    -1.344    -0.301
      6.905    -1.347    -0.301
      6.912    -1.349    -0.300
      6.919    -1.351    -0.300
      6.926    -1.353    -0.299
      6.933    -1.356    -0.298
      6.940    -1.358    -0.298
      6.946    -1.360    -0.297
      6.953    -1.362    -0.297
      6.960    -1.364    -0.296
      6.966    -1.366    -0.295
      6.973    -1.368    -0.295
      6.979    -1.370    -0.294
      6.986    -1.372    -0.294
      6.993    -1.374    -0.293
      7.000    -1.376    -0.293
      7.007    -1.379    -0.292
      7.014    -1.381    -0.291
      7.021    -1.383    -0.291
      7.028    -1.385    -0.290
      7.034    -1.387    -0.290
      7.041    -1.389    -0.289
      7.047    -1.390    -0.289
      7.054    -1.392    -0.288
      7.061    -1.395    -0.287
      7.069    -1.397    -0.287
      7.076    -1.399    -0.286
      7.083    -1.401    -0.286
      7.091    -1.403    -0.285
      7.098    -1.405    -0.284
      7.106    -1.407    -0.284
      7.113    -1.409    -0.283
      7.120    -1.411    -0.283
      7.127    -1.413    -0.282
      7.134    -1.415    -0.281
      7.141    -1.417    -0.281
      7.148    -1.419    -0.280
      7.155    -1.421    -0.280
      7.162    -1.422    -0.279
      7.168    -1.424    -0.279
      7.175    -1.426    -0.278
      7.182    -1.427    -0.278
      7.188    -1.429    -0.277
      7.196    -1.431    -0.277
      7.203    -1.433    -0.276
      7.211    -1.435    -0.275
      7.218    -1.437    -0.275
      7.226    -1.439    -0.274
      7.233    -1.441    -0.274
      7.240    -1.442    -0.273
      7.248    -1.444    -0.273
      7.255    -1.446    -0.272
      7.263    -1.448    -0.271
      7.270    -1.450    -0.271
      7.278    -1.451    -0.270
      7.285    -1.453    -0.270
      7.293    -1.455    -0.269
      7.300    -1.457    -0.269
      7.308    -1.458    -0.268
      7.315    -1.460    -0.268
      7.323    -1.462    -0.267
      7.331    -1.464    -0.266
      7.339    -1.465    -0.266
      7.347    -1.467    -0.265
      7.355    -1.469    -0.265
