Count of Points:874

WCS coordinates of Points:
      1.181     0.000    -0.354
      1.187     0.003    -0.354
      1.194     0.007    -0.354
      1.200     0.010    -0.354
      1.206     0.014    -0.354
      1.213     0.017    -0.354
      1.219     0.021    -0.354
      1.225     0.024    -0.354
      1.232     0.027    -0.354
      1.238     0.031    -0.354
      1.244     0.034    -0.354
      1.251     0.037    -0.354
      1.257     0.041    -0.354
      1.264     0.044    -0.354
      1.270     0.047    -0.354
      1.276     0.051    -0.354
      1.283     0.054    -0.354
      1.289     0.057    -0.354
      1.296     0.061    -0.354
      1.302     0.064    -0.354
      1.309     0.067    -0.354
      1.315     0.070    -0.354
      1.322     0.074    -0.354
      1.328     0.077    -0.354
      1.335     0.080    -0.354
      1.342     0.084    -0.354
      1.350     0.087    -0.354
      1.357     0.091    -0.354
      1.364     0.094    -0.354
      1.371     0.098    -0.354
      1.377     0.101    -0.354
      1.384     0.104    -0.354
      1.390     0.107    -0.354
      1.397     0.110    -0.354
      1.403     0.113    -0.354
      1.410     0.116    -0.354
      1.417     0.119    -0.354
      1.424     0.123    -0.354
      1.432     0.126    -0.354
      1.439     0.129    -0.354
      1.446     0.133    -0.354
      1.453     0.136    -0.354
      1.461     0.139    -0.354
      1.468     0.143    -0.354
      1.475     0.146    -0.354
      1.482     0.149    -0.354
      1.490     0.152    -0.354
      1.497     0.155    -0.354
      1.504     0.158    -0.354
      1.511     0.162    -0.354
      1.518     0.164    -0.354
      1.524     0.167    -0.354
      1.531     0.170    -0.354
      1.538     0.173    -0.354
      1.544     0.176    -0.354
      1.551     0.178    -0.354
      1.558     0.181    -0.354
      1.565     0.184    -0.354
      1.573     0.187    -0.354
      1.580     0.190    -0.354
      1.587     0.193    -0.354
      1.595     0.196    -0.354
      1.602     0.199    -0.354
      1.610     0.202    -0.354
      1.617     0.205    -0.354
      1.624     0.208    -0.354
      1.632     0.211    -0.354
      1.639     0.214    -0.354
      1.646     0.216    -0.354
      1.654     0.219    -0.354
      1.661     0.222    -0.354
      1.669     0.225    -0.354
      1.676     0.227    -0.354
      1.684     0.230    -0.354
      1.691     0.233    -0.354
      1.699     0.236    -0.354
      1.706     0.238    -0.354
      1.713     0.241    -0.354
      1.721     0.244    -0.354
      1.728     0.246    -0.354
      1.736     0.249    -0.354
      1.743     0.251    -0.354
      1.751     0.254    -0.354
      1.758     0.257    -0.354
      1.766     0.259    -0.354
      1.773     0.262    -0.354
      1.781     0.264    -0.354
      1.788     0.266    -0.354
      1.795     0.269    -0.354
      1.802     0.271    -0.354
      1.808     0.273    -0.354
      1.815     0.275    -0.354
      1.822     0.278    -0.354
      1.829     0.280    -0.354
      1.837     0.282    -0.354
      1.844     0.285    -0.354
      1.852     0.287    -0.354
      1.860     0.289    -0.354
      1.867     0.291    -0.354
      1.875     0.294    -0.354
      1.883     0.296    -0.354
      1.890     0.298    -0.354
      1.898     0.300    -0.354
      1.906     0.303    -0.354
      1.913     0.305    -0.354
      1.921     0.307    -0.354
      1.928     0.309    -0.354
      1.936     0.311    -0.354
      1.943     0.313    -0.354
      1.951     0.315    -0.354
      1.959     0.317    -0.354
      1.967     0.319    -0.354
      1.974     0.321    -0.354
      1.982     0.323    -0.354
      1.989     0.325    -0.354
      1.997     0.327    -0.354
      2.005     0.329    -0.354
      2.012     0.331    -0.354
      2.020     0.333    -0.354
      2.028     0.335    -0.354
      2.036     0.337    -0.354
      2.043     0.338    -0.354
      2.051     0.340    -0.354
      2.059     0.342    -0.354
      2.067     0.344    -0.354
      2.075     0.345    -0.354
      2.082     0.347    -0.354
      2.090     0.349    -0.354
      2.098     0.351    -0.354
      2.106     0.352    -0.354
      2.113     0.354    -0.354
      2.121     0.355    -0.354
      2.129     0.357    -0.354
      2.136     0.358    -0.354
      2.144     0.360    -0.354
      2.152     0.361    -0.354
      2.160     0.363    -0.354
      2.168     0.364    -0.354
      2.176     0.366    -0.354
      2.183     0.367    -0.354
      2.191     0.369    -0.354
      2.199     0.370    -0.354
      2.207     0.371    -0.354
      2.215     0.373    -0.354
      2.223     0.374    -0.354
      2.231     0.375    -0.354
      2.239     0.377    -0.354
      2.246     0.378    -0.354
      2.253     0.379    -0.354
      2.260     0.380    -0.354
      2.268     0.381    -0.354
      2.275     0.382    -0.354
      2.282     0.383    -0.354
      2.289     0.384    -0.354
      2.296     0.385    -0.354
      2.304     0.386    -0.354
      2.311     0.387    -0.354
      2.318     0.388    -0.354
      2.325     0.389    -0.354
      2.332     0.390    -0.354
      2.340     0.391    -0.354
      2.348     0.392    -0.354
      2.356     0.393    -0.354
      2.364     0.394    -0.354
      2.372     0.394    -0.354
      2.380     0.395    -0.354
      2.388     0.396    -0.354
      2.396     0.397    -0.354
      2.404     0.398    -0.354
      2.412     0.398    -0.354
      2.419     0.399    -0.354
      2.427     0.400    -0.354
      2.435     0.401    -0.354
      2.443     0.401    -0.354
      2.451     0.402    -0.354
      2.459     0.402    -0.354
      2.467     0.403    -0.354
      2.475     0.404    -0.354
      2.482     0.404    -0.354
      2.490     0.405    -0.354
      2.498     0.405    -0.354
      2.506     0.405    -0.354
      2.514     0.406    -0.354
      2.522     0.406    -0.354
      2.530     0.407    -0.354
      2.538     0.407    -0.354
      2.546     0.407    -0.354
      2.554     0.408    -0.354
      2.562     0.408    -0.354
      2.570     0.408    -0.354
      2.578     0.408    -0.354
      2.586     0.409    -0.354
      2.594     0.409    -0.354
      2.601     0.409    -0.354
      2.609     0.409    -0.354
      2.617     0.409    -0.354
      2.625     0.409    -0.354
      2.633     0.409    -0.354
      2.641     0.410    -0.354
      2.649     0.410    -0.354
      2.657     0.410    -0.354
      2.665     0.409    -0.354
      2.673     0.409    -0.354
      2.681     0.409    -0.354
      2.689     0.409    -0.354
      2.697     0.409    -0.354
      2.705     0.409    -0.354
      2.713     0.409    -0.354
      2.721     0.409    -0.354
      2.729     0.408    -0.354
      2.737     0.408    -0.354
      2.745     0.408    -0.354
      2.753     0.408    -0.354
      2.760     0.407    -0.354
      2.767     0.407    -0.354
      2.775     0.407    -0.354
      2.782     0.406    -0.354
      2.789     0.406    -0.354
      2.796     0.405    -0.354
      2.804     0.405    -0.354
      2.812     0.405    -0.354
      2.820     0.404    -0.354
      2.828     0.403    -0.354
      2.836     0.403    -0.354
      2.844     0.402    -0.354
      2.852     0.402    -0.354
      2.860     0.401    -0.354
      2.867     0.400    -0.354
      2.875     0.400    -0.354
      2.883     0.399    -0.354
      2.891     0.398    -0.354
      2.899     0.398    -0.354
      2.907     0.397    -0.354
      2.915     0.396    -0.354
      2.923     0.395    -0.354
      2.931     0.394    -0.354
      2.939     0.394    -0.354
      2.947     0.393    -0.354
      2.955     0.392    -0.354
      2.963     0.391    -0.354
      2.971     0.390    -0.354
      2.979     0.389    -0.354
      2.986     0.388    -0.354
      2.993     0.387    -0.354
      3.000     0.386    -0.354
      3.008     0.385    -0.354
      3.015     0.384    -0.354
      3.022     0.383    -0.354
      3.030     0.382    -0.354
      3.038     0.381    -0.354
      3.046     0.380    -0.354
      3.054     0.378    -0.354
      3.062     0.377    -0.354
      3.070     0.376    -0.354
      3.077     0.375    -0.354
      3.085     0.373    -0.354
      3.092     0.372    -0.354
      3.099     0.371    -0.354
      3.106     0.370    -0.354
      3.114     0.369    -0.354
      3.121     0.367    -0.354
      3.128     0.366    -0.354
      3.135     0.365    -0.354
      3.142     0.363    -0.354
      3.150     0.362    -0.354
      3.157     0.361    -0.354
      3.164     0.359    -0.354
      3.171     0.358    -0.354
      3.177     0.357    -0.354
      3.184     0.355    -0.354
      3.191     0.354    -0.354
      3.198     0.352    -0.354
      3.205     0.351    -0.354
      3.212     0.349    -0.354
      3.219     0.348    -0.354
      3.226     0.346    -0.354
      3.233     0.345    -0.354
      3.240     0.343    -0.354
      3.247     0.342    -0.354
      3.255     0.340    -0.354
      3.263     0.338    -0.354
      3.271     0.336    -0.354
      3.278     0.335    -0.354
      3.286     0.333    -0.354
      3.294     0.331    -0.354
      3.302     0.329    -0.354
      3.309     0.327    -0.354
      3.317     0.325    -0.354
      3.325     0.323    -0.354
      3.332     0.321    -0.354
      3.340     0.319    -0.354
      3.348     0.317    -0.354
      3.355     0.315    -0.354
      3.363     0.313    -0.354
      3.371     0.311    -0.354
      3.378     0.309    -0.354
      3.386     0.307    -0.354
      3.394     0.305    -0.354
      3.401     0.303    -0.354
      3.409     0.301    -0.354
      3.416     0.299    -0.354
      3.424     0.297    -0.354
      3.431     0.294    -0.354
      3.439     0.292    -0.354
      3.447     0.290    -0.354
      3.454     0.288    -0.354
      3.462     0.285    -0.354
      3.470     0.283    -0.354
      3.477     0.281    -0.354
      3.485     0.278    -0.354
      3.493     0.276    -0.354
      3.500     0.274    -0.354
      3.508     0.271    -0.354
      3.515     0.269    -0.354
      3.523     0.266    -0.354
      3.530     0.264    -0.354
      3.538     0.262    -0.354
      3.545     0.259    -0.354
      3.553     0.257    -0.354
      3.560     0.254    -0.354
      3.568     0.252    -0.354
      3.576     0.249    -0.354
      3.583     0.247    -0.354
      3.591     0.244    -0.354
      3.598     0.241    -0.354
      3.606     0.239    -0.354
      3.613     0.236    -0.354
      3.621     0.233    -0.354
      3.628     0.231    -0.354
      3.636     0.228    -0.354
      3.643     0.225    -0.354
      3.651     0.223    -0.353
      3.658     0.220    -0.353
      3.665     0.218    -0.353
      3.672     0.215    -0.353
      3.678     0.213    -0.353
      3.685     0.210    -0.353
      3.692     0.208    -0.353
      3.700     0.205    -0.353
      3.707     0.202    -0.353
      3.715     0.199    -0.353
      3.722     0.196    -0.353
      3.729     0.193    -0.353
      3.737     0.191    -0.353
      3.744     0.188    -0.353
      3.751     0.185    -0.353
      3.759     0.182    -0.353
      3.766     0.179    -0.353
      3.773     0.176    -0.353
      3.781     0.173    -0.353
      3.788     0.170    -0.353
      3.796     0.167    -0.353
      3.803     0.164    -0.353
      3.811     0.161    -0.353
      3.818     0.158    -0.353
      3.825     0.155    -0.353
      3.833     0.152    -0.353
      3.840     0.149    -0.353
      3.847     0.146    -0.353
      3.855     0.143    -0.353
      3.862     0.140    -0.353
      3.869     0.137    -0.353
      3.876     0.134    -0.353
      3.882     0.131    -0.353
      3.889     0.128    -0.353
      3.896     0.125    -0.353
      3.902     0.122    -0.353
      3.910     0.119    -0.353
      3.917     0.116    -0.353
      3.924     0.113    -0.353
      3.932     0.109    -0.353
      3.939     0.106    -0.353
      3.946     0.103    -0.353
      3.954     0.100    -0.353
      3.960     0.097    -0.353
      3.967     0.094    -0.353
      3.974     0.091    -0.353
      3.980     0.088    -0.353
      3.987     0.084    -0.353
      3.994     0.081    -0.353
      4.000     0.078    -0.353
      4.007     0.075    -0.353
      4.014     0.072    -0.353
      4.020     0.069    -0.353
      4.027     0.066    -0.353
      4.033     0.063    -0.353
      4.040     0.060    -0.353
      4.046     0.057    -0.353
      4.052     0.054    -0.353
      4.058     0.051    -0.352
      4.065     0.048    -0.352
      4.072     0.045    -0.352
      4.079     0.041    -0.352
      4.086     0.038    -0.352
      4.093     0.034    -0.352
      4.101     0.031    -0.352
      4.108     0.027    -0.352
      4.115     0.024    -0.352
      4.122     0.021    -0.352
      4.129     0.017    -0.352
      4.136     0.014    -0.352
      4.143     0.010    -0.352
      4.150     0.006    -0.352
      4.157     0.003    -0.352
      4.164    -0.001    -0.352
      4.172    -0.004    -0.352
      4.179    -0.008    -0.352
      4.186    -0.011    -0.352
      4.193    -0.015    -0.352
      4.200    -0.019    -0.352
      4.207    -0.022    -0.352
      4.214    -0.026    -0.352
      4.221    -0.030    -0.352
      4.229    -0.033    -0.352
      4.235    -0.037    -0.352
      4.242    -0.040    -0.352
      4.248    -0.043    -0.352
      4.255    -0.047    -0.352
      4.261    -0.050    -0.352
      4.268    -0.053    -0.352
      4.275    -0.057    -0.351
      4.282    -0.061    -0.351
      4.289    -0.065    -0.351
      4.296    -0.068    -0.351
      4.303    -0.072    -0.351
      4.310    -0.076    -0.351
      4.317    -0.079    -0.351
      4.323    -0.083    -0.351
      4.330    -0.086    -0.351
      4.336    -0.090    -0.351
      4.343    -0.093    -0.351
      4.349    -0.097    -0.351
      4.356    -0.100    -0.351
      4.362    -0.104    -0.351
      4.369    -0.107    -0.351
      4.375    -0.111    -0.351
      4.382    -0.114    -0.351
      4.388    -0.118    -0.351
      4.394    -0.121    -0.351
      4.400    -0.124    -0.351
      4.406    -0.128    -0.351
      4.413    -0.131    -0.351
      4.419    -0.134    -0.351
      4.425    -0.138    -0.351
      4.432    -0.142    -0.350
      4.439    -0.145    -0.350
      4.446    -0.149    -0.350
      4.453    -0.153    -0.350
      4.460    -0.157    -0.350
      4.467    -0.161    -0.350
      4.474    -0.165    -0.350
      4.480    -0.168    -0.350
      4.486    -0.172    -0.350
      4.493    -0.176    -0.350
      4.499    -0.179    -0.350
      4.506    -0.183    -0.350
      4.512    -0.186    -0.350
      4.518    -0.190    -0.350
      4.525    -0.193    -0.350
      4.531    -0.197    -0.350
      4.537    -0.201    -0.350
      4.544    -0.204    -0.350
      4.550    -0.208    -0.349
      4.556    -0.211    -0.349
      4.562    -0.215    -0.349
      4.568    -0.218    -0.349
      4.574    -0.222    -0.349
      4.580    -0.225    -0.349
      4.586    -0.229    -0.349
      4.593    -0.232    -0.349
      4.599    -0.236    -0.349
      4.606    -0.240    -0.349
      4.612    -0.243    -0.349
      4.618    -0.247    -0.349
      4.624    -0.250    -0.349
      4.630    -0.254    -0.349
      4.636    -0.257    -0.349
      4.642    -0.261    -0.349
      4.648    -0.264    -0.349
      4.655    -0.268    -0.348
      4.661    -0.272    -0.348
      4.668    -0.276    -0.348
      4.675    -0.280    -0.348
      4.681    -0.283    -0.348
      4.688    -0.287    -0.348
      4.695    -0.291    -0.348
      4.701    -0.295    -0.348
      4.708    -0.299    -0.348
      4.714    -0.302    -0.348
      4.720    -0.306    -0.348
      4.726    -0.310    -0.348
      4.733    -0.313    -0.348
      4.739    -0.317    -0.347
      4.745    -0.321    -0.347
      4.752    -0.325    -0.347
      4.759    -0.329    -0.347
      4.766    -0.333    -0.347
      4.773    -0.337    -0.347
      4.779    -0.341    -0.347
      4.786    -0.345    -0.347
      4.793    -0.349    -0.347
      4.800    -0.353    -0.347
      4.807    -0.357    -0.347
      4.814    -0.361    -0.346
      4.820    -0.365    -0.346
      4.827    -0.369    -0.346
      4.834    -0.373    -0.346
      4.841    -0.377    -0.346
      4.847    -0.381    -0.346
      4.854    -0.385    -0.346
      4.861    -0.390    -0.346
      4.868    -0.394    -0.346
      4.875    -0.398    -0.346
      4.882    -0.402    -0.345
      4.888    -0.406    -0.345
      4.895    -0.410    -0.345
      4.902    -0.414    -0.345
      4.909    -0.418    -0.345
      4.915    -0.422    -0.345
      4.922    -0.426    -0.345
      4.929    -0.430    -0.345
      4.936    -0.434    -0.344
      4.943    -0.438    -0.344
      4.950    -0.442    -0.344
      4.957    -0.446    -0.344
      4.963    -0.451    -0.344
      4.970    -0.455    -0.344
      4.977    -0.459    -0.344
      4.984    -0.463    -0.344
      4.991    -0.467    -0.344
      4.997    -0.471    -0.343
      5.004    -0.475    -0.343
      5.011    -0.479    -0.343
      5.018    -0.483    -0.343
      5.024    -0.487    -0.343
      5.031    -0.491    -0.343
      5.038    -0.495    -0.343
      5.045    -0.499    -0.342
      5.052    -0.504    -0.342
      5.059    -0.508    -0.342
      5.066    -0.512    -0.342
      5.072    -0.516    -0.342
      5.079    -0.520    -0.342
      5.086    -0.524    -0.342
      5.093    -0.528    -0.341
      5.100    -0.532    -0.341
      5.107    -0.536    -0.341
      5.113    -0.540    -0.341
      5.119    -0.544    -0.341
      5.125    -0.548    -0.341
      5.132    -0.552    -0.341
      5.138    -0.555    -0.340
      5.144    -0.559    -0.340
      5.151    -0.563    -0.340
      5.158    -0.567    -0.340
      5.165    -0.571    -0.340
      5.172    -0.575    -0.340
      5.179    -0.579    -0.339
      5.185    -0.584    -0.339
      5.192    -0.588    -0.339
      5.199    -0.592    -0.339
      5.205    -0.596    -0.339
      5.212    -0.600    -0.339
      5.219    -0.604    -0.338
      5.226    -0.608    -0.338
      5.233    -0.612    -0.338
      5.240    -0.616    -0.338
      5.247    -0.620    -0.338
      5.253    -0.624    -0.337
      5.260    -0.628    -0.337
      5.267    -0.632    -0.337
      5.274    -0.636    -0.337
      5.281    -0.640    -0.337
      5.288    -0.645    -0.336
      5.295    -0.649    -0.336
      5.301    -0.653    -0.336
      5.308    -0.656    -0.336
      5.314    -0.660    -0.336
      5.320    -0.664    -0.336
      5.327    -0.668    -0.335
      5.333    -0.671    -0.335
      5.339    -0.675    -0.335
      5.346    -0.679    -0.335
      5.353    -0.683    -0.335
      5.360    -0.687    -0.334
      5.367    -0.691    -0.334
      5.374    -0.695    -0.334
      5.381    -0.699    -0.334
      5.387    -0.703    -0.333
      5.394    -0.707    -0.333
      5.400    -0.711    -0.333
      5.406    -0.714    -0.333
      5.413    -0.718    -0.333
      5.419    -0.722    -0.332
      5.425    -0.726    -0.332
      5.432    -0.729    -0.332
      5.438    -0.733    -0.332
      5.444    -0.737    -0.331
      5.451    -0.740    -0.331
      5.457    -0.744    -0.331
      5.463    -0.748    -0.331
      5.469    -0.751    -0.331
      5.475    -0.755    -0.330
      5.481    -0.758    -0.330
      5.487    -0.761    -0.330
      5.493    -0.765    -0.330
      5.500    -0.769    -0.329
      5.507    -0.773    -0.329
      5.514    -0.777    -0.329
      5.521    -0.781    -0.329
      5.528    -0.785    -0.328
      5.534    -0.789    -0.328
      5.541    -0.793    -0.328
      5.548    -0.797    -0.328
      5.555    -0.800    -0.327
      5.562    -0.804    -0.327
      5.569    -0.808    -0.327
      5.576    -0.812    -0.327
      5.583    -0.816    -0.326
      5.589    -0.820    -0.326
      5.596    -0.824    -0.326
      5.603    -0.828    -0.325
      5.610    -0.832    -0.325
      5.617    -0.836    -0.325
      5.624    -0.840    -0.324
      5.631    -0.844    -0.324
      5.638    -0.848    -0.324
      5.645    -0.852    -0.324
      5.652    -0.855    -0.323
      5.658    -0.859    -0.323
      5.665    -0.863    -0.323
      5.671    -0.866    -0.322
      5.678    -0.870    -0.322
      5.684    -0.873    -0.322
      5.690    -0.877    -0.322
      5.697    -0.881    -0.321
      5.704    -0.885    -0.321
      5.711    -0.888    -0.321
      5.718    -0.892    -0.320
      5.725    -0.896    -0.320
      5.732    -0.900    -0.320
      5.739    -0.904    -0.319
      5.746    -0.907    -0.319
      5.752    -0.911    -0.319
      5.759    -0.914    -0.318
      5.765    -0.918    -0.318
      5.771    -0.921    -0.318
      5.778    -0.925    -0.317
      5.784    -0.928    -0.317
      5.791    -0.932    -0.317
      5.797    -0.935    -0.317
      5.804    -0.939    -0.316
      5.810    -0.942    -0.316
      5.816    -0.946    -0.316
      5.823    -0.949    -0.315
      5.829    -0.952    -0.315
      5.835    -0.956    -0.315
      5.841    -0.959    -0.314
      5.847    -0.962    -0.314
      5.854    -0.966    -0.314
      5.861    -0.970    -0.313
      5.868    -0.973    -0.313
      5.875    -0.977    -0.313
      5.882    -0.981    -0.312
      5.889    -0.985    -0.312
      5.896    -0.988    -0.311
      5.903    -0.992    -0.311
      5.909    -0.995    -0.311
      5.916    -0.998    -0.310
      5.922    -1.002    -0.310
      5.929    -1.005    -0.310
      5.935    -1.009    -0.309
      5.941    -1.012    -0.309
      5.948    -1.015    -0.309
      5.954    -1.019    -0.308
      5.961    -1.022    -0.308
      5.967    -1.025    -0.307
      5.974    -1.029    -0.307
      5.980    -1.032    -0.307
      5.986    -1.035    -0.306
      5.992    -1.038    -0.306
      5.998    -1.041    -0.306
      6.005    -1.045    -0.305
      6.011    -1.048    -0.305
      6.018    -1.051    -0.304
      6.024    -1.054    -0.304
      6.031    -1.058    -0.304
      6.037    -1.061    -0.303
      6.044    -1.064    -0.303
      6.050    -1.067    -0.303
      6.056    -1.071    -0.302
      6.062    -1.074    -0.302
      6.068    -1.077    -0.301
      6.075    -1.080    -0.301
      6.081    -1.083    -0.301
      6.088    -1.087    -0.300
      6.095    -1.090    -0.300
      6.102    -1.094    -0.299
      6.109    -1.097    -0.299
      6.116    -1.100    -0.298
      6.123    -1.104    -0.298
      6.130    -1.107    -0.298
      6.137    -1.111    -0.297
      6.144    -1.114    -0.297
      6.151    -1.118    -0.296
      6.158    -1.121    -0.296
      6.165    -1.125    -0.295
      6.172    -1.128    -0.295
      6.180    -1.131    -0.294
      6.187    -1.135    -0.294
      6.194    -1.138    -0.293
      6.201    -1.141    -0.293
      6.208    -1.145    -0.292
      6.215    -1.148    -0.292
      6.222    -1.152    -0.292
      6.230    -1.155    -0.291
      6.237    -1.159    -0.291
      6.244    -1.162    -0.290
      6.251    -1.165    -0.290
      6.259    -1.169    -0.289
      6.266    -1.172    -0.289
      6.273    -1.175    -0.288
      6.280    -1.179    -0.288
      6.287    -1.182    -0.287
      6.295    -1.185    -0.287
      6.301    -1.188    -0.286
      6.308    -1.192    -0.286
      6.315    -1.195    -0.285
      6.321    -1.198    -0.285
      6.328    -1.201    -0.284
      6.335    -1.204    -0.284
      6.342    -1.207    -0.283
      6.349    -1.210    -0.283
      6.356    -1.213    -0.282
      6.364    -1.217    -0.282
      6.371    -1.220    -0.281
      6.378    -1.223    -0.281
      6.386    -1.226    -0.280
      6.392    -1.229    -0.280
      6.399    -1.232    -0.279
      6.406    -1.235    -0.279
      6.412    -1.238    -0.278
      6.419    -1.241    -0.278
      6.426    -1.244    -0.278
      6.432    -1.247    -0.277
      6.439    -1.250    -0.277
      6.446    -1.253    -0.276
      6.453    -1.256    -0.276
      6.459    -1.258    -0.275
      6.466    -1.261    -0.275
      6.472    -1.264    -0.274
      6.479    -1.267    -0.274
      6.485    -1.269    -0.273
      6.491    -1.272    -0.273
      6.498    -1.275    -0.272
      6.505    -1.278    -0.272
      6.512    -1.281    -0.271
      6.520    -1.284    -0.271
      6.527    -1.287    -0.270
      6.535    -1.290    -0.270
      6.542    -1.293    -0.269
      6.549    -1.296    -0.269
      6.556    -1.299    -0.268
      6.563    -1.302    -0.268
      6.570    -1.304    -0.267
      6.576    -1.307    -0.267
      6.583    -1.310    -0.266
      6.590    -1.312    -0.266
      6.597    -1.315    -0.265
      6.604    -1.318    -0.265
      6.610    -1.321    -0.264
      6.617    -1.323    -0.264
      6.624    -1.326    -0.263
      6.631    -1.329    -0.263
      6.637    -1.331    -0.262
      6.644    -1.334    -0.262
      6.650    -1.336    -0.262
      6.656    -1.339    -0.261
      6.663    -1.341    -0.261
      6.670    -1.344    -0.260
      6.677    -1.346    -0.260
      6.683    -1.349    -0.259
      6.690    -1.351    -0.259
      6.697    -1.354    -0.258
      6.704    -1.357    -0.258
      6.710    -1.359    -0.257
      6.717    -1.361    -0.257
      6.723    -1.364    -0.256
      6.730    -1.366    -0.256
      6.736    -1.369    -0.255
      6.743    -1.371    -0.255
      6.751    -1.374    -0.254
      6.758    -1.376    -0.254
      6.765    -1.379    -0.253
      6.772    -1.382    -0.253
      6.779    -1.384    -0.252
      6.787    -1.387    -0.252
      6.794    -1.389    -0.251
      6.801    -1.392    -0.251
      6.809    -1.395    -0.250
      6.817    -1.397    -0.250
      6.824    -1.400    -0.249
      6.832    -1.403    -0.249
      6.839    -1.405    -0.248
      6.847    -1.408    -0.248
      6.854    -1.410    -0.247
      6.860    -1.413    -0.247
      6.867    -1.415    -0.246
      6.874    -1.417    -0.246
      6.881    -1.420    -0.245
      6.888    -1.422    -0.245
      6.895    -1.424    -0.244
      6.902    -1.427    -0.244
      6.909    -1.429    -0.243
      6.916    -1.431    -0.243
      6.923    -1.433    -0.242
      6.930    -1.436    -0.242
      6.936    -1.438    -0.241
      6.943    -1.440    -0.241
      6.949    -1.442    -0.240
      6.956    -1.444    -0.240
      6.963    -1.446    -0.240
      6.970    -1.448    -0.239
      6.976    -1.451    -0.239
      6.983    -1.453    -0.238
      6.990    -1.455    -0.238
      6.997    -1.457    -0.237
      7.004    -1.459    -0.237
      7.011    -1.461    -0.236
      7.018    -1.463    -0.236
      7.024    -1.465    -0.235
      7.031    -1.467    -0.235
      7.037    -1.469    -0.235
      7.045    -1.471    -0.234
      7.052    -1.474    -0.234
      7.059    -1.476    -0.233
      7.067    -1.478    -0.233
      7.074    -1.480    -0.232
      7.082    -1.482    -0.232
      7.089    -1.484    -0.231
      7.096    -1.486    -0.231
      7.103    -1.488    -0.230
      7.110    -1.490    -0.230
      7.117    -1.492    -0.229
      7.125    -1.494    -0.229
      7.132    -1.496    -0.228
      7.139    -1.498    -0.228
      7.145    -1.500    -0.228
      7.152    -1.502    -0.227
      7.159    -1.504    -0.227
      7.165    -1.505    -0.226
      7.172    -1.507    -0.226
      7.179    -1.509    -0.225
      7.187    -1.511    -0.225
      7.194    -1.513    -0.225
      7.202    -1.515    -0.224
      7.209    -1.517    -0.224
      7.217    -1.519    -0.223
      7.224    -1.521    -0.223
      7.231    -1.523    -0.222
      7.239    -1.525    -0.222
      7.246    -1.526    -0.221
      7.254    -1.528    -0.221
      7.261    -1.530    -0.221
      7.269    -1.532    -0.220
      7.276    -1.534    -0.220
      7.284    -1.536    -0.219
      7.291    -1.537    -0.219
      7.299    -1.539    -0.218
      7.307    -1.541    -0.218
      7.315    -1.543    -0.217
      7.323    -1.545    -0.217
      7.331    -1.547    -0.216
      7.338    -1.548    -0.216
