Count of Points:809

WCS coordinates of Points:
      7.499     0.102    -1.023
      7.492     0.103    -1.024
      7.485     0.105    -1.025
      7.478     0.107    -1.026
      7.471     0.109    -1.027
      7.464     0.111    -1.028
      7.457     0.112    -1.029
      7.450     0.114    -1.031
      7.444     0.116    -1.032
      7.436     0.118    -1.033
      7.429     0.120    -1.034
      7.422     0.122    -1.036
      7.414     0.124    -1.037
      7.407     0.126    -1.038
      7.400     0.128    -1.040
      7.393     0.130    -1.041
      7.385     0.132    -1.043
      7.378     0.134    -1.044
      7.371     0.136    -1.045
      7.364     0.138    -1.047
      7.356     0.140    -1.048
      7.350     0.141    -1.050
      7.343     0.143    -1.051
      7.336     0.145    -1.052
      7.329     0.147    -1.054
      7.322     0.149    -1.055
      7.315     0.151    -1.057
      7.308     0.153    -1.058
      7.301     0.155    -1.060
      7.293     0.157    -1.061
      7.286     0.159    -1.063
      7.279     0.161    -1.064
      7.272     0.163    -1.066
      7.266     0.165    -1.067
      7.259     0.167    -1.069
      7.252     0.169    -1.070
      7.245     0.171    -1.072
      7.238     0.173    -1.074
      7.232     0.175    -1.075
      7.225     0.177    -1.077
      7.218     0.179    -1.078
      7.211     0.181    -1.080
      7.205     0.183    -1.081
      7.198     0.185    -1.083
      7.192     0.187    -1.085
      7.185     0.189    -1.086
      7.178     0.191    -1.088
      7.171     0.193    -1.090
      7.164     0.195    -1.092
      7.156     0.197    -1.093
      7.149     0.199    -1.095
      7.142     0.201    -1.097
      7.136     0.203    -1.099
      7.129     0.205    -1.100
      7.122     0.207    -1.102
      7.115     0.209    -1.104
      7.109     0.211    -1.106
      7.102     0.213    -1.107
      7.095     0.215    -1.109
      7.089     0.217    -1.111
      7.082     0.219    -1.113
      7.075     0.221    -1.114
      7.069     0.223    -1.116
      7.062     0.225    -1.118
      7.056     0.227    -1.120
      7.049     0.229    -1.122
      7.042     0.231    -1.123
      7.036     0.233    -1.125
      7.029     0.235    -1.127
      7.022     0.237    -1.129
      7.016     0.240    -1.131
      7.009     0.242    -1.133
      7.003     0.243    -1.135
      6.996     0.245    -1.137
      6.990     0.247    -1.138
      6.983     0.249    -1.140
      6.976     0.252    -1.142
      6.970     0.254    -1.144
      6.963     0.256    -1.146
      6.956     0.258    -1.148
      6.950     0.260    -1.150
      6.943     0.262    -1.152
      6.936     0.264    -1.154
      6.929     0.266    -1.156
      6.922     0.268    -1.158
      6.915     0.270    -1.160
      6.908     0.272    -1.163
      6.901     0.274    -1.165
      6.894     0.276    -1.167
      6.888     0.278    -1.169
      6.881     0.281    -1.171
      6.874     0.283    -1.173
      6.868     0.285    -1.175
      6.861     0.287    -1.177
      6.855     0.289    -1.179
      6.848     0.291    -1.181
      6.841     0.293    -1.183
      6.835     0.295    -1.185
      6.828     0.296    -1.187
      6.822     0.298    -1.189
      6.815     0.300    -1.192
      6.809     0.302    -1.194
      6.802     0.304    -1.196
      6.796     0.306    -1.198
      6.789     0.308    -1.200
      6.782     0.310    -1.202
      6.776     0.312    -1.204
      6.769     0.314    -1.206
      6.763     0.316    -1.208
      6.756     0.318    -1.211
      6.750     0.320    -1.213
      6.743     0.322    -1.215
      6.737     0.324    -1.217
      6.730     0.326    -1.219
      6.724     0.328    -1.221
      6.717     0.330    -1.224
      6.710     0.332    -1.226
      6.704     0.333    -1.228
      6.697     0.335    -1.230
      6.691     0.337    -1.233
      6.684     0.339    -1.235
      6.677     0.341    -1.237
      6.671     0.343    -1.239
      6.664     0.345    -1.241
      6.658     0.347    -1.244
      6.651     0.349    -1.246
      6.645     0.350    -1.248
      6.638     0.352    -1.250
      6.632     0.354    -1.253
      6.625     0.356    -1.255
      6.619     0.358    -1.257
      6.612     0.360    -1.259
      6.605     0.362    -1.262
      6.599     0.364    -1.264
      6.592     0.365    -1.266
      6.586     0.367    -1.269
      6.579     0.369    -1.271
      6.572     0.371    -1.273
      6.566     0.373    -1.275
      6.559     0.375    -1.278
      6.553     0.377    -1.280
      6.545     0.379    -1.283
      6.538     0.381    -1.285
      6.531     0.383    -1.288
      6.524     0.385    -1.290
      6.516     0.387    -1.293
      6.509     0.389    -1.295
      6.502     0.390    -1.298
      6.495     0.392    -1.300
      6.488     0.394    -1.303
      6.482     0.396    -1.305
      6.475     0.398    -1.308
      6.468     0.400    -1.310
      6.461     0.402    -1.313
      6.455     0.403    -1.315
      6.448     0.405    -1.317
      6.442     0.407    -1.320
      6.435     0.409    -1.322
      6.428     0.410    -1.324
      6.422     0.412    -1.327
      6.415     0.414    -1.329
      6.409     0.415    -1.332
      6.402     0.417    -1.334
      6.396     0.419    -1.336
      6.389     0.421    -1.339
      6.383     0.422    -1.341
      6.376     0.424    -1.343
      6.370     0.426    -1.346
      6.363     0.427    -1.348
      6.357     0.429    -1.351
      6.350     0.431    -1.353
      6.344     0.432    -1.355
      6.337     0.434    -1.358
      6.331     0.436    -1.360
      6.324     0.437    -1.362
      6.318     0.439    -1.365
      6.311     0.440    -1.367
      6.304     0.442    -1.370
      6.298     0.444    -1.372
      6.291     0.445    -1.375
      6.285     0.447    -1.377
      6.278     0.449    -1.379
      6.271     0.450    -1.382
      6.265     0.452    -1.384
      6.258     0.454    -1.387
      6.252     0.455    -1.389
      6.245     0.457    -1.392
      6.238     0.458    -1.394
      6.232     0.460    -1.396
      6.226     0.461    -1.399
      6.219     0.463    -1.401
      6.212     0.465    -1.404
      6.206     0.466    -1.406
      6.199     0.468    -1.409
      6.193     0.469    -1.411
      6.186     0.471    -1.413
      6.179     0.472    -1.416
      6.173     0.474    -1.418
      6.166     0.475    -1.421
      6.160     0.477    -1.423
      6.153     0.478    -1.426
      6.146     0.480    -1.428
      6.140     0.482    -1.431
      6.133     0.483    -1.433
      6.126     0.485    -1.436
      6.119     0.486    -1.438
      6.112     0.488    -1.441
      6.105     0.490    -1.444
      6.097     0.491    -1.446
      6.090     0.493    -1.449
      6.083     0.494    -1.452
      6.077     0.496    -1.454
      6.070     0.497    -1.456
      6.064     0.499    -1.459
      6.057     0.500    -1.461
      6.050     0.502    -1.464
      6.044     0.503    -1.466
      6.037     0.504    -1.469
      6.031     0.506    -1.471
      6.024     0.507    -1.473
      6.018     0.509    -1.476
      6.011     0.510    -1.478
      6.004     0.512    -1.481
      5.998     0.513    -1.483
      5.991     0.514    -1.486
      5.984     0.516    -1.488
      5.978     0.517    -1.491
      5.971     0.519    -1.493
      5.964     0.520    -1.496
      5.958     0.521    -1.498
      5.951     0.523    -1.501
      5.945     0.524    -1.503
      5.938     0.526    -1.505
      5.931     0.527    -1.508
      5.923     0.529    -1.511
      5.916     0.530    -1.513
      5.909     0.532    -1.516
      5.901     0.533    -1.519
      5.895     0.534    -1.521
      5.888     0.536    -1.524
      5.881     0.537    -1.526
      5.875     0.538    -1.529
      5.868     0.540    -1.531
      5.861     0.541    -1.534
      5.855     0.542    -1.536
      5.847     0.544    -1.539
      5.840     0.545    -1.541
      5.833     0.547    -1.544
      5.825     0.548    -1.547
      5.818     0.550    -1.549
      5.811     0.551    -1.552
      5.803     0.553    -1.555
      5.796     0.554    -1.557
      5.789     0.555    -1.560
      5.781     0.557    -1.563
      5.774     0.558    -1.565
      5.767     0.559    -1.568
      5.759     0.561    -1.571
      5.752     0.562    -1.573
      5.745     0.564    -1.576
      5.738     0.565    -1.578
      5.731     0.566    -1.581
      5.724     0.568    -1.583
      5.717     0.569    -1.586
      5.710     0.570    -1.588
      5.703     0.571    -1.591
      5.696     0.573    -1.593
      5.690     0.574    -1.596
      5.683     0.575    -1.598
      5.676     0.576    -1.600
      5.670     0.577    -1.603
      5.663     0.579    -1.605
      5.656     0.580    -1.608
      5.650     0.581    -1.610
      5.643     0.582    -1.612
      5.636     0.583    -1.615
      5.630     0.585    -1.617
      5.623     0.586    -1.619
      5.616     0.587    -1.622
      5.610     0.588    -1.624
      5.603     0.589    -1.626
      5.596     0.590    -1.629
      5.590     0.592    -1.631
      5.583     0.593    -1.633
      5.576     0.594    -1.636
      5.570     0.595    -1.638
      5.563     0.596    -1.640
      5.557     0.597    -1.643
      5.550     0.598    -1.645
      5.543     0.600    -1.647
      5.536     0.601    -1.650
      5.530     0.602    -1.652
      5.523     0.603    -1.654
      5.516     0.604    -1.656
      5.509     0.605    -1.659
      5.503     0.606    -1.661
      5.496     0.607    -1.663
      5.489     0.608    -1.666
      5.482     0.610    -1.668
      5.476     0.611    -1.670
      5.469     0.612    -1.673
      5.462     0.613    -1.675
      5.456     0.614    -1.677
      5.449     0.615    -1.679
      5.442     0.616    -1.681
      5.435     0.617    -1.684
      5.429     0.618    -1.686
      5.422     0.619    -1.688
      5.415     0.620    -1.691
      5.408     0.621    -1.693
      5.402     0.622    -1.695
      5.395     0.623    -1.697
      5.388     0.624    -1.699
      5.381     0.625    -1.702
      5.374     0.626    -1.704
      5.368     0.627    -1.706
      5.361     0.628    -1.708
      5.354     0.629    -1.711
      5.346     0.631    -1.713
      5.339     0.632    -1.715
      5.332     0.633    -1.718
      5.324     0.634    -1.720
      5.317     0.635    -1.723
      5.310     0.636    -1.725
      5.303     0.637    -1.727
      5.296     0.638    -1.729
      5.289     0.639    -1.731
      5.283     0.640    -1.733
      5.276     0.641    -1.736
      5.269     0.642    -1.738
      5.262     0.643    -1.740
      5.256     0.644    -1.742
      5.249     0.645    -1.744
      5.242     0.646    -1.746
      5.235     0.646    -1.748
      5.228     0.647    -1.750
      5.222     0.648    -1.752
      5.215     0.649    -1.755
      5.208     0.650    -1.757
      5.201     0.651    -1.759
      5.194     0.652    -1.761
      5.187     0.653    -1.763
      5.180     0.654    -1.765
      5.174     0.655    -1.767
      5.167     0.656    -1.769
      5.160     0.657    -1.771
      5.152     0.658    -1.774
      5.145     0.659    -1.776
      5.137     0.660    -1.778
      5.130     0.661    -1.780
      5.122     0.662    -1.782
      5.115     0.663    -1.785
      5.108     0.664    -1.787
      5.101     0.664    -1.789
      5.095     0.665    -1.791
      5.088     0.666    -1.793
      5.081     0.667    -1.795
      5.074     0.668    -1.797
      5.066     0.669    -1.799
      5.059     0.670    -1.801
      5.051     0.671    -1.803
      5.044     0.672    -1.805
      5.036     0.673    -1.807
      5.028     0.674    -1.810
      5.021     0.675    -1.812
      5.013     0.676    -1.814
      5.006     0.677    -1.816
      4.998     0.678    -1.818
      4.991     0.678    -1.820
      4.983     0.679    -1.822
      4.976     0.680    -1.824
      4.968     0.681    -1.826
      4.961     0.682    -1.828
      4.954     0.683    -1.830
      4.947     0.684    -1.832
      4.941     0.685    -1.834
      4.934     0.685    -1.836
      4.927     0.686    -1.838
      4.920     0.687    -1.839
      4.913     0.688    -1.841
      4.906     0.689    -1.843
      4.900     0.690    -1.845
      4.893     0.690    -1.847
      4.886     0.691    -1.848
      4.879     0.692    -1.850
      4.872     0.693    -1.852
      4.865     0.694    -1.854
      4.858     0.694    -1.856
      4.851     0.695    -1.858
      4.844     0.696    -1.859
      4.837     0.697    -1.861
      4.830     0.698    -1.863
      4.823     0.699    -1.865
      4.816     0.699    -1.866
      4.809     0.700    -1.868
      4.801     0.701    -1.870
      4.794     0.702    -1.872
      4.786     0.703    -1.874
      4.778     0.704    -1.876
      4.771     0.705    -1.878
      4.764     0.705    -1.879
      4.757     0.706    -1.881
      4.750     0.707    -1.883
      4.743     0.708    -1.884
      4.736     0.709    -1.886
      4.729     0.709    -1.888
      4.722     0.710    -1.889
      4.714     0.711    -1.891
      4.707     0.712    -1.893
      4.699     0.713    -1.895
      4.691     0.714    -1.897
      4.684     0.715    -1.898
      4.676     0.715    -1.900
      4.668     0.716    -1.902
      4.660     0.717    -1.904
      4.653     0.718    -1.906
      4.645     0.719    -1.907
      4.637     0.720    -1.909
      4.630     0.721    -1.911
      4.622     0.721    -1.912
      4.615     0.722    -1.914
      4.608     0.723    -1.916
      4.601     0.724    -1.917
      4.594     0.725    -1.919
      4.587     0.725    -1.920
      4.580     0.726    -1.922
      4.573     0.727    -1.923
      4.566     0.728    -1.925
      4.558     0.729    -1.927
      4.550     0.729    -1.928
      4.543     0.730    -1.930
      4.535     0.731    -1.932
      4.527     0.732    -1.933
      4.519     0.733    -1.935
      4.512     0.734    -1.936
      4.504     0.735    -1.938
      4.496     0.735    -1.940
      4.488     0.736    -1.941
      4.481     0.737    -1.943
      4.473     0.738    -1.944
      4.466     0.739    -1.946
      4.458     0.740    -1.947
      4.450     0.740    -1.949
      4.442     0.741    -1.950
      4.435     0.742    -1.952
      4.427     0.743    -1.953
      4.419     0.744    -1.955
      4.412     0.745    -1.956
      4.404     0.745    -1.958
      4.396     0.746    -1.959
      4.389     0.747    -1.961
      4.381     0.748    -1.962
      4.373     0.749    -1.964
      4.365     0.749    -1.965
      4.358     0.750    -1.967
      4.350     0.751    -1.968
      4.342     0.752    -1.970
      4.334     0.753    -1.971
      4.327     0.754    -1.972
      4.319     0.754    -1.974
      4.312     0.755    -1.975
      4.304     0.756    -1.976
      4.297     0.757    -1.978
      4.289     0.757    -1.979
      4.282     0.758    -1.980
      4.275     0.759    -1.981
      4.268     0.760    -1.983
      4.261     0.760    -1.984
      4.254     0.761    -1.985
      4.247     0.762    -1.986
      4.240     0.763    -1.988
      4.233     0.763    -1.989
      4.226     0.764    -1.990
      4.219     0.765    -1.991
      4.212     0.765    -1.992
      4.205     0.766    -1.993
      4.198     0.767    -1.995
      4.191     0.768    -1.996
      4.184     0.768    -1.997
      4.177     0.769    -1.998
      4.170     0.770    -1.999
      4.162     0.770    -2.000
      4.155     0.771    -2.001
      4.148     0.772    -2.002
      4.141     0.772    -2.003
      4.134     0.773    -2.005
      4.128     0.774    -2.006
      4.120     0.775    -2.007
      4.113     0.775    -2.008
      4.106     0.776    -2.009
      4.099     0.777    -2.010
      4.092     0.777    -2.011
      4.085     0.778    -2.012
      4.078     0.779    -2.013
      4.071     0.779    -2.014
      4.064     0.780    -2.015
      4.056     0.781    -2.016
      4.049     0.781    -2.017
      4.042     0.782    -2.018
      4.035     0.783    -2.019
      4.028     0.783    -2.020
      4.021     0.784    -2.021
      4.014     0.785    -2.022
      4.007     0.785    -2.023
      4.000     0.786    -2.024
      3.993     0.787    -2.025
      3.986     0.787    -2.026
      3.979     0.788    -2.027
      3.972     0.789    -2.028
      3.964     0.789    -2.029
      3.957     0.790    -2.030
      3.950     0.791    -2.031
      3.943     0.791    -2.031
      3.936     0.792    -2.032
      3.929     0.792    -2.033
      3.922     0.793    -2.034
      3.914     0.794    -2.035
      3.907     0.794    -2.036
      3.899     0.795    -2.037
      3.891     0.796    -2.038
      3.883     0.796    -2.039
      3.875     0.797    -2.040
      3.868     0.798    -2.041
      3.861     0.798    -2.042
      3.854     0.799    -2.042
      3.847     0.799    -2.043
      3.839     0.800    -2.044
      3.832     0.801    -2.045
      3.825     0.801    -2.046
      3.818     0.802    -2.046
      3.811     0.802    -2.047
      3.804     0.803    -2.048
      3.797     0.804    -2.049
      3.790     0.804    -2.050
      3.783     0.805    -2.050
      3.776     0.805    -2.051
      3.768     0.806    -2.052
      3.761     0.806    -2.053
      3.754     0.807    -2.053
      3.747     0.807    -2.054
      3.740     0.808    -2.055
      3.733     0.809    -2.056
      3.725     0.809    -2.056
      3.718     0.810    -2.057
      3.711     0.810    -2.058
      3.703     0.811    -2.059
      3.695     0.811    -2.059
      3.687     0.812    -2.060
      3.680     0.812    -2.061
      3.672     0.813    -2.062
      3.664     0.813    -2.062
      3.657     0.814    -2.063
      3.650     0.814    -2.064
      3.643     0.815    -2.064
      3.636     0.815    -2.065
      3.629     0.816    -2.066
      3.621     0.816    -2.066
      3.614     0.817    -2.067
      3.606     0.817    -2.068
      3.598     0.818    -2.068
      3.590     0.818    -2.069
      3.582     0.819    -2.070
      3.574     0.819    -2.071
      3.566     0.820    -2.071
      3.558     0.820    -2.072
      3.550     0.821    -2.073
      3.542     0.821    -2.073
      3.535     0.822    -2.074
      3.527     0.822    -2.075
      3.519     0.822    -2.075
      3.511     0.823    -2.076
      3.504     0.823    -2.076
      3.497     0.824    -2.077
      3.490     0.824    -2.077
      3.483     0.824    -2.078
      3.475     0.825    -2.079
      3.468     0.825    -2.079
      3.461     0.825    -2.080
      3.454     0.826    -2.080
      3.447     0.826    -2.081
      3.440     0.826    -2.081
      3.433     0.827    -2.082
      3.426     0.827    -2.082
      3.418     0.827    -2.083
      3.411     0.828    -2.083
      3.404     0.828    -2.084
      3.397     0.828    -2.084
      3.390     0.828    -2.085
      3.382     0.829    -2.085
      3.375     0.829    -2.086
      3.368     0.829    -2.086
      3.361     0.829    -2.087
      3.354     0.830    -2.087
      3.346     0.830    -2.088
      3.339     0.830    -2.088
      3.331     0.830    -2.089
      3.323     0.831    -2.089
      3.315     0.831    -2.090
      3.307     0.831    -2.090
      3.300     0.831    -2.091
      3.292     0.831    -2.091
      3.285     0.832    -2.092
      3.278     0.832    -2.092
      3.271     0.832    -2.093
      3.264     0.832    -2.093
      3.256     0.832    -2.094
      3.248     0.832    -2.094
      3.241     0.833    -2.094
      3.233     0.833    -2.095
      3.225     0.833    -2.095
      3.217     0.833    -2.096
      3.209     0.833    -2.096
      3.201     0.833    -2.097
      3.193     0.833    -2.097
      3.185     0.833    -2.098
      3.177     0.833    -2.098
      3.169     0.833    -2.099
      3.162     0.833    -2.099
      3.154     0.833    -2.099
      3.146     0.833    -2.100
      3.139     0.833    -2.100
      3.132     0.833    -2.101
      3.124     0.833    -2.101
      3.117     0.833    -2.101
      3.110     0.833    -2.102
      3.103     0.833    -2.102
      3.095     0.833    -2.102
      3.087     0.833    -2.103
      3.080     0.833    -2.103
      3.072     0.833    -2.104
      3.064     0.833    -2.104
      3.056     0.833    -2.104
      3.048     0.832    -2.105
      3.040     0.832    -2.105
      3.032     0.832    -2.106
      3.024     0.832    -2.106
      3.016     0.832    -2.106
      3.008     0.831    -2.107
      3.000     0.831    -2.107
      2.993     0.831    -2.108
      2.985     0.831    -2.108
      2.977     0.831    -2.108
      2.969     0.830    -2.109
      2.961     0.830    -2.109
      2.953     0.830    -2.109
      2.945     0.829    -2.110
      2.937     0.829    -2.110
      2.930     0.829    -2.110
      2.922     0.828    -2.111
      2.914     0.828    -2.111
      2.906     0.828    -2.111
      2.898     0.827    -2.112
      2.890     0.827    -2.112
      2.882     0.826    -2.112
      2.874     0.826    -2.113
      2.866     0.825    -2.113
      2.858     0.825    -2.113
      2.851     0.825    -2.114
      2.844     0.824    -2.114
      2.837     0.824    -2.114
      2.830     0.823    -2.115
      2.822     0.823    -2.115
      2.815     0.822    -2.115
      2.808     0.822    -2.115
      2.801     0.821    -2.116
      2.794     0.821    -2.116
      2.787     0.820    -2.116
      2.780     0.819    -2.117
      2.773     0.819    -2.117
      2.765     0.818    -2.117
      2.758     0.818    -2.117
      2.751     0.817    -2.118
      2.744     0.816    -2.118
      2.737     0.816    -2.118
      2.730     0.815    -2.118
      2.722     0.814    -2.119
      2.715     0.814    -2.119
      2.708     0.813    -2.119
      2.701     0.812    -2.119
      2.694     0.812    -2.120
      2.686     0.811    -2.120
      2.678     0.810    -2.120
      2.670     0.809    -2.121
      2.662     0.808    -2.121
      2.654     0.807    -2.121
      2.647     0.806    -2.121
      2.640     0.805    -2.122
      2.633     0.805    -2.122
      2.625     0.804    -2.122
      2.618     0.803    -2.122
      2.611     0.802    -2.122
      2.604     0.801    -2.123
      2.596     0.800    -2.123
      2.588     0.799    -2.123
      2.580     0.798    -2.123
      2.573     0.797    -2.124
      2.565     0.796    -2.124
      2.557     0.794    -2.124
      2.549     0.793    -2.124
      2.541     0.792    -2.125
      2.533     0.791    -2.125
      2.525     0.790    -2.125
      2.518     0.788    -2.125
      2.510     0.787    -2.126
      2.502     0.786    -2.126
      2.495     0.785    -2.126
      2.488     0.784    -2.126
      2.480     0.782    -2.126
      2.473     0.781    -2.127
      2.466     0.780    -2.127
      2.459     0.779    -2.127
      2.452     0.777    -2.127
      2.445     0.776    -2.127
      2.437     0.775    -2.128
      2.429     0.773    -2.128
      2.421     0.772    -2.128
      2.414     0.770    -2.128
      2.406     0.769    -2.128
      2.398     0.767    -2.129
      2.390     0.765    -2.129
      2.382     0.764    -2.129
      2.375     0.762    -2.129
      2.367     0.761    -2.130
      2.359     0.759    -2.130
      2.352     0.757    -2.130
      2.344     0.756    -2.130
      2.336     0.754    -2.130
      2.329     0.752    -2.131
      2.321     0.751    -2.131
      2.313     0.749    -2.131
      2.305     0.747    -2.131
      2.298     0.745    -2.131
      2.290     0.743    -2.132
      2.282     0.742    -2.132
      2.275     0.740    -2.132
      2.267     0.738    -2.132
      2.260     0.736    -2.133
      2.252     0.734    -2.133
      2.244     0.732    -2.133
      2.236     0.730    -2.133
      2.229     0.728    -2.133
      2.221     0.726    -2.134
      2.213     0.724    -2.134
      2.206     0.722    -2.134
      2.199     0.720    -2.134
      2.192     0.718    -2.134
      2.186     0.716    -2.135
      2.179     0.714    -2.135
      2.172     0.712    -2.135
      2.165     0.710    -2.135
      2.157     0.708    -2.136
      2.149     0.706    -2.136
      2.142     0.703    -2.136
      2.134     0.701    -2.136
      2.127     0.699    -2.137
      2.119     0.696    -2.137
      2.112     0.694    -2.137
      2.104     0.691    -2.137
      2.096     0.689    -2.137
      2.089     0.687    -2.138
      2.081     0.684    -2.138
      2.074     0.682    -2.138
      2.067     0.679    -2.138
      2.059     0.677    -2.139
      2.052     0.674    -2.139
      2.044     0.671    -2.139
      2.037     0.669    -2.139
      2.029     0.666    -2.140
      2.022     0.663    -2.140
      2.015     0.661    -2.140
      2.007     0.658    -2.141
      2.000     0.655    -2.141
      1.993     0.652    -2.141
      1.985     0.650    -2.141
      1.978     0.647    -2.142
      1.970     0.644    -2.142
      1.963     0.641    -2.142
      1.956     0.638    -2.142
      1.948     0.635    -2.143
      1.941     0.632    -2.143
      1.934     0.629    -2.143
      1.926     0.626    -2.144
      1.919     0.623    -2.144
      1.912     0.620    -2.144
      1.904     0.617    -2.145
      1.897     0.614    -2.145
      1.890     0.610    -2.145
      1.883     0.607    -2.145
      1.876     0.604    -2.146
      1.869     0.601    -2.146
      1.861     0.597    -2.146
      1.854     0.594    -2.147
      1.847     0.591    -2.147
      1.840     0.587    -2.147
      1.833     0.584    -2.148
      1.825     0.580    -2.148
      1.818     0.577    -2.148
      1.811     0.573    -2.149
      1.804     0.570    -2.149
      1.797     0.566    -2.149
      1.790     0.563    -2.150
      1.783     0.559    -2.150
      1.776     0.555    -2.151
      1.769     0.552    -2.151
      1.763     0.548    -2.151
      1.756     0.545    -2.152
      1.750     0.541    -2.152
      1.744     0.538    -2.152
      1.737     0.534    -2.153
