Count of Points:874

WCS coordinates of Points:
      7.464    -0.736    -0.691
      7.457    -0.735    -0.692
      7.450    -0.734    -0.693
      7.443    -0.732    -0.694
      7.436    -0.731    -0.695
      7.429    -0.729    -0.696
      7.422    -0.728    -0.697
      7.415    -0.726    -0.698
      7.408    -0.725    -0.698
      7.402    -0.723    -0.699
      7.395    -0.722    -0.700
      7.388    -0.720    -0.701
      7.381    -0.719    -0.702
      7.374    -0.717    -0.703
      7.367    -0.715    -0.704
      7.360    -0.714    -0.705
      7.353    -0.712    -0.706
      7.346    -0.711    -0.707
      7.339    -0.709    -0.708
      7.332    -0.707    -0.709
      7.325    -0.706    -0.710
      7.318    -0.704    -0.711
      7.311    -0.702    -0.712
      7.305    -0.701    -0.713
      7.297    -0.699    -0.715
      7.289    -0.697    -0.716
      7.282    -0.695    -0.717
      7.274    -0.693    -0.718
      7.267    -0.691    -0.719
      7.260    -0.690    -0.720
      7.253    -0.688    -0.721
      7.246    -0.686    -0.722
      7.239    -0.684    -0.724
      7.232    -0.683    -0.725
      7.225    -0.681    -0.726
      7.218    -0.679    -0.727
      7.211    -0.677    -0.728
      7.203    -0.675    -0.729
      7.196    -0.673    -0.730
      7.188    -0.671    -0.732
      7.181    -0.669    -0.733
      7.173    -0.667    -0.734
      7.166    -0.665    -0.735
      7.158    -0.663    -0.737
      7.151    -0.661    -0.738
      7.143    -0.659    -0.739
      7.136    -0.657    -0.740
      7.128    -0.655    -0.742
      7.121    -0.652    -0.743
      7.113    -0.650    -0.744
      7.107    -0.648    -0.745
      7.100    -0.647    -0.747
      7.093    -0.645    -0.748
      7.086    -0.643    -0.749
      7.079    -0.641    -0.750
      7.073    -0.639    -0.751
      7.066    -0.637    -0.753
      7.058    -0.635    -0.754
      7.051    -0.632    -0.755
      7.043    -0.630    -0.757
      7.036    -0.628    -0.758
      7.028    -0.626    -0.759
      7.021    -0.624    -0.761
      7.013    -0.621    -0.762
      7.006    -0.619    -0.763
      6.998    -0.617    -0.765
      6.991    -0.615    -0.766
      6.984    -0.612    -0.768
      6.976    -0.610    -0.769
      6.969    -0.608    -0.770
      6.962    -0.606    -0.772
      6.954    -0.603    -0.773
      6.947    -0.601    -0.775
      6.939    -0.599    -0.776
      6.932    -0.597    -0.777
      6.925    -0.594    -0.779
      6.917    -0.592    -0.780
      6.910    -0.590    -0.782
      6.903    -0.587    -0.783
      6.895    -0.585    -0.785
      6.888    -0.583    -0.786
      6.881    -0.580    -0.788
      6.873    -0.578    -0.789
      6.866    -0.576    -0.790
      6.858    -0.573    -0.792
      6.851    -0.571    -0.793
      6.844    -0.569    -0.795
      6.837    -0.566    -0.796
      6.830    -0.564    -0.798
      6.823    -0.562    -0.799
      6.817    -0.560    -0.800
      6.810    -0.558    -0.802
      6.803    -0.556    -0.803
      6.797    -0.553    -0.805
      6.789    -0.551    -0.806
      6.782    -0.549    -0.808
      6.774    -0.546    -0.809
      6.767    -0.544    -0.811
      6.760    -0.541    -0.812
      6.752    -0.539    -0.814
      6.745    -0.537    -0.815
      6.738    -0.534    -0.817
      6.730    -0.532    -0.819
      6.723    -0.529    -0.820
      6.716    -0.527    -0.822
      6.708    -0.525    -0.823
      6.701    -0.522    -0.825
      6.694    -0.520    -0.826
      6.687    -0.517    -0.828
      6.679    -0.515    -0.830
      6.672    -0.512    -0.831
      6.665    -0.510    -0.833
      6.657    -0.507    -0.834
      6.650    -0.505    -0.836
      6.643    -0.503    -0.838
      6.636    -0.500    -0.839
      6.628    -0.498    -0.841
      6.621    -0.495    -0.842
      6.614    -0.493    -0.844
      6.606    -0.490    -0.846
      6.599    -0.488    -0.847
      6.592    -0.486    -0.849
      6.584    -0.483    -0.851
      6.577    -0.481    -0.852
      6.570    -0.478    -0.854
      6.562    -0.476    -0.856
      6.555    -0.473    -0.857
      6.548    -0.471    -0.859
      6.540    -0.468    -0.861
      6.533    -0.466    -0.862
      6.526    -0.463    -0.864
      6.519    -0.461    -0.866
      6.512    -0.459    -0.867
      6.504    -0.456    -0.869
      6.497    -0.454    -0.871
      6.490    -0.451    -0.872
      6.482    -0.449    -0.874
      6.475    -0.446    -0.876
      6.468    -0.444    -0.878
      6.460    -0.441    -0.879
      6.453    -0.439    -0.881
      6.446    -0.436    -0.883
      6.438    -0.434    -0.884
      6.431    -0.431    -0.886
      6.424    -0.429    -0.888
      6.416    -0.426    -0.890
      6.409    -0.424    -0.891
      6.402    -0.422    -0.893
      6.395    -0.419    -0.895
      6.389    -0.417    -0.896
      6.382    -0.415    -0.898
      6.375    -0.413    -0.899
      6.369    -0.410    -0.901
      6.362    -0.408    -0.903
      6.355    -0.406    -0.904
      6.349    -0.404    -0.906
      6.342    -0.401    -0.907
      6.335    -0.399    -0.909
      6.329    -0.397    -0.911
      6.322    -0.395    -0.912
      6.315    -0.392    -0.914
      6.307    -0.390    -0.916
      6.300    -0.387    -0.917
      6.293    -0.385    -0.919
      6.286    -0.382    -0.921
      6.278    -0.380    -0.923
      6.271    -0.378    -0.924
      6.264    -0.375    -0.926
      6.256    -0.373    -0.928
      6.249    -0.370    -0.930
      6.242    -0.368    -0.931
      6.235    -0.365    -0.933
      6.227    -0.363    -0.935
      6.220    -0.361    -0.937
      6.213    -0.358    -0.938
      6.206    -0.356    -0.940
      6.198    -0.353    -0.942
      6.191    -0.351    -0.944
      6.184    -0.349    -0.946
      6.176    -0.346    -0.947
      6.169    -0.344    -0.949
      6.162    -0.341    -0.951
      6.155    -0.339    -0.952
      6.148    -0.337    -0.954
      6.140    -0.334    -0.956
      6.133    -0.332    -0.958
      6.126    -0.329    -0.960
      6.118    -0.327    -0.961
      6.111    -0.325    -0.963
      6.103    -0.322    -0.965
      6.096    -0.320    -0.967
      6.089    -0.317    -0.968
      6.081    -0.315    -0.970
      6.074    -0.313    -0.972
      6.067    -0.310    -0.974
      6.060    -0.308    -0.975
      6.052    -0.306    -0.977
      6.045    -0.303    -0.979
      6.038    -0.301    -0.981
      6.031    -0.299    -0.982
      6.023    -0.296    -0.984
      6.016    -0.294    -0.986
      6.009    -0.291    -0.988
      6.001    -0.289    -0.989
      5.994    -0.287    -0.991
      5.987    -0.284    -0.993
      5.979    -0.282    -0.995
      5.972    -0.280    -0.996
      5.964    -0.277    -0.998
      5.957    -0.275    -1.000
      5.950    -0.272    -1.002
      5.942    -0.270    -1.003
      5.935    -0.268    -1.005
      5.928    -0.266    -1.007
      5.921    -0.263    -1.008
      5.915    -0.261    -1.010
      5.908    -0.259    -1.011
      5.901    -0.257    -1.013
      5.894    -0.255    -1.015
      5.887    -0.253    -1.016
      5.880    -0.250    -1.018
      5.872    -0.248    -1.020
      5.865    -0.246    -1.021
      5.858    -0.243    -1.023
      5.850    -0.241    -1.025
      5.843    -0.239    -1.027
      5.836    -0.236    -1.028
      5.829    -0.234    -1.030
      5.821    -0.232    -1.032
      5.814    -0.229    -1.033
      5.807    -0.227    -1.035
      5.799    -0.225    -1.037
      5.792    -0.222    -1.038
      5.784    -0.220    -1.040
      5.777    -0.218    -1.042
      5.770    -0.215    -1.043
      5.762    -0.213    -1.045
      5.755    -0.211    -1.047
      5.747    -0.209    -1.048
      5.740    -0.206    -1.050
      5.733    -0.204    -1.052
      5.725    -0.202    -1.053
      5.718    -0.200    -1.055
      5.712    -0.197    -1.056
      5.705    -0.195    -1.058
      5.698    -0.193    -1.059
      5.691    -0.191    -1.061
      5.684    -0.189    -1.062
      5.677    -0.187    -1.064
      5.670    -0.184    -1.065
      5.662    -0.182    -1.067
      5.655    -0.180    -1.069
      5.647    -0.177    -1.070
      5.640    -0.175    -1.072
      5.633    -0.173    -1.074
      5.626    -0.171    -1.075
      5.619    -0.169    -1.076
      5.612    -0.167    -1.078
      5.605    -0.165    -1.079
      5.599    -0.162    -1.081
      5.592    -0.160    -1.082
      5.585    -0.158    -1.084
      5.578    -0.156    -1.085
      5.571    -0.154    -1.087
      5.565    -0.152    -1.088
      5.558    -0.150    -1.089
      5.551    -0.148    -1.091
      5.544    -0.146    -1.092
      5.538    -0.144    -1.093
      5.532    -0.142    -1.095
      5.525    -0.140    -1.096
      5.519    -0.138    -1.097
      5.512    -0.136    -1.099
      5.505    -0.134    -1.100
      5.499    -0.132    -1.102
      5.492    -0.130    -1.103
      5.485    -0.128    -1.104
      5.478    -0.126    -1.106
      5.472    -0.123    -1.107
      5.464    -0.121    -1.108
      5.457    -0.119    -1.110
      5.449    -0.117    -1.111
      5.442    -0.114    -1.113
      5.434    -0.112    -1.114
      5.427    -0.110    -1.116
      5.419    -0.108    -1.117
      5.412    -0.105    -1.119
      5.405    -0.103    -1.120
      5.397    -0.101    -1.121
      5.390    -0.099    -1.123
      5.383    -0.096    -1.124
      5.375    -0.094    -1.126
      5.368    -0.092    -1.127
      5.360    -0.090    -1.128
      5.353    -0.087    -1.130
      5.346    -0.085    -1.131
      5.338    -0.083    -1.133
      5.331    -0.081    -1.134
      5.323    -0.078    -1.135
      5.316    -0.076    -1.137
      5.309    -0.074    -1.138
      5.301    -0.072    -1.139
      5.294    -0.069    -1.141
      5.286    -0.067    -1.142
      5.279    -0.065    -1.143
      5.271    -0.063    -1.145
      5.264    -0.060    -1.146
      5.257    -0.058    -1.147
      5.249    -0.056    -1.149
      5.242    -0.054    -1.150
      5.234    -0.051    -1.151
      5.227    -0.049    -1.152
      5.219    -0.047    -1.154
      5.212    -0.045    -1.155
      5.204    -0.042    -1.156
      5.197    -0.040    -1.157
      5.190    -0.038    -1.159
      5.182    -0.036    -1.160
      5.175    -0.033    -1.161
      5.167    -0.031    -1.162
      5.160    -0.029    -1.163
      5.152    -0.027    -1.165
      5.145    -0.024    -1.166
      5.137    -0.022    -1.167
      5.130    -0.020    -1.168
      5.122    -0.018    -1.169
      5.115    -0.015    -1.171
      5.107    -0.013    -1.172
      5.100    -0.011    -1.173
      5.092    -0.009    -1.174
      5.085    -0.006    -1.175
      5.077    -0.004    -1.176
      5.070    -0.002    -1.177
      5.063    -0.000    -1.178
      5.057     0.002    -1.179
      5.050     0.004    -1.180
      5.043     0.006    -1.181
      5.036     0.008    -1.182
      5.028     0.010    -1.184
      5.021     0.013    -1.185
      5.013     0.015    -1.186
      5.006     0.017    -1.187
      4.998     0.019    -1.188
      4.991     0.022    -1.189
      4.984     0.024    -1.190
      4.976     0.026    -1.191
      4.969     0.028    -1.192
      4.961     0.031    -1.193
      4.954     0.033    -1.194
      4.946     0.035    -1.195
      4.939     0.037    -1.196
      4.931     0.040    -1.197
      4.924     0.042    -1.198
      4.916     0.044    -1.199
      4.909     0.046    -1.200
      4.901     0.049    -1.201
      4.893     0.051    -1.202
      4.886     0.053    -1.203
      4.878     0.055    -1.204
      4.871     0.058    -1.204
      4.863     0.060    -1.205
      4.856     0.062    -1.206
      4.849     0.064    -1.207
      4.843     0.066    -1.208
      4.836     0.068    -1.209
      4.829     0.070    -1.209
      4.822     0.072    -1.210
      4.814     0.075    -1.211
      4.807     0.077    -1.212
      4.799     0.079    -1.213
      4.792     0.081    -1.214
      4.784     0.084    -1.215
      4.777     0.086    -1.215
      4.769     0.088    -1.216
      4.762     0.090    -1.217
      4.755     0.092    -1.218
      4.748     0.094    -1.218
      4.741     0.097    -1.219
      4.734     0.099    -1.220
      4.727     0.101    -1.221
      4.721     0.103    -1.221
      4.714     0.105    -1.222
      4.707     0.107    -1.223
      4.700     0.109    -1.224
      4.693     0.111    -1.224
      4.686     0.113    -1.225
      4.679     0.115    -1.226
      4.673     0.117    -1.226
      4.666     0.119    -1.227
      4.660     0.121    -1.227
      4.653     0.123    -1.228
      4.646     0.125    -1.229
      4.638     0.128    -1.230
      4.631     0.130    -1.230
      4.623     0.132    -1.231
      4.616     0.134    -1.232
      4.608     0.137    -1.232
      4.601     0.139    -1.233
      4.593     0.141    -1.234
      4.586     0.143    -1.234
      4.578     0.145    -1.235
      4.571     0.148    -1.236
      4.563     0.150    -1.236
      4.556     0.152    -1.237
      4.548     0.154    -1.238
      4.540     0.157    -1.238
      4.533     0.159    -1.239
      4.525     0.161    -1.240
      4.518     0.164    -1.240
      4.510     0.166    -1.241
      4.503     0.168    -1.241
      4.495     0.170    -1.242
      4.487     0.173    -1.243
      4.480     0.175    -1.243
      4.473     0.177    -1.244
      4.466     0.179    -1.244
      4.459     0.181    -1.245
      4.452     0.183    -1.245
      4.445     0.185    -1.246
      4.438     0.187    -1.246
      4.431     0.189    -1.247
      4.423     0.192    -1.248
      4.415     0.194    -1.248
      4.408     0.196    -1.249
      4.400     0.198    -1.249
      4.393     0.201    -1.250
      4.385     0.203    -1.250
      4.378     0.205    -1.251
      4.371     0.207    -1.251
      4.364     0.209    -1.252
      4.357     0.211    -1.252
      4.350     0.213    -1.253
      4.343     0.215    -1.253
      4.336     0.217    -1.254
      4.330     0.219    -1.254
      4.323     0.221    -1.255
      4.316     0.223    -1.255
      4.309     0.226    -1.255
      4.302     0.228    -1.256
      4.295     0.230    -1.256
      4.289     0.231    -1.257
      4.282     0.233    -1.257
      4.275     0.235    -1.257
      4.269     0.237    -1.258
      4.261     0.239    -1.258
      4.254     0.242    -1.259
      4.246     0.244    -1.259
      4.239     0.246    -1.260
      4.231     0.248    -1.260
      4.223     0.251    -1.261
      4.216     0.253    -1.261
      4.209     0.255    -1.261
      4.202     0.257    -1.262
      4.195     0.259    -1.262
      4.188     0.261    -1.263
      4.181     0.263    -1.263
      4.174     0.265    -1.263
      4.167     0.267    -1.264
      4.160     0.269    -1.264
      4.153     0.271    -1.264
      4.146     0.273    -1.265
      4.139     0.275    -1.265
      4.132     0.277    -1.266
      4.126     0.279    -1.266
      4.119     0.281    -1.266
      4.112     0.283    -1.267
      4.106     0.285    -1.267
      4.099     0.286    -1.267
      4.092     0.288    -1.268
      4.085     0.290    -1.268
      4.078     0.292    -1.268
      4.071     0.294    -1.269
      4.064     0.296    -1.269
      4.057     0.298    -1.269
      4.051     0.300    -1.270
      4.044     0.302    -1.270
      4.037     0.304    -1.270
      4.031     0.305    -1.270
      4.024     0.307    -1.271
      4.017     0.309    -1.271
      4.010     0.311    -1.271
      4.002     0.313    -1.272
      3.995     0.315    -1.272
      3.987     0.317    -1.272
      3.980     0.319    -1.273
      3.973     0.321    -1.273
      3.965     0.323    -1.273
      3.958     0.325    -1.274
      3.951     0.327    -1.274
      3.945     0.329    -1.274
      3.938     0.331    -1.274
      3.931     0.333    -1.275
      3.924     0.335    -1.275
      3.917     0.336    -1.275
      3.909     0.338    -1.275
      3.901     0.340    -1.276
      3.894     0.343    -1.276
      3.886     0.345    -1.276
      3.879     0.347    -1.276
      3.871     0.348    -1.277
      3.863     0.350    -1.277
      3.856     0.352    -1.277
      3.848     0.354    -1.278
      3.840     0.356    -1.278
      3.833     0.358    -1.278
      3.825     0.360    -1.278
      3.818     0.362    -1.278
      3.810     0.364    -1.279
      3.803     0.366    -1.279
      3.795     0.368    -1.279
      3.787     0.370    -1.279
      3.779     0.372    -1.280
      3.772     0.374    -1.280
      3.764     0.375    -1.280
      3.757     0.377    -1.280
      3.749     0.379    -1.280
      3.742     0.381    -1.281
      3.734     0.383    -1.281
      3.726     0.385    -1.281
      3.719     0.386    -1.281
      3.711     0.388    -1.281
      3.703     0.390    -1.282
      3.695     0.392    -1.282
      3.688     0.394    -1.282
      3.680     0.396    -1.282
      3.672     0.397    -1.282
      3.665     0.399    -1.282
      3.657     0.401    -1.283
      3.649     0.403    -1.283
      3.642     0.404    -1.283
      3.634     0.406    -1.283
      3.626     0.408    -1.283
      3.619     0.409    -1.283
      3.611     0.411    -1.284
      3.603     0.413    -1.284
      3.596     0.415    -1.284
      3.588     0.416    -1.284
      3.580     0.418    -1.284
      3.572     0.420    -1.284
      3.565     0.421    -1.285
      3.557     0.423    -1.285
      3.549     0.424    -1.285
      3.541     0.426    -1.285
      3.534     0.428    -1.285
      3.526     0.429    -1.285
      3.518     0.431    -1.285
      3.510     0.432    -1.286
      3.503     0.434    -1.286
      3.496     0.435    -1.286
      3.489     0.437    -1.286
      3.482     0.438    -1.286
      3.475     0.439    -1.286
      3.468     0.441    -1.286
      3.460     0.442    -1.286
      3.452     0.444    -1.287
      3.444     0.445    -1.287
      3.436     0.447    -1.287
      3.429     0.448    -1.287
      3.421     0.450    -1.287
      3.413     0.451    -1.287
      3.406     0.452    -1.287
      3.398     0.454    -1.287
      3.390     0.455    -1.287
      3.383     0.456    -1.288
      3.375     0.458    -1.288
      3.367     0.459    -1.288
      3.359     0.460    -1.288
      3.351     0.462    -1.288
      3.343     0.463    -1.288
      3.336     0.464    -1.288
      3.328     0.466    -1.288
      3.320     0.467    -1.288
      3.312     0.468    -1.289
      3.304     0.469    -1.289
      3.296     0.470    -1.289
      3.289     0.472    -1.289
      3.281     0.473    -1.289
      3.274     0.474    -1.289
      3.267     0.475    -1.289
      3.260     0.476    -1.289
      3.253     0.477    -1.289
      3.246     0.478    -1.289
      3.238     0.479    -1.289
      3.230     0.480    -1.289
      3.222     0.481    -1.290
      3.214     0.482    -1.290
      3.206     0.483    -1.290
      3.198     0.484    -1.290
      3.191     0.485    -1.290
      3.183     0.486    -1.290
      3.176     0.487    -1.290
      3.169     0.488    -1.290
      3.162     0.489    -1.290
      3.154     0.490    -1.290
      3.147     0.490    -1.290
      3.140     0.491    -1.290
      3.133     0.492    -1.290
      3.126     0.493    -1.290
      3.118     0.494    -1.290
      3.111     0.494    -1.290
      3.104     0.495    -1.291
      3.097     0.496    -1.291
      3.090     0.497    -1.291
      3.083     0.497    -1.291
      3.077     0.498    -1.291
      3.070     0.498    -1.291
      3.062     0.499    -1.291
      3.054     0.500    -1.291
      3.046     0.501    -1.291
      3.038     0.501    -1.291
      3.030     0.502    -1.291
      3.023     0.503    -1.291
      3.015     0.503    -1.291
      3.007     0.504    -1.291
      2.999     0.504    -1.291
      2.992     0.505    -1.291
      2.984     0.505    -1.291
      2.976     0.506    -1.291
      2.968     0.506    -1.291
      2.960     0.507    -1.291
      2.952     0.507    -1.291
      2.944     0.508    -1.291
      2.936     0.508    -1.291
      2.928     0.509    -1.292
      2.920     0.509    -1.292
      2.912     0.509    -1.292
      2.904     0.510    -1.292
      2.897     0.510    -1.292
      2.889     0.510    -1.292
      2.881     0.511    -1.292
      2.874     0.511    -1.292
      2.867     0.511    -1.292
      2.860     0.511    -1.292
      2.852     0.512    -1.292
      2.845     0.512    -1.292
      2.837     0.512    -1.292
      2.829     0.512    -1.292
      2.821     0.512    -1.292
      2.813     0.512    -1.292
      2.805     0.513    -1.292
      2.798     0.513    -1.292
      2.790     0.513    -1.292
      2.782     0.513    -1.292
      2.775     0.513    -1.292
      2.768     0.513    -1.292
      2.761     0.513    -1.292
      2.753     0.513    -1.292
      2.746     0.513    -1.292
      2.739     0.513    -1.292
      2.731     0.513    -1.292
      2.724     0.512    -1.292
      2.717     0.512    -1.292
      2.710     0.512    -1.292
      2.702     0.512    -1.292
      2.696     0.512    -1.292
      2.689     0.512    -1.292
      2.682     0.512    -1.293
      2.675     0.511    -1.293
      2.668     0.511    -1.293
      2.660     0.511    -1.293
      2.652     0.511    -1.293
      2.644     0.510    -1.293
      2.636     0.510    -1.293
      2.629     0.510    -1.293
      2.621     0.509    -1.293
      2.613     0.509    -1.293
      2.605     0.508    -1.293
      2.598     0.508    -1.293
      2.591     0.508    -1.293
      2.584     0.507    -1.293
      2.576     0.507    -1.293
      2.569     0.506    -1.293
      2.562     0.506    -1.293
      2.555     0.505    -1.293
      2.547     0.505    -1.293
      2.540     0.504    -1.293
      2.533     0.503    -1.293
      2.526     0.503    -1.293
      2.519     0.502    -1.293
      2.512     0.502    -1.293
      2.505     0.501    -1.293
      2.498     0.500    -1.293
      2.492     0.500    -1.293
      2.484     0.499    -1.293
      2.477     0.498    -1.293
      2.470     0.498    -1.293
      2.463     0.497    -1.293
      2.455     0.496    -1.293
      2.448     0.495    -1.293
      2.441     0.495    -1.293
      2.435     0.494    -1.293
      2.428     0.493    -1.293
      2.421     0.492    -1.293
      2.414     0.491    -1.294
      2.407     0.490    -1.294
      2.399     0.489    -1.294
      2.392     0.489    -1.294
      2.384     0.487    -1.294
      2.376     0.486    -1.294
      2.369     0.485    -1.294
      2.361     0.484    -1.294
      2.354     0.483    -1.294
      2.346     0.482    -1.294
      2.338     0.481    -1.294
      2.330     0.480    -1.294
      2.322     0.479    -1.294
      2.315     0.477    -1.294
      2.307     0.476    -1.294
      2.299     0.475    -1.294
      2.292     0.474    -1.294
      2.284     0.472    -1.294
      2.276     0.471    -1.294
      2.268     0.469    -1.294
      2.260     0.468    -1.294
      2.253     0.467    -1.294
      2.245     0.465    -1.294
      2.237     0.464    -1.294
      2.229     0.462    -1.294
      2.222     0.461    -1.294
      2.214     0.459    -1.294
      2.206     0.458    -1.294
      2.198     0.456    -1.294
      2.190     0.454    -1.294
      2.183     0.453    -1.294
      2.175     0.451    -1.294
      2.168     0.450    -1.294
      2.161     0.448    -1.294
      2.154     0.447    -1.294
      2.147     0.445    -1.294
      2.139     0.443    -1.295
      2.132     0.442    -1.295
      2.125     0.440    -1.295
      2.117     0.438    -1.295
      2.109     0.436    -1.295
      2.102     0.434    -1.295
      2.094     0.433    -1.295
      2.086     0.431    -1.295
      2.078     0.429    -1.295
      2.071     0.427    -1.295
      2.064     0.425    -1.295
      2.057     0.423    -1.295
      2.050     0.421    -1.295
      2.043     0.420    -1.295
      2.036     0.418    -1.295
      2.029     0.416    -1.295
      2.022     0.414    -1.295
      2.015     0.412    -1.295
      2.008     0.410    -1.295
      2.001     0.408    -1.295
      1.994     0.406    -1.295
      1.988     0.404    -1.295
      1.981     0.402    -1.295
      1.975     0.400    -1.295
      1.968     0.398    -1.295
      1.961     0.396    -1.295
      1.954     0.394    -1.295
      1.946     0.392    -1.295
      1.939     0.389    -1.295
      1.931     0.387    -1.295
      1.924     0.384    -1.295
      1.916     0.382    -1.295
      1.909     0.380    -1.295
      1.902     0.377    -1.295
      1.895     0.375    -1.295
      1.888     0.373    -1.296
      1.881     0.370    -1.296
      1.874     0.368    -1.296
      1.867     0.366    -1.296
      1.860     0.363    -1.296
      1.853     0.361    -1.296
      1.847     0.359    -1.296
      1.840     0.356    -1.296
      1.833     0.354    -1.296
      1.826     0.351    -1.296
      1.820     0.349    -1.296
      1.813     0.347    -1.296
      1.807     0.344    -1.296
      1.800     0.342    -1.296
      1.794     0.339    -1.296
      1.787     0.337    -1.296
      1.780     0.334    -1.296
      1.774     0.332    -1.296
      1.767     0.329    -1.296
      1.760     0.326    -1.296
      1.753     0.324    -1.296
      1.747     0.321    -1.296
      1.741     0.319    -1.296
      1.734     0.316    -1.296
      1.728     0.313    -1.296
      1.722     0.311    -1.296
      1.714     0.308    -1.296
      1.707     0.305    -1.296
      1.700     0.302    -1.296
      1.693     0.299    -1.296
      1.686     0.296    -1.296
      1.679     0.293    -1.297
      1.672     0.290    -1.297
      1.665     0.287    -1.297
      1.658     0.284    -1.297
      1.651     0.280    -1.297
      1.644     0.277    -1.297
      1.636     0.274    -1.297
      1.629     0.270    -1.297
      1.622     0.267    -1.297
      1.615     0.264    -1.297
      1.608     0.261    -1.297
      1.602     0.258    -1.297
      1.595     0.254    -1.297
      1.589     0.251    -1.297
      1.582     0.248    -1.297
      1.575     0.245    -1.297
      1.569     0.242    -1.297
      1.562     0.239    -1.297
      1.556     0.235    -1.297
      1.549     0.232    -1.297
      1.543     0.229    -1.297
      1.536     0.226    -1.297
      1.530     0.222    -1.297
      1.524     0.219    -1.297
      1.518     0.216    -1.297
      1.512     0.213    -1.297
      1.506     0.210    -1.298
      1.500     0.206    -1.298
      1.493     0.203    -1.298
      1.487     0.199    -1.298
      1.480     0.196    -1.298
      1.474     0.192    -1.298
      1.468     0.189    -1.298
      1.462     0.186    -1.298
      1.456     0.182    -1.298
      1.450     0.179    -1.298
      1.444     0.176    -1.298
      1.438     0.172    -1.298
      1.431     0.168    -1.298
      1.425     0.165    -1.298
      1.418     0.161    -1.298
      1.411     0.157    -1.298
      1.405     0.153    -1.298
      1.398     0.149    -1.298
      1.392     0.145    -1.298
      1.385     0.141    -1.298
      1.379     0.137    -1.298
      1.373     0.133    -1.298
      1.367     0.130    -1.298
      1.361     0.126    -1.298
      1.354     0.122    -1.298
      1.348     0.118    -1.298
      1.342     0.114    -1.298
      1.337     0.111    -1.298
      1.331     0.107    -1.298
      1.325     0.103    -1.298
      1.319     0.099    -1.298
      1.313     0.095    -1.298
      1.307     0.091    -1.298
      1.300     0.087    -1.298
      1.294     0.082    -1.298
      1.288     0.078    -1.298
      1.281     0.074    -1.299
      1.275     0.069    -1.299
      1.269     0.065    -1.299
      1.263     0.061    -1.299
      1.256     0.056    -1.299
      1.250     0.052    -1.299
      1.244     0.047    -1.299
      1.238     0.043    -1.299
      1.232     0.038    -1.299
      1.225     0.034    -1.299
      1.219     0.029    -1.299
      1.213     0.024    -1.299
      1.207     0.020    -1.299
      1.200     0.015    -1.299
      1.194     0.010    -1.299
      1.187     0.005    -1.299
      1.181     0.000    -1.299
