Count of Points:889

WCS coordinates of Points:
      1.181     0.000    -0.228
      1.188     0.004    -0.228
      1.194     0.007    -0.228
      1.201     0.010    -0.228
      1.207     0.014    -0.228
      1.214     0.017    -0.228
      1.220     0.021    -0.228
      1.227     0.024    -0.228
      1.234     0.028    -0.228
      1.241     0.032    -0.228
      1.248     0.036    -0.228
      1.255     0.039    -0.228
      1.263     0.043    -0.228
      1.270     0.047    -0.228
      1.277     0.050    -0.228
      1.284     0.054    -0.228
      1.292     0.058    -0.228
      1.299     0.061    -0.228
      1.306     0.065    -0.228
      1.313     0.068    -0.228
      1.320     0.072    -0.228
      1.327     0.076    -0.228
      1.335     0.079    -0.228
      1.342     0.083    -0.228
      1.349     0.086    -0.228
      1.357     0.090    -0.228
      1.364     0.093    -0.228
      1.371     0.097    -0.228
      1.378     0.100    -0.228
      1.385     0.104    -0.228
      1.393     0.107    -0.228
      1.400     0.110    -0.228
      1.407     0.114    -0.228
      1.415     0.117    -0.228
      1.422     0.121    -0.228
      1.430     0.124    -0.228
      1.437     0.127    -0.228
      1.444     0.131    -0.228
      1.452     0.134    -0.228
      1.459     0.137    -0.228
      1.467     0.141    -0.228
      1.474     0.144    -0.228
      1.481     0.147    -0.228
      1.489     0.150    -0.228
      1.496     0.153    -0.228
      1.503     0.157    -0.228
      1.511     0.160    -0.228
      1.518     0.163    -0.228
      1.526     0.166    -0.228
      1.533     0.169    -0.228
      1.541     0.172    -0.228
      1.548     0.176    -0.228
      1.556     0.179    -0.228
      1.563     0.182    -0.228
      1.571     0.185    -0.228
      1.578     0.188    -0.228
      1.586     0.191    -0.228
      1.593     0.194    -0.228
      1.601     0.197    -0.228
      1.609     0.200    -0.228
      1.616     0.203    -0.228
      1.623     0.206    -0.228
      1.630     0.208    -0.228
      1.637     0.211    -0.228
      1.644     0.214    -0.228
      1.651     0.216    -0.228
      1.658     0.219    -0.228
      1.665     0.222    -0.228
      1.673     0.224    -0.228
      1.681     0.227    -0.228
      1.688     0.230    -0.228
      1.696     0.233    -0.228
      1.703     0.235    -0.228
      1.711     0.238    -0.228
      1.718     0.241    -0.228
      1.726     0.243    -0.228
      1.734     0.246    -0.228
      1.741     0.249    -0.228
      1.749     0.251    -0.228
      1.757     0.254    -0.228
      1.764     0.257    -0.228
      1.772     0.259    -0.228
      1.780     0.262    -0.228
      1.788     0.264    -0.228
      1.795     0.267    -0.228
      1.803     0.269    -0.228
      1.811     0.272    -0.228
      1.819     0.274    -0.228
      1.826     0.277    -0.228
      1.834     0.279    -0.228
      1.841     0.281    -0.228
      1.848     0.284    -0.228
      1.855     0.286    -0.228
      1.863     0.288    -0.228
      1.870     0.290    -0.228
      1.877     0.292    -0.228
      1.885     0.294    -0.228
      1.892     0.297    -0.228
      1.900     0.299    -0.228
      1.908     0.301    -0.228
      1.916     0.303    -0.228
      1.924     0.306    -0.228
      1.932     0.308    -0.228
      1.939     0.310    -0.228
      1.946     0.312    -0.228
      1.953     0.314    -0.228
      1.960     0.315    -0.228
      1.968     0.317    -0.228
      1.975     0.319    -0.228
      1.982     0.321    -0.228
      1.989     0.323    -0.228
      1.996     0.325    -0.228
      2.004     0.327    -0.228
      2.011     0.328    -0.228
      2.018     0.330    -0.228
      2.025     0.332    -0.228
      2.032     0.333    -0.228
      2.039     0.335    -0.228
      2.046     0.337    -0.228
      2.052     0.338    -0.228
      2.060     0.340    -0.228
      2.068     0.342    -0.228
      2.076     0.343    -0.228
      2.084     0.345    -0.228
      2.092     0.347    -0.228
      2.100     0.349    -0.228
      2.108     0.350    -0.228
      2.115     0.352    -0.228
      2.123     0.353    -0.228
      2.131     0.355    -0.228
      2.139     0.357    -0.228
      2.147     0.358    -0.228
      2.155     0.360    -0.228
      2.163     0.361    -0.228
      2.171     0.363    -0.228
      2.179     0.364    -0.228
      2.187     0.366    -0.228
      2.195     0.367    -0.228
      2.203     0.368    -0.228
      2.211     0.370    -0.228
      2.219     0.371    -0.228
      2.227     0.372    -0.228
      2.235     0.374    -0.228
      2.243     0.375    -0.228
      2.250     0.376    -0.228
      2.257     0.377    -0.228
      2.265     0.378    -0.228
      2.272     0.379    -0.228
      2.279     0.380    -0.228
      2.287     0.381    -0.228
      2.295     0.383    -0.228
      2.304     0.384    -0.228
      2.312     0.385    -0.228
      2.320     0.386    -0.228
      2.328     0.387    -0.228
      2.336     0.388    -0.228
      2.343     0.389    -0.228
      2.351     0.390    -0.228
      2.358     0.390    -0.228
      2.365     0.391    -0.228
      2.373     0.392    -0.228
      2.380     0.393    -0.228
      2.388     0.394    -0.228
      2.395     0.394    -0.228
      2.403     0.395    -0.228
      2.410     0.396    -0.228
      2.417     0.396    -0.228
      2.425     0.397    -0.228
      2.432     0.398    -0.228
      2.439     0.398    -0.228
      2.446     0.399    -0.228
      2.453     0.399    -0.228
      2.460     0.400    -0.228
      2.468     0.400    -0.228
      2.476     0.401    -0.228
      2.484     0.401    -0.228
      2.492     0.402    -0.228
      2.500     0.402    -0.228
      2.508     0.403    -0.228
      2.517     0.403    -0.228
      2.524     0.404    -0.228
      2.532     0.404    -0.228
      2.539     0.404    -0.228
      2.546     0.405    -0.228
      2.554     0.405    -0.228
      2.561     0.405    -0.228
      2.569     0.405    -0.228
      2.576     0.406    -0.228
      2.584     0.406    -0.228
      2.591     0.406    -0.228
      2.599     0.406    -0.228
      2.606     0.406    -0.228
      2.613     0.406    -0.228
      2.620     0.406    -0.228
      2.627     0.406    -0.228
      2.634     0.406    -0.228
      2.641     0.407    -0.228
      2.649     0.407    -0.228
      2.656     0.406    -0.228
      2.663     0.406    -0.228
      2.671     0.406    -0.228
      2.678     0.406    -0.228
      2.686     0.406    -0.228
      2.693     0.406    -0.228
      2.700     0.406    -0.228
      2.707     0.406    -0.228
      2.714     0.406    -0.228
      2.721     0.405    -0.228
      2.728     0.405    -0.228
      2.735     0.405    -0.228
      2.742     0.405    -0.228
      2.749     0.404    -0.228
      2.756     0.404    -0.228
      2.763     0.404    -0.228
      2.770     0.403    -0.228
      2.777     0.403    -0.228
      2.784     0.403    -0.228
      2.791     0.402    -0.228
      2.798     0.402    -0.228
      2.806     0.401    -0.228
      2.813     0.401    -0.228
      2.820     0.401    -0.228
      2.828     0.400    -0.228
      2.835     0.399    -0.228
      2.843     0.399    -0.228
      2.851     0.398    -0.228
      2.859     0.398    -0.228
      2.868     0.397    -0.228
      2.876     0.396    -0.228
      2.884     0.395    -0.228
      2.892     0.395    -0.228
      2.900     0.394    -0.228
      2.908     0.393    -0.228
      2.916     0.392    -0.228
      2.924     0.391    -0.228
      2.932     0.390    -0.228
      2.940     0.390    -0.228
      2.948     0.389    -0.228
      2.956     0.388    -0.228
      2.964     0.387    -0.228
      2.972     0.386    -0.228
      2.980     0.385    -0.228
      2.988     0.384    -0.228
      2.996     0.383    -0.228
      3.004     0.381    -0.228
      3.012     0.380    -0.228
      3.019     0.379    -0.228
      3.028     0.378    -0.228
      3.036     0.377    -0.228
      3.044     0.376    -0.228
      3.052     0.374    -0.228
      3.060     0.373    -0.228
      3.068     0.372    -0.228
      3.076     0.370    -0.228
      3.084     0.369    -0.228
      3.092     0.368    -0.228
      3.100     0.366    -0.228
      3.108     0.365    -0.228
      3.116     0.363    -0.228
      3.124     0.362    -0.228
      3.131     0.361    -0.228
      3.139     0.359    -0.228
      3.147     0.358    -0.228
      3.155     0.356    -0.228
      3.163     0.354    -0.228
      3.171     0.353    -0.228
      3.179     0.351    -0.228
      3.187     0.349    -0.228
      3.195     0.348    -0.228
      3.203     0.346    -0.228
      3.211     0.344    -0.228
      3.219     0.343    -0.228
      3.227     0.341    -0.228
      3.235     0.339    -0.228
      3.242     0.337    -0.228
      3.250     0.335    -0.228
      3.258     0.334    -0.228
      3.266     0.332    -0.228
      3.273     0.330    -0.228
      3.280     0.328    -0.228
      3.287     0.327    -0.228
      3.294     0.325    -0.228
      3.302     0.323    -0.228
      3.310     0.321    -0.228
      3.317     0.319    -0.228
      3.325     0.317    -0.228
      3.333     0.315    -0.228
      3.341     0.313    -0.228
      3.349     0.311    -0.228
      3.356     0.309    -0.228
      3.364     0.307    -0.228
      3.372     0.304    -0.228
      3.380     0.302    -0.228
      3.387     0.300    -0.228
      3.395     0.298    -0.228
      3.403     0.296    -0.228
      3.411     0.293    -0.228
      3.419     0.291    -0.228
      3.426     0.289    -0.228
      3.434     0.286    -0.228
      3.442     0.284    -0.228
      3.450     0.282    -0.228
      3.458     0.279    -0.228
      3.465     0.277    -0.228
      3.473     0.274    -0.228
      3.481     0.272    -0.228
      3.488     0.270    -0.228
      3.495     0.268    -0.228
      3.502     0.265    -0.228
      3.509     0.263    -0.228
      3.516     0.261    -0.228
      3.523     0.258    -0.228
      3.531     0.256    -0.228
      3.539     0.253    -0.228
      3.547     0.251    -0.228
      3.554     0.248    -0.228
      3.562     0.245    -0.228
      3.570     0.243    -0.228
      3.577     0.240    -0.228
      3.584     0.237    -0.228
      3.591     0.235    -0.228
      3.598     0.232    -0.228
      3.605     0.230    -0.228
      3.612     0.227    -0.228
      3.619     0.225    -0.228
      3.626     0.222    -0.228
      3.633     0.220    -0.228
      3.640     0.217    -0.228
      3.647     0.215    -0.228
      3.654     0.212    -0.228
      3.661     0.209    -0.228
      3.668     0.207    -0.228
      3.674     0.204    -0.228
      3.681     0.202    -0.228
      3.688     0.199    -0.228
      3.694     0.197    -0.228
      3.702     0.194    -0.228
      3.709     0.191    -0.228
      3.717     0.188    -0.228
      3.724     0.185    -0.228
      3.732     0.182    -0.228
      3.739     0.179    -0.228
      3.747     0.176    -0.228
      3.754     0.173    -0.228
      3.761     0.170    -0.228
      3.769     0.167    -0.228
      3.776     0.164    -0.228
      3.784     0.161    -0.228
      3.791     0.157    -0.228
      3.799     0.154    -0.228
      3.806     0.151    -0.228
      3.814     0.148    -0.228
      3.821     0.145    -0.228
      3.829     0.142    -0.228
      3.836     0.138    -0.228
      3.844     0.135    -0.228
      3.851     0.132    -0.228
      3.859     0.129    -0.228
      3.866     0.125    -0.228
      3.873     0.122    -0.228
      3.880     0.119    -0.228
      3.887     0.116    -0.228
      3.893     0.113    -0.228
      3.900     0.110    -0.228
      3.907     0.107    -0.228
      3.914     0.104    -0.228
      3.922     0.100    -0.228
      3.929     0.097    -0.228
      3.937     0.093    -0.228
      3.944     0.090    -0.228
      3.951     0.087    -0.227
      3.959     0.083    -0.227
      3.965     0.080    -0.227
      3.972     0.077    -0.227
      3.979     0.074    -0.227
      3.986     0.070    -0.227
      3.992     0.067    -0.227
      3.999     0.064    -0.227
      4.006     0.061    -0.227
      4.012     0.057    -0.227
      4.019     0.054    -0.227
      4.026     0.051    -0.227
      4.033     0.048    -0.227
      4.039     0.044    -0.227
      4.046     0.041    -0.227
      4.052     0.038    -0.227
      4.058     0.035    -0.227
      4.064     0.032    -0.227
      4.071     0.029    -0.227
      4.078     0.025    -0.227
      4.085     0.021    -0.227
      4.093     0.018    -0.227
      4.100     0.014    -0.227
      4.107     0.010    -0.227
      4.114     0.007    -0.227
      4.122     0.003    -0.227
      4.128    -0.000    -0.227
      4.135    -0.004    -0.227
      4.141    -0.007    -0.227
      4.148    -0.011    -0.227
      4.155    -0.014    -0.227
      4.161    -0.017    -0.227
      4.168    -0.021    -0.227
      4.174    -0.024    -0.227
      4.181    -0.028    -0.227
      4.188    -0.031    -0.227
      4.194    -0.035    -0.227
      4.201    -0.038    -0.227
      4.207    -0.042    -0.227
      4.213    -0.045    -0.227
      4.219    -0.048    -0.227
      4.226    -0.052    -0.227
      4.232    -0.055    -0.227
      4.238    -0.058    -0.227
      4.245    -0.062    -0.227
      4.251    -0.066    -0.227
      4.258    -0.069    -0.227
      4.265    -0.073    -0.227
      4.271    -0.076    -0.227
      4.277    -0.080    -0.227
      4.283    -0.083    -0.227
      4.290    -0.086    -0.227
      4.296    -0.090    -0.227
      4.302    -0.093    -0.227
      4.308    -0.097    -0.227
      4.314    -0.100    -0.227
      4.320    -0.103    -0.227
      4.326    -0.107    -0.227
      4.333    -0.110    -0.227
      4.339    -0.114    -0.227
      4.345    -0.117    -0.227
      4.351    -0.120    -0.227
      4.357    -0.124    -0.227
      4.364    -0.128    -0.227
      4.371    -0.132    -0.226
      4.378    -0.136    -0.226
      4.385    -0.140    -0.226
      4.393    -0.144    -0.226
      4.400    -0.148    -0.226
      4.407    -0.152    -0.226
      4.413    -0.156    -0.226
      4.420    -0.160    -0.226
      4.427    -0.164    -0.226
      4.433    -0.168    -0.226
      4.440    -0.171    -0.226
      4.446    -0.175    -0.226
      4.453    -0.179    -0.226
      4.459    -0.183    -0.226
      4.466    -0.187    -0.226
      4.472    -0.190    -0.226
      4.479    -0.194    -0.226
      4.485    -0.198    -0.226
      4.492    -0.202    -0.226
      4.498    -0.205    -0.226
      4.504    -0.209    -0.226
      4.510    -0.213    -0.226
      4.516    -0.216    -0.226
      4.523    -0.220    -0.226
      4.529    -0.224    -0.226
      4.536    -0.228    -0.226
      4.542    -0.232    -0.226
      4.549    -0.236    -0.226
      4.555    -0.240    -0.226
      4.561    -0.243    -0.226
      4.567    -0.247    -0.226
      4.574    -0.251    -0.226
      4.580    -0.254    -0.226
      4.586    -0.258    -0.226
      4.592    -0.262    -0.226
      4.598    -0.265    -0.226
      4.604    -0.269    -0.226
      4.610    -0.273    -0.226
      4.616    -0.276    -0.225
      4.622    -0.280    -0.225
      4.628    -0.284    -0.225
      4.634    -0.287    -0.225
      4.640    -0.291    -0.225
      4.647    -0.295    -0.225
      4.653    -0.299    -0.225
      4.660    -0.303    -0.225
      4.666    -0.307    -0.225
      4.673    -0.311    -0.225
      4.679    -0.315    -0.225
      4.685    -0.319    -0.225
      4.691    -0.322    -0.225
      4.697    -0.326    -0.225
      4.703    -0.330    -0.225
      4.709    -0.334    -0.225
      4.715    -0.337    -0.225
      4.721    -0.341    -0.225
      4.728    -0.345    -0.225
      4.734    -0.349    -0.225
      4.740    -0.352    -0.225
      4.746    -0.356    -0.225
      4.752    -0.360    -0.225
      4.758    -0.363    -0.225
      4.763    -0.367    -0.225
      4.770    -0.371    -0.225
      4.776    -0.375    -0.225
      4.782    -0.379    -0.225
      4.788    -0.382    -0.224
      4.794    -0.386    -0.224
      4.800    -0.390    -0.224
      4.806    -0.394    -0.224
      4.812    -0.397    -0.224
      4.817    -0.401    -0.224
      4.824    -0.405    -0.224
      4.830    -0.409    -0.224
      4.836    -0.412    -0.224
      4.842    -0.416    -0.224
      4.848    -0.420    -0.224
      4.854    -0.424    -0.224
      4.860    -0.428    -0.224
      4.866    -0.432    -0.224
      4.873    -0.436    -0.224
      4.879    -0.440    -0.224
      4.885    -0.444    -0.224
      4.892    -0.448    -0.224
      4.898    -0.452    -0.224
      4.904    -0.456    -0.224
      4.910    -0.460    -0.224
      4.916    -0.463    -0.223
      4.922    -0.467    -0.223
      4.928    -0.471    -0.223
      4.934    -0.475    -0.223
      4.940    -0.479    -0.223
      4.946    -0.483    -0.223
      4.952    -0.486    -0.223
      4.959    -0.490    -0.223
      4.964    -0.494    -0.223
      4.970    -0.498    -0.223
      4.976    -0.502    -0.223
      4.982    -0.505    -0.223
      4.988    -0.509    -0.223
      4.994    -0.513    -0.223
      5.000    -0.517    -0.223
      5.006    -0.521    -0.223
      5.012    -0.525    -0.223
      5.018    -0.528    -0.223
      5.024    -0.532    -0.222
      5.030    -0.536    -0.222
      5.036    -0.540    -0.222
      5.042    -0.544    -0.222
      5.048    -0.547    -0.222
      5.054    -0.551    -0.222
      5.060    -0.555    -0.222
      5.066    -0.559    -0.222
      5.072    -0.563    -0.222
      5.078    -0.567    -0.222
      5.084    -0.571    -0.222
      5.090    -0.574    -0.222
      5.096    -0.578    -0.222
      5.102    -0.582    -0.222
      5.108    -0.586    -0.222
      5.114    -0.590    -0.221
      5.120    -0.593    -0.221
      5.126    -0.597    -0.221
      5.132    -0.601    -0.221
      5.138    -0.605    -0.221
      5.144    -0.609    -0.221
      5.150    -0.613    -0.221
      5.156    -0.616    -0.221
      5.162    -0.620    -0.221
      5.168    -0.624    -0.221
      5.174    -0.628    -0.221
      5.180    -0.632    -0.221
      5.186    -0.636    -0.221
      5.192    -0.640    -0.221
      5.198    -0.643    -0.220
      5.204    -0.647    -0.220
      5.210    -0.651    -0.220
      5.216    -0.655    -0.220
      5.223    -0.659    -0.220
      5.229    -0.663    -0.220
      5.236    -0.668    -0.220
      5.243    -0.672    -0.220
      5.249    -0.676    -0.220
      5.256    -0.680    -0.220
      5.262    -0.684    -0.220
      5.269    -0.688    -0.219
      5.275    -0.692    -0.219
      5.281    -0.696    -0.219
      5.288    -0.700    -0.219
      5.294    -0.704    -0.219
      5.300    -0.708    -0.219
      5.306    -0.712    -0.219
      5.312    -0.716    -0.219
      5.318    -0.720    -0.219
      5.324    -0.723    -0.219
      5.330    -0.727    -0.219
      5.336    -0.731    -0.218
      5.342    -0.735    -0.218
      5.348    -0.739    -0.218
      5.354    -0.742    -0.218
      5.360    -0.746    -0.218
      5.366    -0.750    -0.218
      5.372    -0.754    -0.218
      5.378    -0.757    -0.218
      5.384    -0.761    -0.218
      5.390    -0.765    -0.218
      5.396    -0.769    -0.217
      5.402    -0.773    -0.217
      5.408    -0.776    -0.217
      5.414    -0.780    -0.217
      5.420    -0.784    -0.217
      5.426    -0.788    -0.217
      5.432    -0.791    -0.217
      5.438    -0.795    -0.217
      5.444    -0.799    -0.217
      5.450    -0.803    -0.216
      5.456    -0.807    -0.216
      5.462    -0.810    -0.216
      5.468    -0.814    -0.216
      5.474    -0.818    -0.216
      5.480    -0.822    -0.216
      5.486    -0.825    -0.216
      5.492    -0.829    -0.216
      5.498    -0.833    -0.215
      5.504    -0.837    -0.215
      5.510    -0.840    -0.215
      5.516    -0.844    -0.215
      5.522    -0.848    -0.215
      5.528    -0.851    -0.215
      5.534    -0.855    -0.215
      5.541    -0.859    -0.215
      5.547    -0.863    -0.215
      5.553    -0.866    -0.214
      5.559    -0.870    -0.214
      5.565    -0.874    -0.214
      5.571    -0.878    -0.214
      5.577    -0.881    -0.214
      5.583    -0.885    -0.214
      5.589    -0.889    -0.214
      5.595    -0.893    -0.213
      5.602    -0.896    -0.213
      5.608    -0.900    -0.213
      5.614    -0.904    -0.213
      5.621    -0.908    -0.213
      5.628    -0.912    -0.213
      5.635    -0.916    -0.213
      5.641    -0.920    -0.212
      5.647    -0.924    -0.212
      5.654    -0.928    -0.212
      5.660    -0.931    -0.212
      5.666    -0.935    -0.212
      5.672    -0.939    -0.212
      5.678    -0.942    -0.212
      5.684    -0.946    -0.211
      5.690    -0.950    -0.211
      5.696    -0.953    -0.211
      5.702    -0.957    -0.211
      5.708    -0.961    -0.211
      5.714    -0.964    -0.211
      5.721    -0.968    -0.211
      5.727    -0.971    -0.210
      5.733    -0.975    -0.210
      5.739    -0.979    -0.210
      5.745    -0.982    -0.210
      5.751    -0.986    -0.210
      5.758    -0.990    -0.210
      5.764    -0.993    -0.209
      5.770    -0.997    -0.209
      5.776    -1.000    -0.209
      5.782    -1.004    -0.209
      5.789    -1.008    -0.209
      5.796    -1.012    -0.209
      5.803    -1.016    -0.208
      5.809    -1.020    -0.208
      5.816    -1.024    -0.208
      5.823    -1.027    -0.208
      5.829    -1.031    -0.208
      5.835    -1.035    -0.208
      5.841    -1.038    -0.207
      5.847    -1.042    -0.207
      5.854    -1.045    -0.207
      5.860    -1.049    -0.207
      5.867    -1.053    -0.207
      5.873    -1.057    -0.206
      5.880    -1.060    -0.206
      5.887    -1.064    -0.206
      5.894    -1.068    -0.206
      5.901    -1.072    -0.206
      5.908    -1.076    -0.205
      5.914    -1.080    -0.205
      5.921    -1.084    -0.205
      5.928    -1.088    -0.205
      5.935    -1.091    -0.205
      5.942    -1.095    -0.204
      5.948    -1.099    -0.204
      5.955    -1.103    -0.204
      5.962    -1.106    -0.204
      5.968    -1.110    -0.204
      5.975    -1.114    -0.203
      5.982    -1.117    -0.203
      5.988    -1.121    -0.203
      5.995    -1.125    -0.203
      6.001    -1.128    -0.203
      6.007    -1.131    -0.202
      6.014    -1.135    -0.202
      6.020    -1.138    -0.202
      6.026    -1.142    -0.202
      6.032    -1.145    -0.202
      6.039    -1.148    -0.201
      6.045    -1.152    -0.201
      6.051    -1.155    -0.201
      6.058    -1.159    -0.201
      6.064    -1.162    -0.200
      6.070    -1.165    -0.200
      6.076    -1.169    -0.200
      6.082    -1.172    -0.200
      6.089    -1.175    -0.200
      6.095    -1.179    -0.199
      6.101    -1.182    -0.199
      6.108    -1.185    -0.199
      6.114    -1.189    -0.199
      6.120    -1.192    -0.199
      6.126    -1.195    -0.198
      6.132    -1.198    -0.198
      6.139    -1.202    -0.198
      6.145    -1.205    -0.198
      6.151    -1.208    -0.197
      6.158    -1.211    -0.197
      6.164    -1.215    -0.197
      6.170    -1.218    -0.197
      6.177    -1.221    -0.196
      6.183    -1.224    -0.196
      6.190    -1.228    -0.196
      6.196    -1.231    -0.196
      6.202    -1.234    -0.195
      6.209    -1.237    -0.195
      6.215    -1.241    -0.195
      6.221    -1.244    -0.195
      6.227    -1.247    -0.195
      6.234    -1.250    -0.194
      6.240    -1.253    -0.194
      6.246    -1.256    -0.194
      6.253    -1.260    -0.194
      6.259    -1.263    -0.193
      6.266    -1.266    -0.193
      6.272    -1.269    -0.193
      6.278    -1.272    -0.193
      6.285    -1.275    -0.192
      6.291    -1.279    -0.192
      6.298    -1.282    -0.192
      6.304    -1.285    -0.192
      6.311    -1.288    -0.191
      6.317    -1.291    -0.191
      6.324    -1.294    -0.191
      6.330    -1.297    -0.191
      6.337    -1.301    -0.190
      6.344    -1.304    -0.190
      6.351    -1.307    -0.190
      6.358    -1.311    -0.189
      6.366    -1.314    -0.189
      6.372    -1.317    -0.189
      6.378    -1.320    -0.189
      6.385    -1.323    -0.188
      6.391    -1.326    -0.188
      6.398    -1.329    -0.188
      6.404    -1.332    -0.188
      6.411    -1.335    -0.187
      6.417    -1.338    -0.187
      6.423    -1.341    -0.187
      6.430    -1.344    -0.187
      6.436    -1.347    -0.186
      6.443    -1.350    -0.186
      6.449    -1.353    -0.186
      6.456    -1.356    -0.185
      6.462    -1.359    -0.185
      6.469    -1.362    -0.185
      6.475    -1.365    -0.185
      6.482    -1.367    -0.184
      6.489    -1.370    -0.184
      6.495    -1.373    -0.184
      6.502    -1.376    -0.184
      6.508    -1.379    -0.183
      6.515    -1.382    -0.183
      6.522    -1.385    -0.183
      6.529    -1.388    -0.182
      6.536    -1.391    -0.182
      6.544    -1.394    -0.182
      6.551    -1.398    -0.182
      6.557    -1.400    -0.181
      6.564    -1.403    -0.181
      6.571    -1.406    -0.181
      6.577    -1.409    -0.180
      6.584    -1.412    -0.180
      6.590    -1.414    -0.180
      6.597    -1.417    -0.180
      6.604    -1.420    -0.179
      6.611    -1.423    -0.179
      6.619    -1.426    -0.179
      6.626    -1.429    -0.178
      6.633    -1.432    -0.178
      6.640    -1.435    -0.178
      6.648    -1.438    -0.177
      6.655    -1.441    -0.177
      6.662    -1.444    -0.177
      6.670    -1.447    -0.177
      6.677    -1.450    -0.176
      6.684    -1.453    -0.176
      6.691    -1.455    -0.176
      6.698    -1.458    -0.175
      6.705    -1.461    -0.175
      6.712    -1.463    -0.175
      6.718    -1.466    -0.175
      6.725    -1.469    -0.174
      6.732    -1.471    -0.174
      6.738    -1.474    -0.174
      6.745    -1.476    -0.173
      6.751    -1.479    -0.173
      6.758    -1.481    -0.173
      6.764    -1.484    -0.173
      6.771    -1.486    -0.172
      6.778    -1.489    -0.172
      6.785    -1.491    -0.172
      6.791    -1.494    -0.171
      6.798    -1.496    -0.171
      6.805    -1.499    -0.171
      6.811    -1.501    -0.171
      6.818    -1.504    -0.170
      6.825    -1.506    -0.170
      6.831    -1.509    -0.170
      6.838    -1.511    -0.170
      6.845    -1.513    -0.169
      6.852    -1.516    -0.169
      6.859    -1.518    -0.169
      6.866    -1.521    -0.168
      6.874    -1.524    -0.168
      6.881    -1.526    -0.168
      6.889    -1.529    -0.167
      6.896    -1.531    -0.167
      6.902    -1.534    -0.167
      6.909    -1.536    -0.167
      6.916    -1.538    -0.166
      6.923    -1.540    -0.166
      6.929    -1.543    -0.166
      6.936    -1.545    -0.166
      6.944    -1.548    -0.165
      6.951    -1.550    -0.165
      6.958    -1.552    -0.165
      6.966    -1.555    -0.164
      6.973    -1.557    -0.164
      6.981    -1.560    -0.164
      6.988    -1.562    -0.163
      6.996    -1.565    -0.163
      7.003    -1.567    -0.163
      7.011    -1.569    -0.163
      7.018    -1.572    -0.162
      7.026    -1.574    -0.162
      7.033    -1.576    -0.162
      7.040    -1.579    -0.161
      7.047    -1.581    -0.161
      7.054    -1.583    -0.161
      7.061    -1.585    -0.161
      7.068    -1.587    -0.160
      7.075    -1.589    -0.160
      7.081    -1.591    -0.160
      7.088    -1.593    -0.159
      7.096    -1.595    -0.159
      7.103    -1.598    -0.159
      7.111    -1.600    -0.159
      7.118    -1.602    -0.158
      7.126    -1.604    -0.158
      7.134    -1.606    -0.158
      7.141    -1.608    -0.157
      7.149    -1.611    -0.157
      7.156    -1.613    -0.157
      7.164    -1.615    -0.157
      7.171    -1.617    -0.156
      7.179    -1.619    -0.156
      7.186    -1.621    -0.156
      7.194    -1.623    -0.156
      7.201    -1.625    -0.155
      7.209    -1.627    -0.155
      7.216    -1.629    -0.155
      7.224    -1.631    -0.154
      7.232    -1.633    -0.154
      7.239    -1.635    -0.154
      7.247    -1.637    -0.154
      7.254    -1.639    -0.153
      7.262    -1.641    -0.153
      7.269    -1.643    -0.153
      7.277    -1.645    -0.153
      7.285    -1.646    -0.152
      7.292    -1.648    -0.152
      7.300    -1.650    -0.152
      7.308    -1.652    -0.151
      7.315    -1.654    -0.151
