Count of Points:103

WCS coordinates of Points:
      7.482     0.517    -1.147
      7.476     0.519    -1.148
      7.469     0.521    -1.149
      7.462     0.523    -1.151
      7.456     0.524    -1.152
      7.449     0.526    -1.154
      7.443     0.528    -1.155
      7.435     0.530    -1.157
      7.427     0.532    -1.158
      7.419     0.535    -1.160
      7.412     0.537    -1.162
      7.405     0.539    -1.163
      7.398     0.541    -1.165
      7.391     0.543    -1.167
      7.384     0.545    -1.168
      7.377     0.547    -1.170
      7.370     0.549    -1.171
      7.363     0.551    -1.173
      7.356     0.553    -1.175
      7.350     0.555    -1.176
      7.343     0.557    -1.178
      7.336     0.559    -1.180
      7.329     0.561    -1.181
      7.322     0.563    -1.183
      7.315     0.565    -1.185
      7.308     0.567    -1.186
      7.302     0.569    -1.188
      7.294     0.571    -1.190
      7.287     0.573    -1.192
      7.280     0.575    -1.194
      7.273     0.577    -1.195
      7.266     0.579    -1.197
      7.259     0.581    -1.199
      7.252     0.583    -1.201
      7.245     0.586    -1.203
      7.238     0.588    -1.205
      7.231     0.590    -1.206
      7.224     0.592    -1.208
      7.218     0.594    -1.210
      7.211     0.596    -1.212
      7.204     0.598    -1.214
      7.197     0.600    -1.216
      7.190     0.602    -1.218
      7.183     0.604    -1.220
      7.175     0.606    -1.222
      7.168     0.608    -1.224
      7.161     0.610    -1.226
      7.154     0.612    -1.228
      7.147     0.615    -1.230
      7.140     0.617    -1.232
      7.133     0.619    -1.234
      7.126     0.621    -1.236
      7.118     0.623    -1.238
      7.112     0.625    -1.240
      7.105     0.627    -1.242
      7.098     0.629    -1.244
      7.092     0.631    -1.246
      7.085     0.633    -1.248
      7.078     0.635    -1.250
      7.071     0.637    -1.252
      7.065     0.639    -1.254
      7.058     0.641    -1.256
      7.051     0.643    -1.258
      7.044     0.645    -1.261
      7.038     0.647    -1.263
      7.031     0.649    -1.265
      7.024     0.651    -1.267
      7.017     0.653    -1.269
      7.010     0.656    -1.271
      7.003     0.658    -1.274
      6.996     0.660    -1.276
      6.989     0.662    -1.278
      6.982     0.664    -1.280
      6.974     0.666    -1.283
      6.967     0.668    -1.285
      6.960     0.670    -1.287
      6.953     0.672    -1.290
      6.946     0.674    -1.292
      6.940     0.676    -1.294
      6.933     0.678    -1.296
      6.926     0.680    -1.299
      6.920     0.682    -1.301
      6.913     0.684    -1.303
      6.906     0.686    -1.305
      6.899     0.688    -1.308
      6.892     0.690    -1.310
      6.885     0.692    -1.312
      6.878     0.694    -1.315
      6.871     0.696    -1.317
      6.864     0.698    -1.319
      6.858     0.700    -1.322
      6.851     0.702    -1.324
      6.844     0.704    -1.326
      6.838     0.706    -1.329
      6.831     0.708    -1.331
      6.825     0.710    -1.333
      6.818     0.712    -1.336
      6.811     0.714    -1.338
      6.805     0.716    -1.340
      6.798     0.717    -1.342
      6.792     0.719    -1.345
      6.785     0.721    -1.347
      6.779     0.723    -1.349
