Count of Points:809

WCS coordinates of Points:
      7.500    -0.024    -0.984
      7.493    -0.022    -0.985
      7.485    -0.020    -0.986
      7.478    -0.018    -0.987
      7.471    -0.016    -0.988
      7.464    -0.015    -0.989
      7.456    -0.013    -0.990
      7.449    -0.011    -0.992
      7.442    -0.009    -0.993
      7.434    -0.007    -0.994
      7.427    -0.005    -0.995
      7.419    -0.003    -0.996
      7.411    -0.001    -0.998
      7.404     0.001    -0.999
      7.396     0.003    -1.000
      7.389     0.005    -1.002
      7.381     0.007    -1.003
      7.373     0.009    -1.004
      7.366     0.011    -1.006
      7.358     0.013    -1.007
      7.351     0.015    -1.008
      7.344     0.017    -1.010
      7.337     0.019    -1.011
      7.329     0.021    -1.012
      7.322     0.023    -1.014
      7.315     0.025    -1.015
      7.308     0.027    -1.017
      7.300     0.029    -1.018
      7.293     0.031    -1.020
      7.285     0.034    -1.021
      7.278     0.036    -1.023
      7.270     0.038    -1.024
      7.263     0.040    -1.026
      7.256     0.042    -1.027
      7.249     0.044    -1.029
      7.242     0.046    -1.030
      7.235     0.048    -1.032
      7.228     0.050    -1.033
      7.221     0.052    -1.035
      7.214     0.054    -1.036
      7.207     0.056    -1.038
      7.200     0.058    -1.039
      7.193     0.060    -1.041
      7.186     0.062    -1.042
      7.179     0.064    -1.044
      7.172     0.066    -1.046
      7.165     0.068    -1.047
      7.157     0.071    -1.049
      7.150     0.073    -1.051
      7.142     0.075    -1.053
      7.135     0.077    -1.054
      7.127     0.079    -1.056
      7.120     0.082    -1.058
      7.113     0.084    -1.060
      7.106     0.086    -1.061
      7.099     0.088    -1.063
      7.092     0.090    -1.065
      7.086     0.092    -1.067
      7.079     0.094    -1.068
      7.072     0.096    -1.070
      7.065     0.098    -1.072
      7.058     0.100    -1.074
      7.051     0.103    -1.076
      7.044     0.105    -1.077
      7.037     0.107    -1.079
      7.030     0.109    -1.081
      7.023     0.111    -1.083
      7.016     0.113    -1.085
      7.009     0.115    -1.086
      7.002     0.117    -1.088
      6.996     0.119    -1.090
      6.989     0.121    -1.092
      6.982     0.123    -1.094
      6.975     0.126    -1.096
      6.968     0.128    -1.098
      6.961     0.130    -1.100
      6.954     0.132    -1.102
      6.948     0.134    -1.104
      6.941     0.136    -1.106
      6.934     0.138    -1.108
      6.927     0.140    -1.109
      6.920     0.142    -1.111
      6.912     0.145    -1.114
      6.905     0.147    -1.116
      6.898     0.149    -1.118
      6.890     0.151    -1.120
      6.883     0.154    -1.122
      6.876     0.156    -1.124
      6.869     0.158    -1.126
      6.862     0.160    -1.128
      6.855     0.162    -1.130
      6.848     0.164    -1.133
      6.841     0.166    -1.135
      6.834     0.169    -1.137
      6.828     0.171    -1.139
      6.821     0.173    -1.141
      6.814     0.175    -1.143
      6.807     0.177    -1.145
      6.800     0.179    -1.147
      6.793     0.181    -1.149
      6.787     0.183    -1.151
      6.780     0.185    -1.153
      6.773     0.187    -1.156
      6.766     0.189    -1.158
      6.759     0.191    -1.160
      6.752     0.194    -1.162
      6.746     0.196    -1.164
      6.739     0.198    -1.166
      6.732     0.200    -1.169
      6.725     0.202    -1.171
      6.719     0.204    -1.173
      6.712     0.206    -1.175
      6.705     0.208    -1.177
      6.698     0.210    -1.179
      6.691     0.212    -1.182
      6.684     0.214    -1.184
      6.677     0.216    -1.186
      6.670     0.218    -1.188
      6.664     0.220    -1.191
      6.657     0.222    -1.193
      6.650     0.224    -1.195
      6.643     0.226    -1.197
      6.636     0.228    -1.200
      6.629     0.230    -1.202
      6.623     0.232    -1.204
      6.616     0.234    -1.206
      6.609     0.236    -1.209
      6.602     0.238    -1.211
      6.595     0.240    -1.213
      6.589     0.242    -1.215
      6.582     0.244    -1.218
      6.575     0.246    -1.220
      6.568     0.248    -1.222
      6.561     0.250    -1.225
      6.554     0.252    -1.227
      6.547     0.254    -1.229
      6.540     0.256    -1.232
      6.534     0.258    -1.234
      6.527     0.260    -1.236
      6.520     0.261    -1.239
      6.513     0.263    -1.241
      6.505     0.266    -1.244
      6.498     0.268    -1.246
      6.490     0.270    -1.249
      6.483     0.272    -1.251
      6.475     0.274    -1.254
      6.468     0.276    -1.257
      6.461     0.278    -1.259
      6.453     0.280    -1.262
      6.446     0.282    -1.264
      6.439     0.284    -1.267
      6.432     0.286    -1.269
      6.425     0.288    -1.272
      6.418     0.290    -1.274
      6.411     0.292    -1.276
      6.404     0.293    -1.279
      6.397     0.295    -1.281
      6.391     0.297    -1.284
      6.384     0.299    -1.286
      6.377     0.301    -1.288
      6.370     0.303    -1.291
      6.363     0.304    -1.293
      6.356     0.306    -1.296
      6.350     0.308    -1.298
      6.343     0.310    -1.300
      6.336     0.312    -1.303
      6.329     0.313    -1.305
      6.322     0.315    -1.308
      6.316     0.317    -1.310
      6.309     0.319    -1.312
      6.302     0.321    -1.315
      6.295     0.322    -1.317
      6.288     0.324    -1.320
      6.282     0.326    -1.322
      6.275     0.327    -1.324
      6.268     0.329    -1.327
      6.261     0.331    -1.329
      6.254     0.333    -1.332
      6.247     0.334    -1.334
      6.240     0.336    -1.337
      6.234     0.338    -1.339
      6.227     0.340    -1.342
      6.220     0.341    -1.344
      6.213     0.343    -1.347
      6.206     0.345    -1.349
      6.199     0.346    -1.351
      6.192     0.348    -1.354
      6.186     0.350    -1.356
      6.179     0.351    -1.359
      6.172     0.353    -1.361
      6.165     0.355    -1.364
      6.158     0.356    -1.366
      6.151     0.358    -1.369
      6.145     0.360    -1.371
      6.138     0.361    -1.374
      6.131     0.363    -1.376
      6.124     0.365    -1.378
      6.117     0.366    -1.381
      6.110     0.368    -1.383
      6.103     0.370    -1.386
      6.096     0.371    -1.388
      6.089     0.373    -1.391
      6.082     0.374    -1.393
      6.076     0.376    -1.396
      6.069     0.378    -1.398
      6.061     0.379    -1.401
      6.053     0.381    -1.404
      6.046     0.383    -1.406
      6.038     0.385    -1.409
      6.031     0.386    -1.412
      6.024     0.388    -1.414
      6.017     0.389    -1.417
      6.010     0.391    -1.419
      6.003     0.393    -1.422
      5.996     0.394    -1.424
      5.989     0.396    -1.427
      5.982     0.397    -1.429
      5.976     0.399    -1.431
      5.969     0.400    -1.434
      5.962     0.402    -1.436
      5.955     0.403    -1.439
      5.948     0.405    -1.441
      5.941     0.406    -1.444
      5.934     0.408    -1.446
      5.927     0.409    -1.449
      5.920     0.411    -1.451
      5.913     0.412    -1.454
      5.906     0.414    -1.456
      5.900     0.415    -1.458
      5.893     0.417    -1.461
      5.886     0.418    -1.463
      5.879     0.420    -1.466
      5.872     0.421    -1.468
      5.864     0.423    -1.471
      5.856     0.424    -1.474
      5.849     0.426    -1.476
      5.841     0.428    -1.479
      5.833     0.429    -1.482
      5.827     0.431    -1.484
      5.820     0.432    -1.487
      5.813     0.433    -1.489
      5.806     0.435    -1.491
      5.799     0.436    -1.494
      5.792     0.438    -1.496
      5.785     0.439    -1.499
      5.777     0.441    -1.501
      5.769     0.442    -1.504
      5.762     0.444    -1.507
      5.754     0.445    -1.509
      5.746     0.447    -1.512
      5.739     0.448    -1.515
      5.731     0.450    -1.517
      5.723     0.451    -1.520
      5.716     0.453    -1.523
      5.708     0.454    -1.525
      5.700     0.456    -1.528
      5.693     0.457    -1.530
      5.685     0.459    -1.533
      5.678     0.460    -1.535
      5.670     0.462    -1.538
      5.663     0.463    -1.541
      5.656     0.465    -1.543
      5.648     0.466    -1.546
      5.641     0.467    -1.548
      5.633     0.469    -1.551
      5.626     0.470    -1.553
      5.619     0.471    -1.555
      5.612     0.473    -1.558
      5.605     0.474    -1.560
      5.598     0.475    -1.562
      5.591     0.477    -1.565
      5.584     0.478    -1.567
      5.577     0.479    -1.569
      5.570     0.480    -1.572
      5.563     0.482    -1.574
      5.556     0.483    -1.576
      5.549     0.484    -1.579
      5.543     0.486    -1.581
      5.536     0.487    -1.583
      5.529     0.488    -1.585
      5.522     0.489    -1.588
      5.515     0.491    -1.590
      5.508     0.492    -1.592
      5.501     0.493    -1.595
      5.494     0.494    -1.597
      5.487     0.496    -1.599
      5.480     0.497    -1.601
      5.473     0.498    -1.604
      5.466     0.499    -1.606
      5.459     0.500    -1.608
      5.452     0.502    -1.610
      5.445     0.503    -1.613
      5.438     0.504    -1.615
      5.431     0.505    -1.617
      5.424     0.507    -1.619
      5.416     0.508    -1.622
      5.409     0.509    -1.624
      5.402     0.510    -1.626
      5.395     0.511    -1.628
      5.388     0.512    -1.630
      5.381     0.514    -1.633
      5.374     0.515    -1.635
      5.367     0.516    -1.637
      5.360     0.517    -1.639
      5.353     0.518    -1.641
      5.346     0.519    -1.643
      5.339     0.521    -1.646
      5.332     0.522    -1.648
      5.325     0.523    -1.650
      5.318     0.524    -1.652
      5.311     0.525    -1.654
      5.304     0.526    -1.656
      5.297     0.527    -1.659
      5.289     0.529    -1.661
      5.282     0.530    -1.663
      5.275     0.531    -1.665
      5.268     0.532    -1.667
      5.261     0.533    -1.669
      5.253     0.534    -1.671
      5.245     0.536    -1.674
      5.237     0.537    -1.676
      5.230     0.538    -1.678
      5.222     0.539    -1.681
      5.215     0.540    -1.683
      5.207     0.541    -1.685
      5.200     0.543    -1.687
      5.193     0.544    -1.689
      5.186     0.545    -1.691
      5.179     0.546    -1.693
      5.172     0.547    -1.695
      5.165     0.548    -1.697
      5.158     0.549    -1.699
      5.151     0.550    -1.701
      5.144     0.551    -1.703
      5.137     0.552    -1.705
      5.129     0.553    -1.707
      5.122     0.554    -1.709
      5.115     0.555    -1.711
      5.108     0.556    -1.713
      5.101     0.557    -1.715
      5.094     0.558    -1.717
      5.086     0.560    -1.719
      5.079     0.561    -1.721
      5.072     0.562    -1.722
      5.065     0.563    -1.724
      5.058     0.564    -1.726
      5.050     0.565    -1.728
      5.042     0.566    -1.731
      5.034     0.567    -1.733
      5.026     0.568    -1.735
      5.018     0.569    -1.737
      5.011     0.570    -1.739
      5.004     0.571    -1.741
      4.996     0.572    -1.742
      4.989     0.573    -1.744
      4.982     0.575    -1.746
      4.975     0.576    -1.748
      4.968     0.577    -1.750
      4.960     0.578    -1.752
      4.952     0.579    -1.754
      4.944     0.580    -1.756
      4.936     0.581    -1.758
      4.928     0.582    -1.760
      4.920     0.583    -1.762
      4.912     0.584    -1.764
      4.904     0.585    -1.766
      4.896     0.586    -1.768
      4.888     0.588    -1.769
      4.880     0.589    -1.771
      4.872     0.590    -1.773
      4.865     0.591    -1.775
      4.857     0.592    -1.777
      4.850     0.593    -1.779
      4.842     0.594    -1.780
      4.835     0.595    -1.782
      4.828     0.596    -1.784
      4.821     0.597    -1.785
      4.814     0.598    -1.787
      4.806     0.599    -1.789
      4.799     0.600    -1.790
      4.792     0.601    -1.792
      4.785     0.602    -1.794
      4.778     0.603    -1.795
      4.770     0.604    -1.797
      4.763     0.605    -1.799
      4.756     0.606    -1.800
      4.749     0.607    -1.802
      4.741     0.607    -1.803
      4.734     0.608    -1.805
      4.727     0.609    -1.807
      4.719     0.610    -1.808
      4.712     0.611    -1.810
      4.705     0.612    -1.811
      4.698     0.613    -1.813
      4.690     0.614    -1.814
      4.682     0.615    -1.816
      4.674     0.616    -1.818
      4.666     0.617    -1.819
      4.658     0.619    -1.821
      4.650     0.620    -1.823
      4.643     0.621    -1.824
      4.636     0.622    -1.826
      4.628     0.623    -1.827
      4.621     0.623    -1.829
      4.614     0.624    -1.830
      4.606     0.625    -1.832
      4.599     0.626    -1.833
      4.591     0.627    -1.835
      4.583     0.629    -1.836
      4.575     0.630    -1.838
      4.567     0.631    -1.839
      4.559     0.632    -1.841
      4.551     0.633    -1.843
      4.543     0.634    -1.844
      4.535     0.635    -1.846
      4.527     0.636    -1.847
      4.519     0.637    -1.849
      4.511     0.638    -1.850
      4.503     0.639    -1.852
      4.495     0.640    -1.853
      4.487     0.641    -1.855
      4.480     0.642    -1.856
      4.472     0.643    -1.857
      4.465     0.644    -1.859
      4.458     0.645    -1.860
      4.450     0.646    -1.861
      4.443     0.647    -1.863
      4.436     0.648    -1.864
      4.428     0.649    -1.865
      4.420     0.650    -1.867
      4.411     0.651    -1.868
      4.403     0.652    -1.870
      4.395     0.653    -1.871
      4.387     0.654    -1.872
      4.379     0.655    -1.874
      4.371     0.656    -1.875
      4.363     0.657    -1.877
      4.355     0.658    -1.878
      4.347     0.659    -1.879
      4.339     0.660    -1.881
      4.331     0.661    -1.882
      4.323     0.662    -1.883
      4.315     0.663    -1.884
      4.307     0.664    -1.886
      4.299     0.665    -1.887
      4.291     0.666    -1.888
      4.283     0.667    -1.890
      4.275     0.668    -1.891
      4.267     0.669    -1.892
      4.259     0.670    -1.893
      4.251     0.671    -1.894
      4.243     0.672    -1.896
      4.234     0.673    -1.897
      4.226     0.674    -1.898
      4.218     0.675    -1.899
      4.210     0.676    -1.900
      4.202     0.677    -1.902
      4.194     0.678    -1.903
      4.186     0.679    -1.904
      4.178     0.680    -1.905
      4.170     0.681    -1.906
      4.163     0.682    -1.907
      4.155     0.683    -1.908
      4.147     0.684    -1.909
      4.140     0.685    -1.910
      4.132     0.686    -1.911
      4.125     0.687    -1.912
      4.117     0.688    -1.913
      4.110     0.689    -1.914
      4.103     0.689    -1.915
      4.095     0.690    -1.916
      4.088     0.691    -1.917
      4.080     0.692    -1.918
      4.073     0.693    -1.919
      4.066     0.694    -1.920
      4.059     0.695    -1.921
      4.051     0.695    -1.922
      4.044     0.696    -1.923
      4.037     0.697    -1.924
      4.029     0.698    -1.925
      4.022     0.699    -1.925
      4.014     0.700    -1.926
      4.007     0.701    -1.927
      4.000     0.701    -1.928
      3.993     0.702    -1.929
      3.985     0.703    -1.930
      3.978     0.704    -1.931
      3.971     0.705    -1.931
      3.963     0.706    -1.932
      3.956     0.706    -1.933
      3.948     0.707    -1.934
      3.941     0.708    -1.935
      3.934     0.709    -1.936
      3.926     0.710    -1.937
      3.919     0.711    -1.937
      3.911     0.711    -1.938
      3.904     0.712    -1.939
      3.896     0.713    -1.940
      3.889     0.714    -1.941
      3.882     0.715    -1.941
      3.874     0.715    -1.942
      3.867     0.716    -1.943
      3.860     0.717    -1.944
      3.853     0.718    -1.944
      3.845     0.719    -1.945
      3.838     0.719    -1.946
      3.830     0.720    -1.947
      3.823     0.721    -1.947
      3.815     0.722    -1.948
      3.808     0.723    -1.949
      3.800     0.723    -1.950
      3.793     0.724    -1.950
      3.786     0.725    -1.951
      3.778     0.726    -1.952
      3.771     0.726    -1.952
      3.763     0.727    -1.953
      3.756     0.728    -1.954
      3.748     0.729    -1.954
      3.739     0.729    -1.955
      3.731     0.730    -1.956
      3.723     0.731    -1.957
      3.715     0.732    -1.957
      3.707     0.732    -1.958
      3.700     0.733    -1.959
      3.693     0.734    -1.959
      3.685     0.735    -1.960
      3.678     0.735    -1.960
      3.670     0.736    -1.961
      3.663     0.737    -1.962
      3.656     0.737    -1.962
      3.648     0.738    -1.963
      3.641     0.739    -1.963
      3.633     0.739    -1.964
      3.626     0.740    -1.965
      3.619     0.741    -1.965
      3.611     0.741    -1.966
      3.604     0.742    -1.966
      3.596     0.742    -1.967
      3.589     0.743    -1.967
      3.581     0.744    -1.968
      3.574     0.744    -1.969
      3.566     0.745    -1.969
      3.559     0.745    -1.970
      3.551     0.746    -1.970
      3.544     0.747    -1.971
      3.536     0.747    -1.971
      3.527     0.748    -1.972
      3.519     0.748    -1.972
      3.511     0.749    -1.973
      3.503     0.750    -1.973
      3.495     0.750    -1.974
      3.488     0.751    -1.974
      3.480     0.751    -1.975
      3.473     0.752    -1.975
      3.465     0.752    -1.976
      3.458     0.753    -1.976
      3.450     0.753    -1.977
      3.442     0.754    -1.977
      3.434     0.754    -1.978
      3.426     0.755    -1.978
      3.417     0.755    -1.979
      3.409     0.756    -1.979
      3.401     0.756    -1.980
      3.393     0.757    -1.980
      3.385     0.757    -1.981
      3.376     0.758    -1.981
      3.368     0.758    -1.982
      3.360     0.759    -1.982
      3.352     0.759    -1.983
      3.344     0.760    -1.983
      3.336     0.760    -1.984
      3.328     0.760    -1.984
      3.321     0.761    -1.984
      3.313     0.761    -1.985
      3.306     0.761    -1.985
      3.298     0.762    -1.986
      3.291     0.762    -1.986
      3.284     0.762    -1.986
      3.276     0.763    -1.987
      3.269     0.763    -1.987
      3.261     0.763    -1.987
      3.254     0.763    -1.988
      3.246     0.764    -1.988
      3.239     0.764    -1.989
      3.231     0.764    -1.989
      3.224     0.764    -1.989
      3.216     0.765    -1.990
      3.209     0.765    -1.990
      3.201     0.765    -1.990
      3.194     0.765    -1.991
      3.186     0.765    -1.991
      3.179     0.766    -1.991
      3.171     0.766    -1.992
      3.164     0.766    -1.992
      3.156     0.766    -1.992
      3.147     0.766    -1.993
      3.139     0.766    -1.993
      3.131     0.767    -1.993
      3.123     0.767    -1.994
      3.115     0.767    -1.994
      3.108     0.767    -1.994
      3.100     0.767    -1.995
      3.093     0.767    -1.995
      3.085     0.767    -1.995
      3.078     0.767    -1.996
      3.070     0.767    -1.996
      3.062     0.767    -1.996
      3.054     0.767    -1.997
      3.045     0.767    -1.997
      3.037     0.767    -1.997
      3.029     0.767    -1.998
      3.021     0.767    -1.998
      3.012     0.767    -1.998
      3.004     0.767    -1.999
      2.996     0.767    -1.999
      2.987     0.766    -1.999
      2.979     0.766    -1.999
      2.971     0.766    -2.000
      2.963     0.766    -2.000
      2.955     0.766    -2.000
      2.948     0.766    -2.001
      2.940     0.765    -2.001
      2.933     0.765    -2.001
      2.925     0.765    -2.001
      2.918     0.765    -2.002
      2.910     0.765    -2.002
      2.903     0.764    -2.002
      2.894     0.764    -2.002
      2.886     0.764    -2.003
      2.878     0.763    -2.003
      2.870     0.763    -2.003
      2.861     0.763    -2.004
      2.853     0.762    -2.004
      2.845     0.762    -2.004
      2.837     0.761    -2.004
      2.828     0.761    -2.005
      2.820     0.760    -2.005
      2.812     0.760    -2.005
      2.804     0.760    -2.005
      2.796     0.759    -2.006
      2.788     0.758    -2.006
      2.779     0.758    -2.006
      2.771     0.757    -2.006
      2.763     0.757    -2.007
      2.755     0.756    -2.007
      2.746     0.756    -2.007
      2.738     0.755    -2.007
      2.730     0.754    -2.008
      2.722     0.754    -2.008
      2.714     0.753    -2.008
      2.706     0.752    -2.008
      2.698     0.752    -2.008
      2.689     0.751    -2.009
      2.681     0.750    -2.009
      2.673     0.749    -2.009
      2.665     0.748    -2.009
      2.656     0.748    -2.010
      2.649     0.747    -2.010
      2.641     0.746    -2.010
      2.634     0.745    -2.010
      2.627     0.744    -2.010
      2.619     0.744    -2.011
      2.612     0.743    -2.011
      2.604     0.742    -2.011
      2.597     0.741    -2.011
      2.590     0.740    -2.011
      2.582     0.739    -2.011
      2.575     0.738    -2.012
      2.568     0.737    -2.012
      2.560     0.736    -2.012
      2.553     0.735    -2.012
      2.545     0.734    -2.012
      2.538     0.733    -2.013
      2.530     0.732    -2.013
      2.523     0.731    -2.013
      2.515     0.730    -2.013
      2.508     0.729    -2.013
      2.501     0.728    -2.013
      2.493     0.727    -2.014
      2.486     0.726    -2.014
      2.478     0.724    -2.014
      2.469     0.723    -2.014
      2.461     0.722    -2.014
      2.453     0.720    -2.015
      2.445     0.719    -2.015
      2.438     0.718    -2.015
      2.430     0.716    -2.015
      2.423     0.715    -2.015
      2.415     0.714    -2.015
      2.408     0.713    -2.016
      2.401     0.711    -2.016
      2.393     0.710    -2.016
      2.385     0.708    -2.016
      2.377     0.707    -2.016
      2.369     0.705    -2.016
      2.361     0.704    -2.017
      2.353     0.702    -2.017
      2.345     0.700    -2.017
      2.336     0.699    -2.017
      2.328     0.697    -2.017
      2.320     0.695    -2.017
      2.312     0.693    -2.018
      2.304     0.692    -2.018
      2.296     0.690    -2.018
      2.288     0.688    -2.018
      2.281     0.686    -2.018
      2.273     0.685    -2.018
      2.266     0.683    -2.018
      2.259     0.681    -2.019
      2.251     0.679    -2.019
      2.244     0.678    -2.019
      2.237     0.676    -2.019
      2.229     0.674    -2.019
      2.221     0.672    -2.019
      2.213     0.670    -2.020
      2.205     0.668    -2.020
      2.197     0.666    -2.020
      2.189     0.664    -2.020
      2.181     0.661    -2.020
      2.173     0.659    -2.020
      2.165     0.657    -2.021
      2.158     0.655    -2.021
      2.150     0.653    -2.021
      2.142     0.650    -2.021
      2.134     0.648    -2.021
      2.126     0.646    -2.021
      2.118     0.643    -2.022
      2.111     0.641    -2.022
      2.103     0.639    -2.022
      2.095     0.636    -2.022
      2.087     0.634    -2.022
      2.079     0.631    -2.022
      2.071     0.629    -2.023
      2.064     0.626    -2.023
      2.056     0.624    -2.023
      2.048     0.621    -2.023
      2.040     0.619    -2.023
      2.032     0.616    -2.024
      2.025     0.613    -2.024
      2.017     0.611    -2.024
      2.009     0.608    -2.024
      2.001     0.605    -2.024
      1.993     0.602    -2.025
      1.986     0.600    -2.025
      1.979     0.597    -2.025
      1.972     0.594    -2.025
      1.965     0.592    -2.025
      1.958     0.589    -2.026
      1.951     0.586    -2.026
      1.944     0.584    -2.026
      1.936     0.581    -2.026
      1.929     0.578    -2.026
      1.921     0.575    -2.027
      1.913     0.572    -2.027
      1.906     0.568    -2.027
      1.898     0.565    -2.027
      1.891     0.562    -2.028
      1.883     0.559    -2.028
      1.875     0.556    -2.028
      1.868     0.552    -2.028
      1.860     0.549    -2.029
      1.853     0.546    -2.029
      1.845     0.543    -2.029
      1.838     0.539    -2.030
      1.830     0.536    -2.030
      1.823     0.532    -2.030
      1.815     0.529    -2.030
      1.808     0.525    -2.031
      1.801     0.522    -2.031
      1.793     0.518    -2.031
      1.786     0.515    -2.031
      1.779     0.511    -2.032
      1.771     0.508    -2.032
      1.764     0.504    -2.032
      1.757     0.500    -2.033
      1.749     0.496    -2.033
      1.742     0.493    -2.033
      1.735     0.489    -2.034
      1.727     0.485    -2.034
      1.720     0.481    -2.034
      1.713     0.477    -2.035
      1.705     0.473    -2.035
      1.698     0.469    -2.035
      1.691     0.465    -2.035
      1.684     0.461    -2.036
      1.677     0.457    -2.036
      1.670     0.453    -2.036
      1.663     0.449    -2.037
      1.656     0.445    -2.037
      1.649     0.440    -2.037
      1.642     0.436    -2.038
      1.635     0.432    -2.038
      1.628     0.427    -2.038
      1.621     0.423    -2.039
      1.614     0.419    -2.039
      1.607     0.414    -2.039
      1.600     0.410    -2.040
      1.593     0.405    -2.040
      1.586     0.400    -2.040
      1.579     0.396    -2.041
      1.572     0.391    -2.041
      1.565     0.387    -2.041
      1.559     0.382    -2.042
      1.552     0.377    -2.042
      1.546     0.373    -2.042
      1.540     0.369    -2.042
      1.534     0.364    -2.043
      1.528     0.360    -2.043
      1.522     0.355    -2.043
