Count of Points:809

WCS coordinates of Points:
      7.500     0.070    -1.013
      7.493     0.072    -1.014
      7.486     0.074    -1.015
      7.478     0.076    -1.016
      7.471     0.077    -1.017
      7.464     0.079    -1.019
      7.457     0.081    -1.020
      7.450     0.083    -1.021
      7.443     0.085    -1.022
      7.436     0.087    -1.023
      7.429     0.089    -1.025
      7.421     0.091    -1.026
      7.414     0.093    -1.027
      7.406     0.095    -1.029
      7.399     0.096    -1.030
      7.392     0.098    -1.031
      7.384     0.100    -1.033
      7.377     0.102    -1.034
      7.370     0.104    -1.035
      7.362     0.106    -1.037
      7.355     0.108    -1.038
      7.348     0.110    -1.040
      7.341     0.112    -1.041
      7.334     0.114    -1.042
      7.328     0.116    -1.044
      7.321     0.118    -1.045
      7.313     0.120    -1.047
      7.306     0.122    -1.048
      7.299     0.124    -1.050
      7.292     0.126    -1.051
      7.284     0.128    -1.053
      7.277     0.130    -1.054
      7.270     0.132    -1.056
      7.263     0.134    -1.057
      7.256     0.136    -1.059
      7.250     0.138    -1.060
      7.243     0.140    -1.062
      7.236     0.142    -1.064
      7.229     0.144    -1.065
      7.222     0.146    -1.067
      7.215     0.148    -1.068
      7.209     0.150    -1.070
      7.202     0.152    -1.071
      7.195     0.154    -1.073
      7.188     0.156    -1.075
      7.182     0.158    -1.076
      7.175     0.160    -1.078
      7.167     0.162    -1.080
      7.160     0.164    -1.081
      7.153     0.166    -1.083
      7.146     0.169    -1.085
      7.139     0.171    -1.087
      7.132     0.173    -1.089
      7.125     0.175    -1.090
      7.118     0.177    -1.092
      7.111     0.179    -1.094
      7.105     0.181    -1.096
      7.098     0.183    -1.097
      7.091     0.185    -1.099
      7.084     0.187    -1.101
      7.078     0.189    -1.103
      7.071     0.191    -1.104
      7.064     0.193    -1.106
      7.058     0.195    -1.108
      7.051     0.197    -1.110
      7.044     0.199    -1.112
      7.038     0.201    -1.113
      7.031     0.203    -1.115
      7.024     0.205    -1.117
      7.017     0.207    -1.119
      7.011     0.209    -1.121
      7.004     0.211    -1.123
      6.997     0.213    -1.125
      6.991     0.215    -1.127
      6.984     0.217    -1.128
      6.978     0.219    -1.130
      6.971     0.221    -1.132
      6.964     0.224    -1.134
      6.957     0.226    -1.136
      6.951     0.228    -1.138
      6.944     0.230    -1.140
      6.937     0.232    -1.142
      6.930     0.234    -1.144
      6.923     0.236    -1.146
      6.916     0.238    -1.148
      6.909     0.240    -1.151
      6.902     0.243    -1.153
      6.895     0.245    -1.155
      6.888     0.247    -1.157
      6.881     0.249    -1.159
      6.875     0.251    -1.161
      6.868     0.253    -1.163
      6.861     0.255    -1.165
      6.854     0.257    -1.167
      6.848     0.259    -1.169
      6.841     0.261    -1.171
      6.834     0.263    -1.173
      6.828     0.265    -1.176
      6.821     0.267    -1.178
      6.815     0.269    -1.180
      6.808     0.271    -1.182
      6.802     0.273    -1.184
      6.795     0.275    -1.186
      6.788     0.277    -1.188
      6.782     0.279    -1.190
      6.775     0.281    -1.192
      6.768     0.283    -1.195
      6.762     0.285    -1.197
      6.755     0.287    -1.199
      6.749     0.289    -1.201
      6.742     0.291    -1.203
      6.735     0.293    -1.205
      6.729     0.295    -1.207
      6.722     0.297    -1.210
      6.715     0.299    -1.212
      6.709     0.301    -1.214
      6.702     0.303    -1.216
      6.695     0.305    -1.218
      6.689     0.306    -1.221
      6.682     0.308    -1.223
      6.675     0.310    -1.225
      6.669     0.312    -1.227
      6.662     0.314    -1.230
      6.655     0.316    -1.232
      6.649     0.318    -1.234
      6.642     0.320    -1.236
      6.636     0.322    -1.238
      6.629     0.324    -1.241
      6.623     0.326    -1.243
      6.616     0.327    -1.245
      6.609     0.329    -1.248
      6.603     0.331    -1.250
      6.596     0.333    -1.252
      6.589     0.335    -1.254
      6.583     0.337    -1.257
      6.576     0.339    -1.259
      6.569     0.341    -1.261
      6.563     0.343    -1.264
      6.556     0.344    -1.266
      6.549     0.346    -1.268
      6.543     0.348    -1.271
      6.535     0.350    -1.273
      6.528     0.352    -1.276
      6.521     0.354    -1.278
      6.513     0.356    -1.281
      6.506     0.358    -1.284
      6.499     0.360    -1.286
      6.492     0.362    -1.289
      6.485     0.364    -1.291
      6.478     0.366    -1.294
      6.471     0.368    -1.296
      6.464     0.370    -1.299
      6.457     0.372    -1.301
      6.450     0.374    -1.303
      6.444     0.375    -1.306
      6.437     0.377    -1.308
      6.430     0.379    -1.310
      6.424     0.381    -1.313
      6.417     0.382    -1.315
      6.410     0.384    -1.318
      6.404     0.386    -1.320
      6.397     0.388    -1.322
      6.391     0.389    -1.325
      6.384     0.391    -1.327
      6.378     0.393    -1.329
      6.371     0.394    -1.332
      6.364     0.396    -1.334
      6.358     0.398    -1.337
      6.351     0.400    -1.339
      6.344     0.401    -1.341
      6.338     0.403    -1.344
      6.331     0.405    -1.346
      6.325     0.406    -1.349
      6.318     0.408    -1.351
      6.312     0.410    -1.353
      6.305     0.411    -1.356
      6.298     0.413    -1.358
      6.292     0.415    -1.361
      6.285     0.416    -1.363
      6.278     0.418    -1.366
      6.272     0.420    -1.368
      6.265     0.421    -1.370
      6.258     0.423    -1.373
      6.252     0.425    -1.375
      6.245     0.426    -1.378
      6.238     0.428    -1.380
      6.232     0.429    -1.383
      6.225     0.431    -1.385
      6.218     0.433    -1.388
      6.212     0.434    -1.390
      6.205     0.436    -1.392
      6.199     0.437    -1.395
      6.192     0.439    -1.397
      6.185     0.441    -1.400
      6.179     0.442    -1.402
      6.172     0.444    -1.405
      6.165     0.445    -1.407
      6.159     0.447    -1.410
      6.152     0.448    -1.412
      6.145     0.450    -1.414
      6.138     0.452    -1.417
      6.132     0.453    -1.419
      6.125     0.455    -1.422
      6.118     0.456    -1.424
      6.112     0.458    -1.427
      6.104     0.459    -1.430
      6.097     0.461    -1.432
      6.090     0.463    -1.435
      6.082     0.464    -1.438
      6.075     0.466    -1.440
      6.068     0.468    -1.443
      6.061     0.469    -1.445
      6.055     0.471    -1.448
      6.048     0.472    -1.450
      6.041     0.474    -1.453
      6.035     0.475    -1.455
      6.028     0.476    -1.458
      6.022     0.478    -1.460
      6.015     0.479    -1.462
      6.008     0.481    -1.465
      6.002     0.482    -1.467
      5.995     0.484    -1.470
      5.988     0.485    -1.472
      5.982     0.487    -1.475
      5.975     0.488    -1.477
      5.968     0.489    -1.480
      5.961     0.491    -1.482
      5.955     0.492    -1.485
      5.948     0.494    -1.487
      5.941     0.495    -1.489
      5.934     0.496    -1.492
      5.928     0.498    -1.494
      5.921     0.499    -1.497
      5.914     0.501    -1.499
      5.906     0.502    -1.502
      5.899     0.504    -1.505
      5.891     0.505    -1.508
      5.884     0.507    -1.510
      5.877     0.508    -1.513
      5.870     0.510    -1.515
      5.864     0.511    -1.518
      5.857     0.512    -1.520
      5.850     0.514    -1.523
      5.844     0.515    -1.525
      5.837     0.516    -1.527
      5.829     0.518    -1.530
      5.822     0.519    -1.533
      5.814     0.521    -1.535
      5.807     0.522    -1.538
      5.800     0.524    -1.541
      5.792     0.525    -1.543
      5.785     0.527    -1.546
      5.777     0.528    -1.549
      5.770     0.529    -1.551
      5.762     0.531    -1.554
      5.755     0.532    -1.557
      5.748     0.534    -1.559
      5.741     0.535    -1.562
      5.733     0.536    -1.565
      5.726     0.538    -1.567
      5.719     0.539    -1.570
      5.712     0.541    -1.572
      5.705     0.542    -1.575
      5.697     0.543    -1.577
      5.690     0.545    -1.580
      5.683     0.546    -1.582
      5.677     0.547    -1.585
      5.670     0.548    -1.587
      5.663     0.550    -1.589
      5.656     0.551    -1.592
      5.650     0.552    -1.594
      5.643     0.553    -1.596
      5.636     0.554    -1.599
      5.629     0.556    -1.601
      5.622     0.557    -1.604
      5.616     0.558    -1.606
      5.609     0.559    -1.608
      5.603     0.560    -1.611
      5.596     0.562    -1.613
      5.589     0.563    -1.615
      5.582     0.564    -1.618
      5.575     0.565    -1.620
      5.569     0.566    -1.622
      5.562     0.568    -1.625
      5.555     0.569    -1.627
      5.549     0.570    -1.629
      5.542     0.571    -1.631
      5.535     0.572    -1.634
      5.528     0.573    -1.636
      5.522     0.574    -1.638
      5.515     0.576    -1.641
      5.508     0.577    -1.643
      5.501     0.578    -1.645
      5.494     0.579    -1.648
      5.487     0.580    -1.650
      5.481     0.581    -1.652
      5.474     0.582    -1.654
      5.467     0.584    -1.657
      5.460     0.585    -1.659
      5.453     0.586    -1.661
      5.447     0.587    -1.664
      5.440     0.588    -1.666
      5.433     0.589    -1.668
      5.426     0.590    -1.670
      5.420     0.591    -1.672
      5.413     0.592    -1.675
      5.406     0.593    -1.677
      5.399     0.594    -1.679
      5.392     0.595    -1.681
      5.385     0.597    -1.684
      5.378     0.598    -1.686
      5.371     0.599    -1.688
      5.365     0.600    -1.690
      5.358     0.601    -1.692
      5.351     0.602    -1.695
      5.344     0.603    -1.697
      5.337     0.604    -1.699
      5.330     0.605    -1.701
      5.323     0.606    -1.704
      5.315     0.607    -1.706
      5.307     0.608    -1.708
      5.300     0.609    -1.711
      5.292     0.611    -1.713
      5.285     0.612    -1.715
      5.279     0.613    -1.718
      5.272     0.614    -1.720
      5.265     0.615    -1.722
      5.258     0.616    -1.724
      5.251     0.617    -1.726
      5.244     0.618    -1.728
      5.238     0.619    -1.730
      5.231     0.619    -1.732
      5.224     0.620    -1.734
      5.217     0.621    -1.736
      5.210     0.622    -1.739
      5.203     0.623    -1.741
      5.196     0.624    -1.743
      5.189     0.625    -1.745
      5.182     0.626    -1.747
      5.175     0.627    -1.749
      5.168     0.628    -1.751
      5.161     0.629    -1.753
      5.155     0.630    -1.755
      5.148     0.631    -1.757
      5.141     0.632    -1.759
      5.134     0.633    -1.761
      5.126     0.634    -1.763
      5.118     0.635    -1.766
      5.111     0.636    -1.768
      5.103     0.637    -1.770
      5.095     0.638    -1.772
      5.088     0.639    -1.774
      5.082     0.640    -1.776
      5.075     0.641    -1.778
      5.068     0.642    -1.780
      5.061     0.643    -1.782
      5.054     0.644    -1.784
      5.047     0.645    -1.786
      5.039     0.646    -1.788
      5.031     0.647    -1.790
      5.024     0.648    -1.793
      5.016     0.649    -1.795
      5.008     0.650    -1.797
      5.001     0.651    -1.799
      4.993     0.651    -1.801
      4.985     0.652    -1.803
      4.978     0.653    -1.805
      4.970     0.654    -1.807
      4.962     0.655    -1.809
      4.955     0.656    -1.811
      4.947     0.657    -1.813
      4.940     0.658    -1.815
      4.933     0.659    -1.817
      4.926     0.660    -1.819
      4.919     0.661    -1.821
      4.912     0.662    -1.823
      4.905     0.663    -1.825
      4.898     0.663    -1.826
      4.891     0.664    -1.828
      4.884     0.665    -1.830
      4.877     0.666    -1.832
      4.870     0.667    -1.833
      4.863     0.668    -1.835
      4.856     0.669    -1.837
      4.849     0.669    -1.839
      4.842     0.670    -1.840
      4.835     0.671    -1.842
      4.828     0.672    -1.844
      4.821     0.673    -1.846
      4.814     0.674    -1.847
      4.807     0.675    -1.849
      4.800     0.675    -1.851
      4.793     0.676    -1.853
      4.786     0.677    -1.854
      4.779     0.678    -1.856
      4.771     0.679    -1.858
      4.763     0.680    -1.860
      4.755     0.681    -1.862
      4.748     0.682    -1.863
      4.740     0.683    -1.865
      4.733     0.683    -1.867
      4.726     0.684    -1.869
      4.719     0.685    -1.870
      4.712     0.686    -1.872
      4.705     0.687    -1.874
      4.697     0.688    -1.875
      4.690     0.688    -1.877
      4.683     0.689    -1.879
      4.675     0.690    -1.880
      4.667     0.691    -1.882
      4.659     0.692    -1.884
      4.652     0.693    -1.886
      4.644     0.694    -1.887
      4.636     0.695    -1.889
      4.628     0.696    -1.891
      4.620     0.697    -1.892
      4.613     0.698    -1.894
      4.605     0.698    -1.896
      4.597     0.699    -1.897
      4.590     0.700    -1.899
      4.582     0.701    -1.901
      4.575     0.702    -1.902
      4.568     0.703    -1.904
      4.561     0.704    -1.905
      4.554     0.704    -1.907
      4.546     0.705    -1.908
      4.539     0.706    -1.910
      4.532     0.707    -1.911
      4.524     0.708    -1.913
      4.517     0.709    -1.914
      4.509     0.710    -1.916
      4.501     0.710    -1.917
      4.493     0.711    -1.919
      4.485     0.712    -1.921
      4.477     0.713    -1.922
      4.470     0.714    -1.924
      4.462     0.715    -1.925
      4.454     0.716    -1.927
      4.446     0.717    -1.928
      4.439     0.718    -1.930
      4.431     0.718    -1.931
      4.423     0.719    -1.933
      4.415     0.720    -1.934
      4.408     0.721    -1.936
      4.400     0.722    -1.937
      4.392     0.723    -1.939
      4.384     0.724    -1.940
      4.376     0.725    -1.941
      4.369     0.725    -1.943
      4.361     0.726    -1.944
      4.353     0.727    -1.946
      4.345     0.728    -1.947
      4.337     0.729    -1.948
      4.330     0.730    -1.950
      4.322     0.731    -1.951
      4.314     0.732    -1.953
      4.306     0.732    -1.954
      4.298     0.733    -1.955
      4.290     0.734    -1.957
      4.283     0.735    -1.958
      4.275     0.736    -1.959
      4.268     0.737    -1.960
      4.260     0.737    -1.962
      4.253     0.738    -1.963
      4.245     0.739    -1.964
      4.238     0.740    -1.965
      4.231     0.741    -1.967
      4.224     0.741    -1.968
      4.217     0.742    -1.969
      4.210     0.743    -1.970
      4.203     0.744    -1.971
      4.195     0.744    -1.972
      4.188     0.745    -1.973
      4.181     0.746    -1.974
      4.174     0.747    -1.976
      4.167     0.747    -1.977
      4.160     0.748    -1.978
      4.153     0.749    -1.979
      4.146     0.750    -1.980
      4.139     0.750    -1.981
      4.131     0.751    -1.982
      4.124     0.752    -1.983
      4.117     0.753    -1.984
      4.110     0.753    -1.985
      4.103     0.754    -1.986
      4.096     0.755    -1.987
      4.089     0.755    -1.988
      4.082     0.756    -1.989
      4.075     0.757    -1.990
      4.067     0.758    -1.991
      4.060     0.758    -1.992
      4.053     0.759    -1.993
      4.046     0.760    -1.994
      4.039     0.761    -1.995
      4.031     0.761    -1.996
      4.024     0.762    -1.997
      4.017     0.763    -1.998
      4.010     0.763    -1.999
      4.003     0.764    -2.000
      3.996     0.765    -2.001
      3.989     0.766    -2.002
      3.981     0.766    -2.003
      3.974     0.767    -2.004
      3.967     0.768    -2.005
      3.960     0.768    -2.006
      3.953     0.769    -2.006
      3.946     0.770    -2.007
      3.938     0.770    -2.008
      3.931     0.771    -2.009
      3.924     0.772    -2.010
      3.917     0.772    -2.011
      3.910     0.773    -2.012
      3.902     0.774    -2.013
      3.895     0.774    -2.013
      3.888     0.775    -2.014
      3.881     0.776    -2.015
      3.873     0.776    -2.016
      3.865     0.777    -2.017
      3.858     0.778    -2.018
      3.850     0.778    -2.019
      3.842     0.779    -2.020
      3.834     0.780    -2.020
      3.826     0.781    -2.021
      3.819     0.781    -2.022
      3.812     0.782    -2.023
      3.805     0.782    -2.024
      3.798     0.783    -2.024
      3.791     0.784    -2.025
      3.783     0.784    -2.026
      3.776     0.785    -2.027
      3.769     0.785    -2.027
      3.762     0.786    -2.028
      3.755     0.787    -2.029
      3.748     0.787    -2.030
      3.740     0.788    -2.030
      3.733     0.788    -2.031
      3.726     0.789    -2.032
      3.719     0.789    -2.032
      3.711     0.790    -2.033
      3.704     0.791    -2.034
      3.697     0.791    -2.035
      3.690     0.792    -2.035
      3.682     0.792    -2.036
      3.675     0.793    -2.037
      3.668     0.793    -2.037
      3.660     0.794    -2.038
      3.652     0.795    -2.039
      3.644     0.795    -2.039
      3.636     0.796    -2.040
      3.628     0.796    -2.041
      3.621     0.797    -2.041
      3.614     0.797    -2.042
      3.606     0.798    -2.043
      3.599     0.798    -2.043
      3.592     0.799    -2.044
      3.584     0.799    -2.045
      3.577     0.800    -2.045
      3.569     0.800    -2.046
      3.561     0.801    -2.046
      3.553     0.801    -2.047
      3.545     0.802    -2.048
      3.537     0.802    -2.048
      3.529     0.803    -2.049
      3.521     0.803    -2.050
      3.513     0.804    -2.050
      3.505     0.804    -2.051
      3.497     0.805    -2.051
      3.489     0.805    -2.052
      3.482     0.806    -2.053
      3.474     0.806    -2.053
      3.466     0.806    -2.054
      3.459     0.807    -2.054
      3.451     0.807    -2.055
      3.444     0.808    -2.055
      3.437     0.808    -2.056
      3.430     0.808    -2.056
      3.423     0.809    -2.057
      3.415     0.809    -2.057
      3.408     0.809    -2.058
      3.401     0.810    -2.058
      3.394     0.810    -2.059
      3.387     0.810    -2.059
      3.379     0.811    -2.060
      3.372     0.811    -2.060
      3.365     0.811    -2.061
      3.357     0.811    -2.061
      3.350     0.812    -2.062
      3.343     0.812    -2.062
      3.336     0.812    -2.063
      3.328     0.812    -2.063
      3.321     0.813    -2.064
      3.314     0.813    -2.064
      3.307     0.813    -2.064
      3.299     0.813    -2.065
      3.291     0.814    -2.065
      3.283     0.814    -2.066
      3.275     0.814    -2.066
      3.267     0.814    -2.067
      3.259     0.814    -2.067
      3.252     0.815    -2.068
      3.245     0.815    -2.068
      3.237     0.815    -2.068
      3.230     0.815    -2.069
      3.223     0.815    -2.069
      3.215     0.815    -2.070
      3.208     0.815    -2.070
      3.200     0.816    -2.071
      3.192     0.816    -2.071
      3.184     0.816    -2.071
      3.176     0.816    -2.072
      3.168     0.816    -2.072
      3.160     0.816    -2.073
      3.152     0.816    -2.073
      3.144     0.816    -2.074
      3.136     0.816    -2.074
      3.128     0.816    -2.074
      3.120     0.816    -2.075
      3.112     0.816    -2.075
      3.104     0.816    -2.075
      3.097     0.816    -2.076
      3.089     0.816    -2.076
      3.082     0.816    -2.077
      3.075     0.816    -2.077
      3.067     0.816    -2.077
      3.060     0.816    -2.078
      3.053     0.816    -2.078
      3.045     0.815    -2.078
      3.037     0.815    -2.079
      3.029     0.815    -2.079
      3.021     0.815    -2.079
      3.013     0.815    -2.080
      3.005     0.815    -2.080
      2.997     0.814    -2.080
      2.989     0.814    -2.081
      2.981     0.814    -2.081
      2.973     0.814    -2.082
      2.965     0.814    -2.082
      2.957     0.813    -2.082
      2.950     0.813    -2.083
      2.942     0.813    -2.083
      2.934     0.812    -2.083
      2.926     0.812    -2.084
      2.918     0.812    -2.084
      2.910     0.811    -2.084
      2.902     0.811    -2.085
      2.894     0.811    -2.085
      2.886     0.810    -2.085
      2.878     0.810    -2.085
      2.870     0.809    -2.086
      2.862     0.809    -2.086
      2.854     0.809    -2.086
      2.846     0.808    -2.087
      2.838     0.808    -2.087
      2.830     0.807    -2.087
      2.822     0.807    -2.088
      2.814     0.806    -2.088
      2.806     0.805    -2.088
      2.799     0.805    -2.088
      2.792     0.804    -2.089
      2.784     0.804    -2.089
      2.777     0.803    -2.089
      2.770     0.803    -2.090
      2.763     0.802    -2.090
      2.756     0.802    -2.090
      2.748     0.801    -2.090
      2.741     0.800    -2.091
      2.734     0.800    -2.091
      2.727     0.799    -2.091
      2.719     0.798    -2.091
      2.712     0.798    -2.092
      2.705     0.797    -2.092
      2.698     0.796    -2.092
      2.690     0.796    -2.092
      2.683     0.795    -2.093
      2.676     0.794    -2.093
      2.669     0.793    -2.093
      2.661     0.792    -2.093
      2.654     0.792    -2.093
      2.647     0.791    -2.094
      2.640     0.790    -2.094
      2.632     0.789    -2.094
      2.624     0.788    -2.094
      2.616     0.787    -2.095
      2.608     0.786    -2.095
      2.600     0.785    -2.095
      2.593     0.784    -2.095
      2.585     0.783    -2.096
      2.578     0.782    -2.096
      2.571     0.781    -2.096
      2.564     0.780    -2.096
      2.557     0.779    -2.096
      2.549     0.778    -2.097
      2.541     0.777    -2.097
      2.533     0.776    -2.097
      2.525     0.775    -2.097
      2.518     0.773    -2.098
      2.510     0.772    -2.098
      2.502     0.771    -2.098
      2.494     0.770    -2.098
      2.486     0.768    -2.098
      2.478     0.767    -2.099
      2.470     0.766    -2.099
      2.462     0.764    -2.099
      2.454     0.763    -2.099
      2.447     0.762    -2.099
      2.439     0.760    -2.100
      2.432     0.759    -2.100
      2.425     0.758    -2.100
      2.417     0.756    -2.100
      2.410     0.755    -2.100
      2.403     0.754    -2.101
      2.396     0.752    -2.101
      2.389     0.751    -2.101
      2.381     0.749    -2.101
      2.373     0.748    -2.101
      2.365     0.746    -2.102
      2.357     0.744    -2.102
      2.349     0.743    -2.102
      2.342     0.741    -2.102
      2.334     0.739    -2.102
      2.326     0.737    -2.103
      2.318     0.736    -2.103
      2.310     0.734    -2.103
      2.303     0.732    -2.103
      2.295     0.730    -2.103
      2.287     0.728    -2.104
      2.280     0.727    -2.104
      2.272     0.725    -2.104
      2.264     0.723    -2.104
      2.256     0.721    -2.104
      2.248     0.719    -2.105
      2.241     0.717    -2.105
      2.233     0.715    -2.105
      2.225     0.713    -2.105
      2.218     0.711    -2.105
      2.210     0.709    -2.106
      2.202     0.707    -2.106
      2.195     0.705    -2.106
      2.187     0.703    -2.106
      2.179     0.700    -2.106
      2.171     0.698    -2.107
      2.164     0.696    -2.107
      2.156     0.694    -2.107
      2.149     0.692    -2.107
      2.142     0.690    -2.107
      2.135     0.687    -2.108
      2.128     0.685    -2.108
      2.121     0.683    -2.108
      2.114     0.681    -2.108
      2.107     0.679    -2.108
      2.099     0.676    -2.109
      2.092     0.674    -2.109
      2.084     0.671    -2.109
      2.077     0.669    -2.109
      2.069     0.666    -2.110
      2.061     0.664    -2.110
      2.054     0.661    -2.110
      2.046     0.659    -2.110
      2.039     0.656    -2.111
      2.031     0.653    -2.111
      2.024     0.651    -2.111
      2.016     0.648    -2.111
      2.009     0.645    -2.112
      2.001     0.643    -2.112
      1.994     0.640    -2.112
      1.986     0.637    -2.112
      1.979     0.634    -2.113
      1.971     0.631    -2.113
      1.964     0.628    -2.113
      1.957     0.626    -2.113
      1.949     0.623    -2.114
      1.942     0.620    -2.114
      1.935     0.617    -2.114
      1.927     0.614    -2.115
      1.920     0.611    -2.115
      1.912     0.607    -2.115
      1.905     0.604    -2.115
      1.897     0.601    -2.116
      1.890     0.598    -2.116
      1.883     0.595    -2.116
      1.875     0.591    -2.117
      1.868     0.588    -2.117
      1.861     0.585    -2.117
      1.853     0.582    -2.118
      1.846     0.578    -2.118
      1.839     0.575    -2.118
      1.832     0.571    -2.118
      1.825     0.568    -2.119
      1.818     0.565    -2.119
      1.811     0.561    -2.119
      1.803     0.558    -2.120
      1.796     0.554    -2.120
      1.789     0.550    -2.120
      1.782     0.547    -2.121
      1.775     0.543    -2.121
      1.768     0.539    -2.121
      1.760     0.536    -2.122
      1.753     0.532    -2.122
      1.746     0.528    -2.122
      1.739     0.524    -2.123
      1.732     0.520    -2.123
      1.725     0.516    -2.124
      1.718     0.512    -2.124
      1.712     0.509    -2.124
      1.705     0.505    -2.125
      1.699     0.501    -2.125
      1.693     0.498    -2.125
      1.686     0.494    -2.126
      1.680     0.490    -2.126
