Count of Points:874

WCS coordinates of Points:
      1.181     0.000    -0.637
      1.187     0.004    -0.637
      1.194     0.007    -0.637
      1.200     0.011    -0.637
      1.206     0.014    -0.637
      1.212     0.018    -0.637
      1.218     0.021    -0.637
      1.225     0.025    -0.637
      1.231     0.028    -0.637
      1.237     0.032    -0.637
      1.243     0.035    -0.637
      1.249     0.039    -0.637
      1.256     0.042    -0.637
      1.262     0.046    -0.637
      1.268     0.049    -0.637
      1.275     0.053    -0.637
      1.281     0.056    -0.637
      1.287     0.060    -0.637
      1.294     0.063    -0.637
      1.300     0.066    -0.637
      1.306     0.070    -0.637
      1.313     0.073    -0.637
      1.319     0.076    -0.637
      1.326     0.080    -0.637
      1.333     0.083    -0.637
      1.340     0.087    -0.637
      1.347     0.091    -0.637
      1.354     0.094    -0.637
      1.361     0.098    -0.637
      1.367     0.101    -0.637
      1.374     0.104    -0.637
      1.380     0.107    -0.637
      1.387     0.111    -0.637
      1.393     0.114    -0.637
      1.400     0.117    -0.637
      1.406     0.120    -0.637
      1.413     0.124    -0.637
      1.420     0.127    -0.637
      1.428     0.130    -0.637
      1.435     0.134    -0.637
      1.442     0.137    -0.637
      1.449     0.141    -0.637
      1.456     0.144    -0.637
      1.463     0.147    -0.637
      1.471     0.151    -0.637
      1.478     0.154    -0.637
      1.485     0.157    -0.637
      1.492     0.160    -0.637
      1.499     0.164    -0.637
      1.506     0.167    -0.637
      1.513     0.170    -0.637
      1.519     0.173    -0.637
      1.526     0.175    -0.637
      1.533     0.178    -0.637
      1.539     0.181    -0.637
      1.546     0.184    -0.637
      1.552     0.187    -0.637
      1.560     0.190    -0.637
      1.567     0.193    -0.637
      1.574     0.196    -0.637
      1.582     0.199    -0.637
      1.589     0.202    -0.637
      1.596     0.205    -0.637
      1.604     0.208    -0.637
      1.611     0.211    -0.637
      1.618     0.214    -0.637
      1.626     0.217    -0.637
      1.633     0.220    -0.637
      1.640     0.223    -0.637
      1.647     0.226    -0.637
      1.655     0.228    -0.637
      1.662     0.231    -0.637
      1.669     0.234    -0.637
      1.677     0.237    -0.637
      1.684     0.240    -0.637
      1.692     0.243    -0.637
      1.699     0.245    -0.637
      1.706     0.248    -0.637
      1.714     0.251    -0.637
      1.721     0.253    -0.637
      1.728     0.256    -0.637
      1.736     0.259    -0.637
      1.743     0.261    -0.637
      1.751     0.264    -0.637
      1.758     0.266    -0.637
      1.766     0.269    -0.637
      1.773     0.272    -0.637
      1.780     0.274    -0.637
      1.787     0.276    -0.637
      1.794     0.279    -0.637
      1.801     0.281    -0.637
      1.808     0.283    -0.637
      1.814     0.285    -0.637
      1.821     0.288    -0.637
      1.829     0.290    -0.637
      1.836     0.292    -0.637
      1.844     0.295    -0.637
      1.851     0.297    -0.637
      1.859     0.299    -0.637
      1.867     0.302    -0.637
      1.874     0.304    -0.637
      1.882     0.306    -0.637
      1.889     0.309    -0.637
      1.897     0.311    -0.637
      1.904     0.313    -0.637
      1.912     0.315    -0.637
      1.919     0.317    -0.637
      1.927     0.319    -0.637
      1.935     0.322    -0.637
      1.942     0.324    -0.637
      1.950     0.326    -0.637
      1.957     0.328    -0.637
      1.965     0.330    -0.637
      1.973     0.332    -0.637
      1.980     0.334    -0.637
      1.988     0.336    -0.637
      1.995     0.338    -0.637
      2.003     0.340    -0.637
      2.011     0.342    -0.637
      2.018     0.344    -0.637
      2.026     0.346    -0.637
      2.034     0.347    -0.637
      2.042     0.349    -0.637
      2.049     0.351    -0.637
      2.057     0.353    -0.637
      2.065     0.355    -0.637
      2.072     0.357    -0.637
      2.080     0.358    -0.637
      2.088     0.360    -0.637
      2.095     0.362    -0.637
      2.103     0.363    -0.637
      2.111     0.365    -0.637
      2.118     0.367    -0.637
      2.126     0.368    -0.637
      2.134     0.370    -0.637
      2.142     0.371    -0.637
      2.149     0.373    -0.637
      2.157     0.374    -0.637
      2.165     0.376    -0.637
      2.173     0.377    -0.637
      2.181     0.379    -0.637
      2.188     0.380    -0.637
      2.196     0.382    -0.637
      2.204     0.383    -0.637
      2.212     0.384    -0.637
      2.220     0.386    -0.637
      2.228     0.387    -0.637
      2.235     0.388    -0.637
      2.242     0.389    -0.637
      2.249     0.391    -0.637
      2.256     0.392    -0.637
      2.264     0.393    -0.637
      2.271     0.394    -0.637
      2.278     0.395    -0.637
      2.285     0.396    -0.637
      2.292     0.397    -0.637
      2.299     0.398    -0.637
      2.306     0.399    -0.637
      2.313     0.400    -0.637
      2.321     0.401    -0.637
      2.328     0.402    -0.637
      2.336     0.403    -0.637
      2.344     0.404    -0.637
      2.352     0.405    -0.637
      2.360     0.406    -0.637
      2.368     0.407    -0.637
      2.376     0.408    -0.637
      2.384     0.409    -0.637
      2.391     0.409    -0.637
      2.399     0.410    -0.637
      2.407     0.411    -0.637
      2.415     0.412    -0.637
      2.423     0.413    -0.637
      2.430     0.413    -0.637
      2.438     0.414    -0.637
      2.446     0.415    -0.637
      2.454     0.415    -0.637
      2.462     0.416    -0.637
      2.470     0.417    -0.637
      2.478     0.417    -0.637
      2.485     0.418    -0.637
      2.493     0.418    -0.637
      2.501     0.419    -0.637
      2.509     0.419    -0.637
      2.517     0.420    -0.637
      2.525     0.420    -0.637
      2.533     0.420    -0.637
      2.541     0.421    -0.637
      2.549     0.421    -0.637
      2.556     0.422    -0.637
      2.564     0.422    -0.637
      2.572     0.422    -0.637
      2.580     0.423    -0.637
      2.588     0.423    -0.637
      2.596     0.423    -0.637
      2.604     0.423    -0.637
      2.612     0.423    -0.637
      2.619     0.424    -0.637
      2.627     0.424    -0.637
      2.635     0.424    -0.637
      2.643     0.424    -0.637
      2.651     0.424    -0.637
      2.659     0.424    -0.637
      2.667     0.424    -0.637
      2.675     0.424    -0.637
      2.683     0.424    -0.637
      2.691     0.424    -0.637
      2.699     0.424    -0.637
      2.707     0.424    -0.637
      2.715     0.424    -0.637
      2.722     0.424    -0.637
      2.730     0.423    -0.637
      2.738     0.423    -0.637
      2.746     0.423    -0.637
      2.753     0.423    -0.637
      2.760     0.422    -0.637
      2.767     0.422    -0.637
      2.775     0.422    -0.637
      2.782     0.422    -0.637
      2.790     0.421    -0.637
      2.798     0.421    -0.637
      2.806     0.421    -0.637
      2.814     0.420    -0.637
      2.822     0.420    -0.637
      2.829     0.419    -0.637
      2.837     0.419    -0.637
      2.845     0.418    -0.637
      2.853     0.418    -0.637
      2.861     0.417    -0.637
      2.868     0.417    -0.637
      2.876     0.416    -0.637
      2.884     0.415    -0.637
      2.892     0.415    -0.637
      2.900     0.414    -0.637
      2.908     0.414    -0.637
      2.916     0.413    -0.637
      2.924     0.412    -0.637
      2.932     0.411    -0.637
      2.940     0.411    -0.637
      2.948     0.410    -0.637
      2.956     0.409    -0.637
      2.963     0.408    -0.637
      2.971     0.407    -0.637
      2.978     0.407    -0.637
      2.985     0.406    -0.637
      2.992     0.405    -0.637
      3.000     0.404    -0.637
      3.007     0.403    -0.637
      3.015     0.402    -0.637
      3.023     0.401    -0.637
      3.031     0.400    -0.637
      3.038     0.399    -0.637
      3.046     0.398    -0.637
      3.054     0.397    -0.637
      3.062     0.396    -0.637
      3.069     0.395    -0.637
      3.076     0.394    -0.637
      3.084     0.393    -0.637
      3.091     0.392    -0.637
      3.098     0.390    -0.637
      3.105     0.389    -0.637
      3.112     0.388    -0.637
      3.120     0.387    -0.637
      3.127     0.386    -0.637
      3.134     0.385    -0.637
      3.141     0.383    -0.637
      3.148     0.382    -0.637
      3.155     0.381    -0.637
      3.162     0.380    -0.637
      3.169     0.379    -0.637
      3.175     0.377    -0.637
      3.182     0.376    -0.637
      3.189     0.375    -0.637
      3.196     0.374    -0.637
      3.203     0.372    -0.637
      3.210     0.371    -0.637
      3.218     0.369    -0.637
      3.225     0.368    -0.637
      3.232     0.367    -0.637
      3.239     0.365    -0.637
      3.247     0.364    -0.637
      3.255     0.362    -0.637
      3.263     0.360    -0.637
      3.270     0.359    -0.637
      3.278     0.357    -0.637
      3.286     0.355    -0.637
      3.294     0.354    -0.637
      3.301     0.352    -0.637
      3.309     0.350    -0.637
      3.317     0.348    -0.637
      3.324     0.347    -0.637
      3.332     0.345    -0.637
      3.339     0.343    -0.637
      3.347     0.341    -0.637
      3.355     0.339    -0.637
      3.362     0.338    -0.637
      3.370     0.336    -0.637
      3.378     0.334    -0.637
      3.385     0.332    -0.636
      3.393     0.330    -0.636
      3.400     0.328    -0.636
      3.408     0.326    -0.636
      3.416     0.324    -0.636
      3.423     0.322    -0.636
      3.431     0.320    -0.636
      3.439     0.318    -0.636
      3.446     0.316    -0.636
      3.454     0.314    -0.636
      3.462     0.312    -0.636
      3.469     0.310    -0.636
      3.477     0.308    -0.636
      3.485     0.306    -0.636
      3.492     0.303    -0.636
      3.500     0.301    -0.636
      3.507     0.299    -0.636
      3.515     0.297    -0.636
      3.522     0.295    -0.636
      3.530     0.293    -0.636
      3.537     0.290    -0.636
      3.545     0.288    -0.636
      3.553     0.286    -0.636
      3.560     0.283    -0.636
      3.568     0.281    -0.636
      3.575     0.279    -0.636
      3.583     0.277    -0.636
      3.591     0.274    -0.636
      3.598     0.272    -0.636
      3.606     0.269    -0.636
      3.613     0.267    -0.636
      3.621     0.265    -0.636
      3.628     0.262    -0.636
      3.636     0.260    -0.636
      3.643     0.257    -0.636
      3.650     0.255    -0.636
      3.657     0.253    -0.636
      3.664     0.251    -0.636
      3.671     0.248    -0.636
      3.678     0.246    -0.636
      3.685     0.243    -0.635
      3.693     0.241    -0.635
      3.700     0.238    -0.635
      3.708     0.236    -0.635
      3.715     0.233    -0.635
      3.722     0.231    -0.635
      3.730     0.228    -0.635
      3.737     0.226    -0.635
      3.744     0.223    -0.635
      3.752     0.220    -0.635
      3.759     0.218    -0.635
      3.767     0.215    -0.635
      3.774     0.212    -0.635
      3.782     0.210    -0.635
      3.789     0.207    -0.635
      3.797     0.204    -0.635
      3.804     0.201    -0.635
      3.812     0.199    -0.635
      3.819     0.196    -0.635
      3.827     0.193    -0.635
      3.834     0.190    -0.635
      3.842     0.187    -0.635
      3.849     0.185    -0.635
      3.856     0.182    -0.634
      3.863     0.179    -0.634
      3.869     0.177    -0.634
      3.876     0.174    -0.634
      3.883     0.172    -0.634
      3.890     0.169    -0.634
      3.897     0.166    -0.634
      3.905     0.163    -0.634
      3.912     0.160    -0.634
      3.919     0.157    -0.634
      3.927     0.154    -0.634
      3.934     0.152    -0.634
      3.942     0.149    -0.634
      3.948     0.146    -0.634
      3.955     0.143    -0.634
      3.962     0.140    -0.634
      3.969     0.138    -0.634
      3.975     0.135    -0.634
      3.982     0.132    -0.633
      3.989     0.129    -0.633
      3.996     0.127    -0.633
      4.002     0.124    -0.633
      4.009     0.121    -0.633
      4.016     0.118    -0.633
      4.023     0.115    -0.633
      4.029     0.113    -0.633
      4.035     0.110    -0.633
      4.042     0.108    -0.633
      4.048     0.105    -0.633
      4.054     0.102    -0.633
      4.062     0.099    -0.633
      4.069     0.096    -0.633
      4.076     0.093    -0.633
      4.083     0.090    -0.632
      4.091     0.087    -0.632
      4.098     0.084    -0.632
      4.105     0.080    -0.632
      4.112     0.077    -0.632
      4.119     0.074    -0.632
      4.127     0.071    -0.632
      4.134     0.068    -0.632
      4.141     0.065    -0.632
      4.148     0.061    -0.632
      4.156     0.058    -0.632
      4.163     0.055    -0.632
      4.170     0.052    -0.631
      4.177     0.049    -0.631
      4.185     0.045    -0.631
      4.192     0.042    -0.631
      4.199     0.039    -0.631
      4.206     0.036    -0.631
      4.213     0.032    -0.631
      4.221     0.029    -0.631
      4.227     0.026    -0.631
      4.234     0.023    -0.631
      4.241     0.020    -0.631
      4.247     0.017    -0.630
      4.254     0.014    -0.630
      4.260     0.011    -0.630
      4.268     0.008    -0.630
      4.275     0.004    -0.630
      4.282     0.001    -0.630
      4.289    -0.002    -0.630
      4.296    -0.006    -0.630
      4.304    -0.009    -0.630
      4.311    -0.012    -0.629
      4.317    -0.016    -0.629
      4.324    -0.019    -0.629
      4.330    -0.022    -0.629
      4.337    -0.025    -0.629
      4.344    -0.028    -0.629
      4.350    -0.031    -0.629
      4.357    -0.034    -0.629
      4.363    -0.037    -0.629
      4.370    -0.040    -0.628
      4.377    -0.043    -0.628
      4.383    -0.047    -0.628
      4.390    -0.050    -0.628
      4.396    -0.053    -0.628
      4.402    -0.056    -0.628
      4.408    -0.059    -0.628
      4.415    -0.062    -0.628
      4.421    -0.065    -0.628
      4.428    -0.068    -0.627
      4.435    -0.071    -0.627
      4.442    -0.075    -0.627
      4.449    -0.078    -0.627
      4.457    -0.082    -0.627
      4.464    -0.085    -0.627
      4.471    -0.089    -0.627
      4.477    -0.092    -0.626
      4.484    -0.095    -0.626
      4.491    -0.098    -0.626
      4.497    -0.101    -0.626
      4.504    -0.105    -0.626
      4.510    -0.108    -0.626
      4.517    -0.111    -0.626
      4.523    -0.114    -0.625
      4.530    -0.117    -0.625
      4.536    -0.121    -0.625
      4.543    -0.124    -0.625
      4.549    -0.127    -0.625
      4.555    -0.130    -0.625
      4.562    -0.133    -0.625
      4.568    -0.136    -0.624
      4.574    -0.139    -0.624
      4.580    -0.142    -0.624
      4.587    -0.146    -0.624
      4.593    -0.149    -0.624
      4.600    -0.152    -0.624
      4.606    -0.155    -0.623
      4.613    -0.158    -0.623
      4.619    -0.162    -0.623
      4.625    -0.165    -0.623
      4.631    -0.168    -0.623
      4.638    -0.171    -0.623
      4.644    -0.174    -0.622
      4.650    -0.177    -0.622
      4.657    -0.180    -0.622
      4.664    -0.184    -0.622
      4.670    -0.187    -0.622
      4.677    -0.191    -0.622
      4.684    -0.194    -0.621
      4.691    -0.198    -0.621
      4.698    -0.201    -0.621
      4.705    -0.205    -0.621
      4.711    -0.208    -0.620
      4.717    -0.211    -0.620
      4.724    -0.214    -0.620
      4.730    -0.217    -0.620
      4.737    -0.221    -0.620
      4.743    -0.224    -0.619
      4.750    -0.227    -0.619
      4.757    -0.231    -0.619
      4.764    -0.234    -0.619
      4.771    -0.238    -0.619
      4.778    -0.241    -0.618
      4.785    -0.245    -0.618
      4.792    -0.249    -0.618
      4.799    -0.252    -0.618
      4.806    -0.256    -0.617
      4.813    -0.259    -0.617
      4.820    -0.263    -0.617
      4.827    -0.266    -0.617
      4.834    -0.270    -0.616
      4.841    -0.273    -0.616
      4.848    -0.277    -0.616
      4.855    -0.281    -0.616
      4.862    -0.284    -0.615
      4.869    -0.288    -0.615
      4.876    -0.291    -0.615
      4.883    -0.295    -0.614
      4.890    -0.298    -0.614
      4.897    -0.302    -0.614
      4.904    -0.305    -0.614
      4.911    -0.309    -0.613
      4.918    -0.313    -0.613
      4.925    -0.316    -0.613
      4.932    -0.320    -0.612
      4.939    -0.323    -0.612
      4.947    -0.327    -0.612
      4.954    -0.331    -0.612
      4.961    -0.334    -0.611
      4.968    -0.338    -0.611
      4.975    -0.341    -0.611
      4.982    -0.345    -0.610
      4.989    -0.349    -0.610
      4.996    -0.352    -0.610
      5.003    -0.356    -0.609
      5.010    -0.359    -0.609
      5.017    -0.363    -0.609
      5.024    -0.366    -0.608
      5.031    -0.370    -0.608
      5.038    -0.373    -0.608
      5.045    -0.377    -0.607
      5.052    -0.381    -0.607
      5.059    -0.384    -0.607
      5.066    -0.388    -0.606
      5.073    -0.391    -0.606
      5.080    -0.395    -0.605
      5.087    -0.398    -0.605
      5.095    -0.402    -0.605
      5.102    -0.406    -0.604
      5.109    -0.409    -0.604
      5.116    -0.413    -0.604
      5.123    -0.416    -0.603
      5.129    -0.420    -0.603
      5.136    -0.423    -0.602
      5.142    -0.426    -0.602
      5.149    -0.429    -0.602
      5.155    -0.433    -0.601
      5.162    -0.436    -0.601
      5.169    -0.440    -0.601
      5.176    -0.443    -0.600
      5.183    -0.447    -0.600
      5.190    -0.450    -0.599
      5.197    -0.454    -0.599
      5.204    -0.457    -0.599
      5.211    -0.461    -0.598
      5.218    -0.464    -0.598
      5.225    -0.468    -0.597
      5.232    -0.471    -0.597
      5.239    -0.475    -0.596
      5.246    -0.478    -0.596
      5.253    -0.482    -0.595
      5.260    -0.485    -0.595
      5.268    -0.489    -0.595
      5.275    -0.492    -0.594
      5.282    -0.496    -0.594
      5.289    -0.500    -0.593
      5.296    -0.503    -0.593
      5.303    -0.507    -0.592
      5.310    -0.510    -0.592
      5.317    -0.514    -0.591
      5.324    -0.517    -0.591
      5.331    -0.520    -0.590
      5.337    -0.524    -0.590
      5.344    -0.527    -0.589
      5.350    -0.530    -0.589
      5.357    -0.533    -0.588
      5.363    -0.537    -0.588
      5.370    -0.540    -0.587
      5.378    -0.544    -0.587
      5.385    -0.547    -0.586
      5.392    -0.551    -0.586
      5.399    -0.554    -0.585
      5.406    -0.558    -0.585
      5.413    -0.561    -0.584
      5.420    -0.564    -0.584
      5.426    -0.567    -0.583
      5.433    -0.571    -0.583
      5.439    -0.574    -0.582
      5.446    -0.577    -0.582
      5.452    -0.580    -0.581
      5.459    -0.583    -0.581
      5.465    -0.587    -0.580
      5.472    -0.590    -0.580
      5.478    -0.593    -0.579
      5.485    -0.596    -0.579
      5.492    -0.599    -0.578
      5.498    -0.602    -0.578
      5.504    -0.605    -0.577
      5.510    -0.608    -0.577
      5.516    -0.611    -0.576
      5.522    -0.614    -0.575
      5.529    -0.617    -0.575
      5.537    -0.621    -0.574
      5.544    -0.624    -0.574
      5.551    -0.628    -0.573
      5.558    -0.631    -0.572
      5.565    -0.635    -0.572
      5.572    -0.638    -0.571
      5.579    -0.641    -0.571
      5.586    -0.645    -0.570
      5.593    -0.648    -0.569
      5.600    -0.651    -0.569
      5.607    -0.655    -0.568
      5.615    -0.658    -0.568
      5.622    -0.662    -0.567
      5.629    -0.665    -0.566
      5.636    -0.668    -0.566
      5.643    -0.672    -0.565
      5.650    -0.675    -0.564
      5.657    -0.678    -0.564
      5.665    -0.682    -0.563
      5.672    -0.685    -0.562
      5.679    -0.689    -0.562
      5.686    -0.692    -0.561
      5.693    -0.695    -0.560
      5.699    -0.698    -0.560
      5.706    -0.701    -0.559
      5.712    -0.704    -0.558
      5.719    -0.707    -0.558
      5.726    -0.710    -0.557
      5.733    -0.714    -0.556
      5.740    -0.717    -0.556
      5.747    -0.720    -0.555
      5.754    -0.724    -0.554
      5.761    -0.727    -0.553
      5.769    -0.730    -0.553
      5.776    -0.734    -0.552
      5.782    -0.737    -0.551
      5.789    -0.740    -0.551
      5.796    -0.743    -0.550
      5.802    -0.746    -0.549
      5.809    -0.749    -0.549
      5.815    -0.752    -0.548
      5.822    -0.755    -0.547
      5.828    -0.758    -0.546
      5.835    -0.761    -0.546
      5.842    -0.764    -0.545
      5.848    -0.767    -0.544
      5.855    -0.770    -0.544
      5.861    -0.773    -0.543
      5.867    -0.776    -0.542
      5.873    -0.778    -0.542
      5.880    -0.781    -0.541
      5.886    -0.784    -0.540
      5.893    -0.787    -0.539
      5.900    -0.791    -0.539
      5.908    -0.794    -0.538
      5.915    -0.797    -0.537
      5.922    -0.800    -0.536
      5.929    -0.803    -0.535
      5.936    -0.807    -0.535
      5.943    -0.810    -0.534
      5.950    -0.813    -0.533
      5.956    -0.816    -0.532
      5.963    -0.819    -0.532
      5.969    -0.821    -0.531
      5.976    -0.824    -0.530
      5.983    -0.827    -0.529
      5.989    -0.830    -0.528
      5.996    -0.833    -0.528
      6.003    -0.836    -0.527
      6.009    -0.839    -0.526
      6.016    -0.842    -0.525
      6.022    -0.845    -0.525
      6.028    -0.848    -0.524
      6.035    -0.850    -0.523
      6.041    -0.853    -0.522
      6.047    -0.856    -0.522
      6.054    -0.859    -0.521
      6.060    -0.862    -0.520
      6.067    -0.864    -0.519
      6.074    -0.867    -0.518
      6.080    -0.870    -0.518
      6.087    -0.873    -0.517
      6.093    -0.876    -0.516
      6.099    -0.878    -0.515
      6.106    -0.881    -0.515
      6.112    -0.884    -0.514
      6.118    -0.887    -0.513
      6.125    -0.890    -0.512
      6.132    -0.893    -0.511
      6.139    -0.896    -0.510
      6.146    -0.899    -0.510
      6.153    -0.902    -0.509
      6.160    -0.905    -0.508
      6.167    -0.908    -0.507
      6.174    -0.911    -0.506
      6.181    -0.914    -0.505
      6.189    -0.917    -0.504
      6.196    -0.920    -0.503
      6.203    -0.923    -0.503
      6.210    -0.926    -0.502
      6.218    -0.929    -0.501
      6.225    -0.932    -0.500
      6.232    -0.935    -0.499
      6.239    -0.938    -0.498
      6.246    -0.941    -0.497
      6.254    -0.944    -0.496
      6.261    -0.947    -0.495
      6.268    -0.950    -0.494
      6.275    -0.953    -0.493
      6.283    -0.956    -0.492
      6.290    -0.959    -0.492
      6.297    -0.962    -0.491
      6.305    -0.965    -0.490
      6.312    -0.968    -0.489
      6.319    -0.971    -0.488
      6.326    -0.974    -0.487
      6.334    -0.977    -0.486
      6.341    -0.980    -0.485
      6.348    -0.982    -0.484
      6.355    -0.985    -0.483
      6.361    -0.988    -0.482
      6.368    -0.990    -0.482
      6.375    -0.993    -0.481
      6.381    -0.996    -0.480
      6.389    -0.999    -0.479
      6.396    -1.002    -0.478
      6.403    -1.005    -0.477
      6.411    -1.007    -0.476
      6.418    -1.010    -0.475
      6.425    -1.013    -0.474
      6.433    -1.016    -0.473
      6.439    -1.019    -0.472
      6.446    -1.021    -0.472
      6.453    -1.024    -0.471
      6.460    -1.027    -0.470
      6.466    -1.029    -0.469
      6.473    -1.032    -0.468
      6.480    -1.034    -0.467
      6.487    -1.037    -0.466
      6.493    -1.040    -0.465
      6.500    -1.042    -0.465
      6.507    -1.045    -0.464
      6.514    -1.047    -0.463
      6.520    -1.050    -0.462
      6.526    -1.052    -0.461
      6.533    -1.055    -0.460
      6.539    -1.057    -0.460
      6.546    -1.059    -0.459
      6.553    -1.062    -0.458
      6.560    -1.065    -0.457
      6.568    -1.068    -0.456
      6.575    -1.070    -0.455
      6.582    -1.073    -0.454
      6.590    -1.076    -0.453
      6.597    -1.079    -0.452
      6.604    -1.081    -0.451
      6.611    -1.084    -0.450
      6.618    -1.086    -0.450
      6.624    -1.088    -0.449
      6.631    -1.091    -0.448
      6.638    -1.093    -0.447
      6.645    -1.096    -0.446
      6.652    -1.098    -0.445
      6.658    -1.101    -0.444
      6.665    -1.103    -0.443
      6.672    -1.106    -0.443
      6.679    -1.108    -0.442
      6.685    -1.110    -0.441
      6.692    -1.113    -0.440
      6.698    -1.115    -0.439
      6.705    -1.117    -0.439
      6.711    -1.119    -0.438
      6.718    -1.122    -0.437
      6.725    -1.124    -0.436
      6.732    -1.126    -0.435
      6.738    -1.129    -0.434
      6.745    -1.131    -0.433
      6.752    -1.133    -0.433
      6.759    -1.136    -0.432
      6.765    -1.138    -0.431
      6.771    -1.140    -0.430
      6.778    -1.142    -0.429
      6.784    -1.144    -0.429
      6.792    -1.147    -0.428
      6.799    -1.149    -0.427
      6.806    -1.152    -0.426
      6.813    -1.154    -0.425
      6.820    -1.156    -0.424
      6.828    -1.159    -0.423
      6.835    -1.161    -0.422
      6.842    -1.163    -0.422
      6.850    -1.166    -0.421
      6.857    -1.168    -0.420
      6.865    -1.171    -0.419
      6.872    -1.173    -0.418
      6.880    -1.176    -0.417
      6.887    -1.178    -0.416
      6.895    -1.180    -0.415
      6.902    -1.182    -0.414
      6.909    -1.185    -0.414
      6.915    -1.187    -0.413
      6.922    -1.189    -0.412
      6.929    -1.191    -0.411
      6.936    -1.193    -0.410
      6.943    -1.195    -0.409
      6.950    -1.197    -0.409
      6.957    -1.200    -0.408
      6.964    -1.202    -0.407
      6.971    -1.204    -0.406
      6.978    -1.206    -0.405
      6.984    -1.208    -0.405
      6.991    -1.210    -0.404
      6.997    -1.212    -0.403
      7.004    -1.214    -0.402
      7.010    -1.215    -0.402
      7.017    -1.217    -0.401
      7.024    -1.219    -0.400
      7.031    -1.221    -0.399
      7.038    -1.223    -0.398
      7.045    -1.225    -0.398
      7.052    -1.227    -0.397
      7.059    -1.229    -0.396
      7.065    -1.231    -0.395
      7.072    -1.233    -0.395
      7.079    -1.235    -0.394
      7.085    -1.237    -0.393
      7.092    -1.239    -0.392
      7.100    -1.241    -0.392
      7.107    -1.243    -0.391
      7.114    -1.245    -0.390
      7.122    -1.247    -0.389
      7.129    -1.249    -0.388
      7.137    -1.250    -0.388
      7.144    -1.252    -0.387
      7.151    -1.254    -0.386
      7.158    -1.256    -0.385
      7.165    -1.258    -0.384
      7.172    -1.260    -0.384
      7.179    -1.261    -0.383
      7.186    -1.263    -0.382
      7.193    -1.265    -0.382
      7.199    -1.267    -0.381
      7.206    -1.268    -0.380
      7.213    -1.270    -0.379
      7.219    -1.272    -0.379
      7.227    -1.273    -0.378
      7.234    -1.275    -0.377
      7.241    -1.277    -0.376
      7.249    -1.279    -0.376
      7.256    -1.281    -0.375
      7.264    -1.282    -0.374
      7.271    -1.284    -0.373
      7.278    -1.286    -0.373
      7.286    -1.287    -0.372
      7.293    -1.289    -0.371
      7.301    -1.291    -0.370
      7.308    -1.293    -0.370
      7.316    -1.294    -0.369
      7.323    -1.296    -0.368
      7.331    -1.298    -0.367
      7.338    -1.299    -0.367
      7.346    -1.301    -0.366
      7.354    -1.303    -0.365
      7.361    -1.304    -0.364
      7.369    -1.306    -0.364
      7.377    -1.308    -0.363
      7.385    -1.309    -0.362
