Count of Points:135

WCS coordinates of Points:
      3.698     1.030    -2.288
      3.690     1.030    -2.290
      3.682     1.030    -2.291
      3.675     1.030    -2.292
      3.667     1.031    -2.293
      3.659     1.031    -2.294
      3.651     1.031    -2.295
      3.643     1.031    -2.296
      3.636     1.031    -2.297
      3.629     1.031    -2.298
      3.622     1.031    -2.299
      3.615     1.031    -2.300
      3.607     1.031    -2.301
      3.600     1.031    -2.302
      3.593     1.032    -2.303
      3.586     1.032    -2.304
      3.579     1.032    -2.305
      3.571     1.032    -2.306
      3.564     1.032    -2.307
      3.557     1.032    -2.308
      3.550     1.032    -2.308
      3.543     1.032    -2.309
      3.537     1.032    -2.310
      3.530     1.032    -2.311
      3.523     1.032    -2.312
      3.516     1.032    -2.313
      3.509     1.032    -2.314
      3.501     1.032    -2.314
      3.494     1.032    -2.315
      3.487     1.032    -2.316
      3.480     1.032    -2.317
      3.473     1.032    -2.318
      3.466     1.032    -2.319
      3.459     1.032    -2.319
      3.453     1.032    -2.320
      3.446     1.032    -2.321
      3.438     1.032    -2.322
      3.431     1.032    -2.323
      3.423     1.032    -2.323
      3.416     1.032    -2.324
      3.408     1.032    -2.325
      3.400     1.032    -2.326
      3.393     1.032    -2.327
      3.385     1.032    -2.328
      3.378     1.032    -2.328
      3.371     1.031    -2.329
      3.364     1.031    -2.330
      3.356     1.031    -2.331
      3.349     1.031    -2.331
      3.342     1.031    -2.332
      3.335     1.031    -2.333
      3.328     1.031    -2.333
      3.322     1.031    -2.334
      3.315     1.031    -2.335
      3.308     1.030    -2.335
      3.300     1.030    -2.336
      3.293     1.030    -2.337
      3.285     1.030    -2.338
      3.278     1.030    -2.338
      3.270     1.030    -2.339
      3.262     1.029    -2.340
      3.255     1.029    -2.341
      3.247     1.029    -2.341
      3.240     1.029    -2.342
      3.232     1.028    -2.343
      3.224     1.028    -2.343
      3.217     1.028    -2.344
      3.209     1.028    -2.345
      3.202     1.027    -2.345
      3.194     1.027    -2.346
      3.186     1.027    -2.347
      3.178     1.027    -2.347
      3.171     1.026    -2.348
      3.163     1.026    -2.349
      3.155     1.026    -2.350
      3.147     1.025    -2.350
      3.139     1.025    -2.351
      3.131     1.025    -2.352
      3.124     1.024    -2.352
      3.117     1.024    -2.353
      3.110     1.024    -2.353
      3.103     1.023    -2.354
      3.095     1.023    -2.355
      3.089     1.022    -2.355
      3.082     1.022    -2.356
      3.075     1.022    -2.356
      3.068     1.021    -2.357
      3.061     1.021    -2.357
      3.054     1.021    -2.358
      3.046     1.020    -2.358
      3.039     1.020    -2.359
      3.031     1.019    -2.360
      3.023     1.019    -2.360
      3.016     1.018    -2.361
      3.008     1.018    -2.361
      3.001     1.017    -2.362
      2.993     1.017    -2.363
      2.985     1.016    -2.363
      2.978     1.016    -2.364
      2.970     1.015    -2.364
      2.963     1.014    -2.365
      2.955     1.014    -2.365
      2.947     1.013    -2.366
      2.940     1.013    -2.366
      2.932     1.012    -2.367
      2.924     1.011    -2.368
      2.916     1.011    -2.368
      2.908     1.010    -2.369
      2.900     1.009    -2.369
      2.892     1.009    -2.370
      2.885     1.008    -2.370
      2.877     1.007    -2.371
      2.869     1.006    -2.371
      2.862     1.006    -2.372
      2.854     1.005    -2.372
      2.847     1.004    -2.373
      2.839     1.003    -2.373
      2.832     1.003    -2.374
      2.824     1.002    -2.374
      2.816     1.001    -2.375
      2.808     1.000    -2.375
      2.800     0.999    -2.376
      2.792     0.998    -2.376
      2.784     0.997    -2.377
      2.776     0.996    -2.377
      2.768     0.996    -2.378
      2.760     0.995    -2.378
      2.752     0.994    -2.379
      2.744     0.993    -2.379
      2.736     0.992    -2.380
      2.729     0.991    -2.380
      2.722     0.990    -2.381
      2.714     0.989    -2.381
      2.707     0.988    -2.382
      2.699     0.987    -2.382
