Count of Points:865

WCS coordinates of Points:
      7.499    -0.117    -0.954
      7.492    -0.115    -0.955
      7.484    -0.113    -0.956
      7.477    -0.111    -0.957
      7.469    -0.110    -0.959
      7.462    -0.108    -0.960
      7.454    -0.106    -0.961
      7.447    -0.104    -0.962
      7.439    -0.102    -0.963
      7.431    -0.100    -0.964
      7.423    -0.098    -0.965
      7.416    -0.096    -0.966
      7.408    -0.094    -0.968
      7.400    -0.092    -0.969
      7.392    -0.090    -0.970
      7.384    -0.088    -0.971
      7.377    -0.086    -0.973
      7.369    -0.083    -0.974
      7.361    -0.081    -0.975
      7.353    -0.079    -0.977
      7.346    -0.077    -0.978
      7.338    -0.075    -0.979
      7.331    -0.073    -0.981
      7.324    -0.071    -0.982
      7.316    -0.069    -0.983
      7.309    -0.067    -0.984
      7.301    -0.065    -0.986
      7.293    -0.063    -0.987
      7.286    -0.061    -0.989
      7.278    -0.058    -0.990
      7.270    -0.056    -0.992
      7.262    -0.054    -0.993
      7.255    -0.052    -0.995
      7.248    -0.050    -0.996
      7.241    -0.048    -0.998
      7.233    -0.046    -0.999
      7.226    -0.044    -1.001
      7.219    -0.042    -1.002
      7.212    -0.040    -1.004
      7.204    -0.037    -1.005
      7.197    -0.035    -1.007
      7.190    -0.033    -1.008
      7.183    -0.031    -1.010
      7.176    -0.029    -1.011
      7.169    -0.027    -1.013
      7.161    -0.025    -1.014
      7.154    -0.023    -1.016
      7.146    -0.020    -1.018
      7.138    -0.018    -1.019
      7.131    -0.016    -1.021
      7.123    -0.014    -1.023
      7.116    -0.011    -1.025
      7.108    -0.009    -1.026
      7.101    -0.007    -1.028
      7.094    -0.005    -1.030
      7.087    -0.003    -1.032
      7.080    -0.000    -1.033
      7.072     0.002    -1.035
      7.065     0.004    -1.037
      7.058     0.006    -1.039
      7.051     0.008    -1.040
      7.044     0.010    -1.042
      7.037     0.013    -1.044
      7.030     0.015    -1.046
      7.023     0.017    -1.047
      7.016     0.019    -1.049
      7.008     0.021    -1.051
      7.001     0.023    -1.053
      6.994     0.026    -1.055
      6.987     0.028    -1.057
      6.980     0.030    -1.058
      6.973     0.032    -1.060
      6.966     0.034    -1.062
      6.959     0.036    -1.064
      6.952     0.038    -1.066
      6.945     0.041    -1.068
      6.937     0.043    -1.070
      6.930     0.045    -1.072
      6.923     0.047    -1.074
      6.916     0.049    -1.076
      6.909     0.052    -1.078
      6.902     0.054    -1.080
      6.894     0.056    -1.082
      6.887     0.058    -1.084
      6.879     0.061    -1.086
      6.872     0.063    -1.088
      6.864     0.065    -1.090
      6.857     0.068    -1.092
      6.850     0.070    -1.094
      6.842     0.072    -1.097
      6.835     0.074    -1.099
      6.828     0.077    -1.101
      6.821     0.079    -1.103
      6.814     0.081    -1.105
      6.807     0.083    -1.107
      6.800     0.085    -1.109
      6.793     0.087    -1.111
      6.786     0.090    -1.113
      6.779     0.092    -1.115
      6.772     0.094    -1.117
      6.765     0.096    -1.119
      6.758     0.098    -1.122
      6.751     0.100    -1.124
      6.744     0.102    -1.126
      6.737     0.105    -1.128
      6.730     0.107    -1.130
      6.723     0.109    -1.132
      6.716     0.111    -1.135
      6.709     0.113    -1.137
      6.702     0.115    -1.139
      6.695     0.117    -1.141
      6.688     0.119    -1.143
      6.681     0.122    -1.145
      6.674     0.124    -1.148
      6.666     0.126    -1.150
      6.659     0.128    -1.152
      6.652     0.130    -1.154
      6.645     0.132    -1.157
      6.638     0.134    -1.159
      6.631     0.136    -1.161
      6.624     0.138    -1.163
      6.617     0.141    -1.166
      6.610     0.143    -1.168
      6.603     0.145    -1.170
      6.596     0.147    -1.172
      6.589     0.149    -1.175
      6.582     0.151    -1.177
      6.575     0.153    -1.179
      6.568     0.155    -1.181
      6.561     0.157    -1.184
      6.554     0.159    -1.186
      6.547     0.161    -1.188
      6.540     0.163    -1.191
      6.533     0.165    -1.193
      6.526     0.167    -1.195
      6.519     0.169    -1.198
      6.512     0.171    -1.200
      6.504     0.173    -1.202
      6.497     0.175    -1.205
      6.490     0.177    -1.207
      6.483     0.179    -1.209
      6.477     0.181    -1.212
      6.470     0.183    -1.214
      6.464     0.185    -1.216
      6.457     0.187    -1.218
      6.451     0.189    -1.220
      6.444     0.190    -1.222
      6.437     0.193    -1.225
      6.429     0.195    -1.228
      6.422     0.197    -1.230
      6.414     0.199    -1.233
      6.407     0.201    -1.235
      6.399     0.203    -1.238
      6.392     0.205    -1.240
      6.385     0.207    -1.242
      6.378     0.209    -1.245
      6.371     0.211    -1.247
      6.364     0.213    -1.250
      6.357     0.215    -1.252
      6.350     0.217    -1.254
      6.343     0.218    -1.257
      6.336     0.220    -1.259
      6.329     0.222    -1.262
      6.322     0.224    -1.264
      6.315     0.226    -1.266
      6.308     0.228    -1.269
      6.301     0.230    -1.271
      6.294     0.232    -1.274
      6.287     0.233    -1.276
      6.280     0.235    -1.279
      6.273     0.237    -1.281
      6.266     0.239    -1.283
      6.259     0.241    -1.286
      6.252     0.243    -1.288
      6.245     0.244    -1.291
      6.238     0.246    -1.293
      6.231     0.248    -1.295
      6.224     0.250    -1.298
      6.217     0.252    -1.300
      6.210     0.253    -1.303
      6.203     0.255    -1.305
      6.196     0.257    -1.308
      6.188     0.259    -1.310
      6.181     0.261    -1.313
      6.174     0.262    -1.315
      6.167     0.264    -1.318
      6.160     0.266    -1.320
      6.153     0.268    -1.322
      6.146     0.270    -1.325
      6.139     0.271    -1.327
      6.132     0.273    -1.330
      6.125     0.275    -1.332
      6.118     0.276    -1.335
      6.111     0.278    -1.337
      6.104     0.280    -1.340
      6.097     0.282    -1.342
      6.090     0.283    -1.344
      6.083     0.285    -1.347
      6.075     0.287    -1.349
      6.068     0.289    -1.352
      6.061     0.290    -1.354
      6.054     0.292    -1.357
      6.047     0.294    -1.359
      6.040     0.295    -1.362
      6.033     0.297    -1.364
      6.026     0.299    -1.367
      6.019     0.300    -1.369
      6.013     0.302    -1.371
      6.006     0.303    -1.373
      6.000     0.305    -1.376
      5.993     0.306    -1.378
      5.986     0.308    -1.380
      5.979     0.310    -1.383
      5.972     0.311    -1.385
      5.965     0.313    -1.387
      5.958     0.314    -1.390
      5.951     0.316    -1.392
      5.944     0.318    -1.395
      5.937     0.319    -1.397
      5.930     0.321    -1.400
      5.923     0.322    -1.402
      5.916     0.324    -1.404
      5.909     0.326    -1.407
      5.901     0.327    -1.409
      5.894     0.329    -1.412
      5.887     0.330    -1.414
      5.880     0.332    -1.417
      5.873     0.334    -1.419
      5.866     0.335    -1.421
      5.859     0.337    -1.424
      5.851     0.338    -1.426
      5.844     0.340    -1.429
      5.837     0.341    -1.431
      5.830     0.343    -1.434
      5.823     0.344    -1.436
      5.816     0.346    -1.438
      5.810     0.347    -1.440
      5.803     0.349    -1.443
      5.796     0.350    -1.445
      5.790     0.352    -1.447
      5.783     0.353    -1.449
      5.776     0.354    -1.452
      5.769     0.356    -1.454
      5.762     0.357    -1.456
      5.755     0.359    -1.459
      5.747     0.360    -1.461
      5.740     0.362    -1.464
      5.733     0.363    -1.466
      5.726     0.365    -1.468
      5.720     0.366    -1.470
      5.713     0.368    -1.473
      5.707     0.369    -1.475
      5.700     0.370    -1.477
      5.693     0.372    -1.479
      5.687     0.373    -1.481
      5.680     0.374    -1.483
      5.674     0.376    -1.486
      5.667     0.377    -1.488
      5.660     0.378    -1.490
      5.654     0.380    -1.492
      5.648     0.381    -1.494
      5.641     0.382    -1.496
      5.635     0.383    -1.498
      5.629     0.385    -1.500
      5.623     0.386    -1.502
      5.615     0.387    -1.505
      5.607     0.389    -1.507
      5.600     0.390    -1.510
      5.592     0.392    -1.512
      5.584     0.393    -1.514
      5.577     0.395    -1.517
      5.570     0.396    -1.519
      5.562     0.398    -1.522
      5.555     0.399    -1.524
      5.548     0.400    -1.526
      5.541     0.402    -1.528
      5.534     0.403    -1.531
      5.526     0.405    -1.533
      5.519     0.406    -1.535
      5.512     0.407    -1.537
      5.505     0.409    -1.540
      5.497     0.410    -1.542
      5.490     0.411    -1.544
      5.483     0.413    -1.546
      5.476     0.414    -1.549
      5.469     0.415    -1.551
      5.462     0.417    -1.553
      5.454     0.418    -1.555
      5.447     0.420    -1.557
      5.440     0.421    -1.560
      5.433     0.422    -1.562
      5.426     0.424    -1.564
      5.419     0.425    -1.566
      5.411     0.426    -1.568
      5.404     0.427    -1.571
      5.397     0.429    -1.573
      5.390     0.430    -1.575
      5.382     0.431    -1.577
      5.375     0.433    -1.579
      5.368     0.434    -1.581
      5.360     0.435    -1.584
      5.353     0.437    -1.586
      5.346     0.438    -1.588
      5.339     0.439    -1.590
      5.331     0.441    -1.592
      5.324     0.442    -1.594
      5.317     0.443    -1.596
      5.310     0.444    -1.598
      5.302     0.446    -1.600
      5.295     0.447    -1.603
      5.288     0.448    -1.605
      5.281     0.449    -1.607
      5.273     0.451    -1.609
      5.266     0.452    -1.611
      5.259     0.453    -1.613
      5.251     0.454    -1.615
      5.244     0.456    -1.617
      5.237     0.457    -1.619
      5.229     0.458    -1.621
      5.222     0.459    -1.623
      5.215     0.461    -1.625
      5.207     0.462    -1.627
      5.200     0.463    -1.629
      5.193     0.464    -1.631
      5.186     0.465    -1.633
      5.179     0.467    -1.635
      5.172     0.468    -1.637
      5.166     0.469    -1.639
      5.159     0.470    -1.640
      5.152     0.471    -1.642
      5.145     0.472    -1.644
      5.137     0.473    -1.646
      5.130     0.475    -1.648
      5.123     0.476    -1.650
      5.115     0.477    -1.652
      5.108     0.478    -1.654
      5.101     0.479    -1.656
      5.094     0.481    -1.657
      5.086     0.482    -1.659
      5.079     0.483    -1.661
      5.072     0.484    -1.663
      5.064     0.485    -1.665
      5.057     0.486    -1.667
      5.049     0.488    -1.669
      5.042     0.489    -1.671
      5.035     0.490    -1.672
      5.027     0.491    -1.674
      5.020     0.492    -1.676
      5.012     0.493    -1.678
      5.005     0.495    -1.680
      4.998     0.496    -1.682
      4.990     0.497    -1.683
      4.983     0.498    -1.685
      4.976     0.499    -1.687
      4.969     0.500    -1.688
      4.962     0.501    -1.690
      4.956     0.502    -1.692
      4.949     0.503    -1.693
      4.942     0.505    -1.695
      4.934     0.506    -1.697
      4.927     0.507    -1.698
      4.920     0.508    -1.700
      4.912     0.509    -1.702
      4.905     0.510    -1.703
      4.897     0.511    -1.705
      4.890     0.513    -1.707
      4.883     0.514    -1.708
      4.876     0.515    -1.710
      4.869     0.516    -1.711
      4.863     0.517    -1.713
      4.856     0.518    -1.714
      4.849     0.519    -1.716
      4.842     0.520    -1.717
      4.835     0.521    -1.719
      4.828     0.522    -1.720
      4.821     0.523    -1.722
      4.815     0.524    -1.723
      4.808     0.525    -1.725
      4.801     0.526    -1.726
      4.795     0.527    -1.728
      4.788     0.528    -1.729
      4.782     0.529    -1.730
      4.776     0.530    -1.732
      4.768     0.531    -1.733
      4.761     0.532    -1.735
      4.753     0.533    -1.736
      4.746     0.534    -1.738
      4.738     0.535    -1.739
      4.731     0.537    -1.741
      4.724     0.538    -1.742
      4.716     0.539    -1.744
      4.709     0.540    -1.745
      4.701     0.541    -1.747
      4.694     0.542    -1.748
      4.686     0.543    -1.750
      4.679     0.544    -1.751
      4.671     0.545    -1.753
      4.664     0.547    -1.754
      4.656     0.548    -1.756
      4.649     0.549    -1.757
      4.641     0.550    -1.758
      4.634     0.551    -1.760
      4.626     0.552    -1.761
      4.619     0.553    -1.763
      4.611     0.554    -1.764
      4.604     0.555    -1.766
      4.597     0.556    -1.767
      4.590     0.557    -1.768
      4.583     0.558    -1.769
      4.576     0.559    -1.771
      4.569     0.561    -1.772
      4.563     0.562    -1.773
      4.555     0.563    -1.774
      4.547     0.564    -1.776
      4.540     0.565    -1.777
      4.532     0.566    -1.778
      4.525     0.567    -1.780
      4.517     0.568    -1.781
      4.510     0.569    -1.782
      4.503     0.570    -1.783
      4.496     0.571    -1.785
      4.489     0.572    -1.786
      4.482     0.573    -1.787
      4.475     0.574    -1.788
      4.468     0.575    -1.789
      4.462     0.576    -1.790
      4.455     0.577    -1.792
      4.448     0.578    -1.793
      4.441     0.579    -1.794
      4.434     0.580    -1.795
      4.427     0.581    -1.796
      4.420     0.582    -1.797
      4.414     0.583    -1.798
      4.407     0.584    -1.799
      4.401     0.585    -1.800
      4.394     0.586    -1.801
      4.387     0.587    -1.802
      4.379     0.588    -1.804
      4.372     0.590    -1.805
      4.364     0.591    -1.806
      4.357     0.592    -1.807
      4.349     0.593    -1.808
      4.342     0.594    -1.809
      4.335     0.595    -1.810
      4.328     0.596    -1.812
      4.321     0.597    -1.813
      4.314     0.598    -1.814
      4.307     0.599    -1.815
      4.300     0.600    -1.816
      4.293     0.601    -1.817
      4.286     0.602    -1.818
      4.279     0.603    -1.819
      4.272     0.604    -1.820
      4.265     0.605    -1.821
      4.258     0.606    -1.821
      4.252     0.607    -1.822
      4.245     0.608    -1.823
      4.239     0.609    -1.824
      4.232     0.610    -1.825
      4.226     0.611    -1.826
      4.219     0.612    -1.827
      4.212     0.613    -1.828
      4.205     0.614    -1.829
      4.198     0.614    -1.830
      4.191     0.615    -1.831
      4.184     0.616    -1.832
      4.177     0.617    -1.832
      4.171     0.618    -1.833
      4.164     0.619    -1.834
      4.158     0.620    -1.835
      4.151     0.621    -1.836
      4.144     0.622    -1.837
      4.137     0.623    -1.838
      4.129     0.624    -1.838
      4.122     0.625    -1.839
      4.115     0.626    -1.840
      4.107     0.627    -1.841
      4.100     0.628    -1.842
      4.093     0.629    -1.843
      4.085     0.630    -1.844
      4.077     0.631    -1.845
      4.068     0.632    -1.846
      4.060     0.634    -1.847
      4.052     0.635    -1.848
      4.044     0.636    -1.848
      4.037     0.637    -1.849
      4.029     0.638    -1.850
      4.022     0.639    -1.851
      4.014     0.640    -1.852
      4.006     0.641    -1.853
      3.999     0.642    -1.854
      3.991     0.643    -1.854
      3.984     0.644    -1.855
      3.976     0.645    -1.856
      3.968     0.646    -1.857
      3.961     0.647    -1.858
      3.953     0.648    -1.858
      3.946     0.649    -1.859
      3.939     0.650    -1.860
      3.931     0.651    -1.861
      3.923     0.652    -1.861
      3.916     0.653    -1.862
      3.908     0.654    -1.863
      3.901     0.655    -1.864
      3.893     0.656    -1.864
      3.886     0.656    -1.865
      3.878     0.657    -1.866
      3.871     0.658    -1.866
      3.863     0.659    -1.867
      3.855     0.660    -1.868
      3.848     0.661    -1.868
      3.840     0.662    -1.869
      3.833     0.663    -1.870
      3.825     0.664    -1.871
      3.817     0.665    -1.871
      3.810     0.666    -1.872
      3.802     0.667    -1.872
      3.794     0.668    -1.873
      3.787     0.669    -1.874
      3.779     0.669    -1.874
      3.772     0.670    -1.875
      3.764     0.671    -1.876
      3.757     0.672    -1.876
      3.749     0.673    -1.877
      3.742     0.674    -1.877
      3.734     0.675    -1.878
      3.726     0.676    -1.879
      3.719     0.676    -1.879
      3.711     0.677    -1.880
      3.703     0.678    -1.880
      3.696     0.679    -1.881
      3.688     0.680    -1.882
      3.680     0.681    -1.882
      3.673     0.681    -1.883
      3.665     0.682    -1.883
      3.657     0.683    -1.884
      3.650     0.684    -1.884
      3.642     0.685    -1.885
      3.635     0.685    -1.885
      3.628     0.686    -1.886
      3.621     0.687    -1.886
      3.614     0.688    -1.887
      3.607     0.688    -1.887
      3.600     0.689    -1.888
      3.592     0.690    -1.888
      3.585     0.691    -1.889
      3.577     0.691    -1.889
      3.569     0.692    -1.890
      3.562     0.693    -1.890
      3.554     0.693    -1.891
      3.547     0.694    -1.891
      3.539     0.695    -1.892
      3.532     0.696    -1.892
      3.524     0.696    -1.893
      3.516     0.697    -1.893
      3.509     0.698    -1.893
      3.501     0.698    -1.894
      3.493     0.699    -1.894
      3.486     0.700    -1.895
      3.478     0.700    -1.895
      3.470     0.701    -1.896
      3.463     0.702    -1.896
      3.455     0.702    -1.896
      3.447     0.703    -1.897
      3.439     0.703    -1.897
      3.432     0.704    -1.898
      3.424     0.705    -1.898
      3.417     0.705    -1.898
      3.410     0.706    -1.899
      3.403     0.706    -1.899
      3.396     0.707    -1.900
      3.389     0.707    -1.900
      3.382     0.708    -1.900
      3.374     0.708    -1.901
      3.366     0.709    -1.901
      3.359     0.709    -1.901
      3.351     0.710    -1.902
      3.343     0.710    -1.902
      3.336     0.711    -1.902
      3.328     0.711    -1.903
      3.321     0.712    -1.903
      3.314     0.712    -1.903
      3.307     0.713    -1.904
      3.300     0.713    -1.904
      3.293     0.713    -1.904
      3.286     0.714    -1.905
      3.279     0.714    -1.905
      3.272     0.715    -1.905
      3.264     0.715    -1.906
      3.257     0.715    -1.906
      3.250     0.716    -1.906
      3.243     0.716    -1.906
      3.237     0.716    -1.907
      3.230     0.717    -1.907
      3.223     0.717    -1.907
      3.217     0.717    -1.908
      3.210     0.718    -1.908
      3.202     0.718    -1.908
      3.195     0.718    -1.908
      3.187     0.718    -1.909
      3.179     0.719    -1.909
      3.172     0.719    -1.909
      3.164     0.719    -1.910
      3.156     0.719    -1.910
      3.149     0.720    -1.910
      3.141     0.720    -1.911
      3.134     0.720    -1.911
      3.126     0.720    -1.911
      3.118     0.721    -1.911
      3.110     0.721    -1.912
      3.103     0.721    -1.912
      3.095     0.721    -1.912
      3.087     0.721    -1.912
      3.080     0.721    -1.913
      3.072     0.721    -1.913
      3.064     0.722    -1.913
      3.056     0.722    -1.914
      3.049     0.722    -1.914
      3.041     0.722    -1.914
      3.033     0.722    -1.914
      3.026     0.722    -1.915
      3.019     0.722    -1.915
      3.012     0.722    -1.915
      3.005     0.722    -1.915
      2.998     0.722    -1.915
      2.991     0.722    -1.916
      2.983     0.722    -1.916
      2.975     0.722    -1.916
      2.968     0.722    -1.916
      2.960     0.722    -1.917
      2.952     0.722    -1.917
      2.945     0.721    -1.917
      2.937     0.721    -1.917
      2.930     0.721    -1.917
      2.923     0.721    -1.918
      2.916     0.721    -1.918
      2.909     0.721    -1.918
      2.902     0.721    -1.918
      2.894     0.720    -1.918
      2.887     0.720    -1.919
      2.880     0.720    -1.919
      2.873     0.720    -1.919
      2.866     0.720    -1.919
      2.859     0.719    -1.919
      2.852     0.719    -1.920
      2.845     0.719    -1.920
      2.839     0.719    -1.920
      2.832     0.718    -1.920
      2.825     0.718    -1.920
      2.819     0.718    -1.920
      2.811     0.717    -1.921
      2.803     0.717    -1.921
      2.796     0.717    -1.921
      2.788     0.716    -1.921
      2.780     0.716    -1.921
      2.772     0.715    -1.922
      2.765     0.715    -1.922
      2.758     0.714    -1.922
      2.751     0.714    -1.922
      2.744     0.713    -1.922
      2.737     0.713    -1.922
      2.730     0.712    -1.923
      2.722     0.712    -1.923
      2.715     0.711    -1.923
      2.708     0.711    -1.923
      2.701     0.710    -1.923
      2.694     0.710    -1.923
      2.687     0.709    -1.924
      2.680     0.709    -1.924
      2.674     0.708    -1.924
      2.667     0.707    -1.924
      2.660     0.707    -1.924
      2.654     0.706    -1.924
      2.647     0.706    -1.924
      2.640     0.705    -1.925
      2.633     0.704    -1.925
      2.626     0.703    -1.925
      2.619     0.703    -1.925
      2.612     0.702    -1.925
      2.605     0.701    -1.925
      2.598     0.700    -1.925
      2.591     0.700    -1.926
      2.585     0.699    -1.926
      2.578     0.698    -1.926
      2.572     0.697    -1.926
      2.564     0.697    -1.926
      2.557     0.696    -1.926
      2.549     0.695    -1.926
      2.542     0.694    -1.927
      2.535     0.693    -1.927
      2.527     0.692    -1.927
      2.520     0.691    -1.927
      2.513     0.690    -1.927
      2.505     0.689    -1.927
      2.497     0.688    -1.927
      2.490     0.687    -1.928
      2.482     0.685    -1.928
      2.474     0.684    -1.928
      2.467     0.683    -1.928
      2.459     0.682    -1.928
      2.452     0.681    -1.928
      2.445     0.680    -1.928
      2.437     0.678    -1.928
      2.429     0.677    -1.929
      2.422     0.676    -1.929
      2.414     0.675    -1.929
      2.406     0.673    -1.929
      2.399     0.672    -1.929
      2.391     0.671    -1.929
      2.384     0.669    -1.929
      2.376     0.668    -1.930
      2.369     0.666    -1.930
      2.361     0.665    -1.930
      2.353     0.663    -1.930
      2.346     0.662    -1.930
      2.338     0.660    -1.930
      2.331     0.659    -1.930
      2.324     0.658    -1.930
      2.317     0.656    -1.931
      2.310     0.655    -1.931
      2.304     0.653    -1.931
      2.297     0.652    -1.931
      2.289     0.650    -1.931
      2.282     0.649    -1.931
      2.274     0.647    -1.931
      2.267     0.645    -1.931
      2.259     0.644    -1.932
      2.251     0.642    -1.932
      2.244     0.640    -1.932
      2.237     0.638    -1.932
      2.230     0.637    -1.932
      2.223     0.635    -1.932
      2.216     0.633    -1.932
      2.210     0.632    -1.932
      2.203     0.630    -1.932
      2.196     0.628    -1.933
      2.189     0.627    -1.933
      2.182     0.625    -1.933
      2.175     0.623    -1.933
      2.168     0.621    -1.933
      2.162     0.619    -1.933
      2.155     0.618    -1.933
      2.149     0.616    -1.933
      2.142     0.614    -1.934
      2.136     0.612    -1.934
      2.129     0.610    -1.934
      2.122     0.608    -1.934
      2.115     0.606    -1.934
      2.107     0.604    -1.934
      2.100     0.602    -1.934
      2.092     0.600    -1.934
      2.085     0.597    -1.935
      2.078     0.595    -1.935
      2.071     0.593    -1.935
      2.064     0.591    -1.935
      2.057     0.589    -1.935
      2.051     0.587    -1.935
      2.044     0.585    -1.935
      2.037     0.582    -1.935
      2.030     0.580    -1.936
      2.024     0.578    -1.936
      2.017     0.576    -1.936
      2.010     0.573    -1.936
      2.004     0.571    -1.936
      1.997     0.569    -1.936
      1.991     0.567    -1.936
      1.984     0.564    -1.937
      1.978     0.562    -1.937
      1.972     0.560    -1.937
      1.965     0.558    -1.937
      1.959     0.555    -1.937
      1.952     0.553    -1.937
      1.945     0.550    -1.937
      1.939     0.548    -1.938
      1.932     0.545    -1.938
      1.926     0.543    -1.938
      1.919     0.540    -1.938
      1.913     0.538    -1.938
      1.907     0.536    -1.938
      1.901     0.533    -1.938
      1.895     0.531    -1.939
      1.888     0.528    -1.939
      1.881     0.525    -1.939
      1.874     0.522    -1.939
      1.867     0.519    -1.939
      1.860     0.517    -1.939
      1.853     0.514    -1.940
      1.847     0.511    -1.940
      1.840     0.508    -1.940
      1.833     0.505    -1.940
      1.826     0.502    -1.940
      1.819     0.498    -1.941
      1.812     0.495    -1.941
      1.804     0.492    -1.941
      1.797     0.489    -1.941
      1.790     0.486    -1.941
      1.784     0.483    -1.942
      1.778     0.479    -1.942
      1.771     0.476    -1.942
      1.765     0.473    -1.942
      1.759     0.470    -1.942
      1.752     0.467    -1.943
      1.746     0.464    -1.943
      1.740     0.461    -1.943
      1.733     0.458    -1.943
      1.727     0.454    -1.943
      1.721     0.451    -1.944
      1.714     0.448    -1.944
      1.708     0.445    -1.944
      1.703     0.442    -1.944
      1.697     0.439    -1.944
      1.691     0.435    -1.945
      1.685     0.432    -1.945
      1.679     0.429    -1.945
      1.673     0.425    -1.945
      1.666     0.422    -1.945
      1.660     0.419    -1.946
      1.654     0.415    -1.946
      1.648     0.412    -1.946
      1.642     0.408    -1.946
      1.636     0.405    -1.947
      1.631     0.401    -1.947
      1.625     0.398    -1.947
      1.619     0.395    -1.947
      1.613     0.391    -1.947
      1.606     0.387    -1.948
      1.600     0.383    -1.948
      1.594     0.379    -1.948
      1.587     0.375    -1.948
      1.581     0.371    -1.949
      1.575     0.367    -1.949
      1.569     0.363    -1.949
      1.563     0.359    -1.949
      1.557     0.355    -1.950
      1.551     0.351    -1.950
      1.545     0.347    -1.950
      1.539     0.343    -1.950
      1.533     0.339    -1.951
      1.528     0.336    -1.951
      1.523     0.332    -1.951
      1.517     0.328    -1.951
      1.512     0.324    -1.951
      1.506     0.320    -1.952
      1.500     0.316    -1.952
      1.494     0.311    -1.952
      1.488     0.307    -1.952
      1.482     0.303    -1.953
      1.476     0.298    -1.953
      1.470     0.294    -1.953
      1.465     0.289    -1.953
      1.459     0.284    -1.953
      1.453     0.280    -1.954
      1.447     0.275    -1.954
      1.441     0.271    -1.954
      1.435     0.266    -1.954
      1.430     0.261    -1.955
      1.424     0.256    -1.955
      1.418     0.252    -1.955
      1.413     0.247    -1.955
      1.407     0.242    -1.955
      1.401     0.237    -1.956
      1.395     0.231    -1.956
      1.389     0.226    -1.956
      1.383     0.221    -1.956
      1.377     0.216    -1.956
