Count of Points:868

WCS coordinates of Points:
      7.490    -0.390    -0.854
      7.482    -0.388    -0.855
      7.474    -0.386    -0.857
      7.466    -0.385    -0.858
      7.458    -0.383    -0.859
      7.450    -0.381    -0.860
      7.442    -0.379    -0.861
      7.434    -0.377    -0.862
      7.427    -0.375    -0.863
      7.420    -0.374    -0.864
      7.412    -0.372    -0.865
      7.405    -0.370    -0.866
      7.398    -0.368    -0.867
      7.391    -0.367    -0.868
      7.383    -0.365    -0.869
      7.376    -0.363    -0.870
      7.369    -0.361    -0.872
      7.362    -0.359    -0.873
      7.355    -0.357    -0.874
      7.347    -0.356    -0.875
      7.340    -0.354    -0.876
      7.334    -0.352    -0.877
      7.327    -0.350    -0.878
      7.320    -0.348    -0.879
      7.313    -0.347    -0.880
      7.306    -0.345    -0.881
      7.299    -0.343    -0.883
      7.292    -0.341    -0.884
      7.284    -0.339    -0.885
      7.277    -0.337    -0.886
      7.270    -0.335    -0.887
      7.263    -0.333    -0.889
      7.257    -0.331    -0.890
      7.250    -0.330    -0.891
      7.243    -0.328    -0.892
      7.236    -0.326    -0.893
      7.230    -0.324    -0.894
      7.223    -0.322    -0.896
      7.216    -0.320    -0.897
      7.209    -0.318    -0.898
      7.203    -0.316    -0.899
      7.196    -0.314    -0.900
      7.189    -0.313    -0.902
      7.183    -0.311    -0.903
      7.176    -0.309    -0.904
      7.169    -0.307    -0.905
      7.162    -0.305    -0.907
      7.155    -0.303    -0.908
      7.148    -0.300    -0.909
      7.140    -0.298    -0.911
      7.133    -0.296    -0.912
      7.127    -0.294    -0.914
      7.120    -0.292    -0.915
      7.113    -0.290    -0.916
      7.106    -0.288    -0.917
      7.100    -0.286    -0.919
      7.093    -0.284    -0.920
      7.086    -0.282    -0.922
      7.080    -0.280    -0.923
      7.073    -0.278    -0.924
      7.066    -0.276    -0.926
      7.060    -0.274    -0.927
      7.053    -0.272    -0.928
      7.047    -0.270    -0.930
      7.040    -0.268    -0.931
      7.033    -0.266    -0.932
      7.027    -0.264    -0.934
      7.020    -0.262    -0.935
      7.013    -0.260    -0.937
      7.007    -0.258    -0.938
      7.000    -0.256    -0.940
      6.994    -0.254    -0.941
      6.987    -0.252    -0.943
      6.981    -0.250    -0.944
      6.973    -0.248    -0.946
      6.965    -0.245    -0.947
      6.957    -0.243    -0.949
      6.950    -0.241    -0.951
      6.942    -0.238    -0.953
      6.934    -0.236    -0.955
      6.927    -0.234    -0.956
      6.920    -0.231    -0.958
      6.913    -0.229    -0.959
      6.906    -0.227    -0.961
      6.899    -0.225    -0.963
      6.892    -0.223    -0.964
      6.885    -0.221    -0.966
      6.879    -0.218    -0.968
      6.872    -0.216    -0.969
      6.866    -0.214    -0.971
      6.859    -0.212    -0.972
      6.852    -0.210    -0.974
      6.846    -0.208    -0.976
      6.839    -0.206    -0.977
      6.833    -0.204    -0.979
      6.826    -0.202    -0.981
      6.819    -0.200    -0.982
      6.813    -0.198    -0.984
      6.807    -0.196    -0.986
      6.800    -0.194    -0.987
      6.793    -0.191    -0.989
      6.787    -0.189    -0.991
      6.780    -0.187    -0.992
      6.774    -0.185    -0.994
      6.767    -0.183    -0.996
      6.761    -0.181    -0.997
      6.754    -0.179    -0.999
      6.748    -0.177    -1.001
      6.741    -0.175    -1.002
      6.734    -0.172    -1.004
      6.726    -0.170    -1.006
      6.718    -0.168    -1.009
      6.711    -0.165    -1.011
      6.703    -0.163    -1.013
      6.695    -0.160    -1.015
      6.689    -0.158    -1.017
      6.682    -0.156    -1.018
      6.675    -0.154    -1.020
      6.669    -0.152    -1.022
      6.662    -0.150    -1.024
      6.656    -0.148    -1.025
      6.649    -0.146    -1.027
      6.643    -0.144    -1.029
      6.637    -0.142    -1.031
      6.629    -0.139    -1.033
      6.621    -0.137    -1.035
      6.614    -0.135    -1.037
      6.606    -0.132    -1.039
      6.598    -0.130    -1.042
      6.591    -0.127    -1.044
      6.583    -0.125    -1.046
      6.575    -0.123    -1.048
      6.568    -0.120    -1.050
      6.560    -0.118    -1.052
      6.552    -0.115    -1.055
      6.545    -0.113    -1.057
      6.537    -0.111    -1.059
      6.530    -0.109    -1.061
      6.523    -0.106    -1.063
      6.516    -0.104    -1.065
      6.509    -0.102    -1.067
      6.502    -0.100    -1.069
      6.495    -0.098    -1.071
      6.488    -0.095    -1.073
      6.481    -0.093    -1.075
      6.474    -0.091    -1.077
      6.467    -0.089    -1.080
      6.460    -0.087    -1.081
      6.454    -0.085    -1.083
      6.447    -0.083    -1.085
      6.441    -0.081    -1.087
      6.434    -0.079    -1.089
      6.428    -0.077    -1.091
      6.421    -0.075    -1.093
      6.415    -0.073    -1.095
      6.408    -0.071    -1.097
      6.401    -0.069    -1.099
      6.395    -0.067    -1.101
      6.389    -0.065    -1.103
      6.382    -0.063    -1.105
      6.376    -0.062    -1.107
      6.369    -0.060    -1.109
      6.363    -0.058    -1.111
      6.356    -0.056    -1.113
      6.350    -0.054    -1.115
      6.343    -0.052    -1.117
      6.337    -0.050    -1.119
      6.330    -0.048    -1.120
      6.324    -0.046    -1.122
      6.317    -0.044    -1.124
      6.310    -0.042    -1.127
      6.302    -0.040    -1.129
      6.294    -0.037    -1.131
      6.287    -0.035    -1.134
      6.279    -0.033    -1.136
      6.271    -0.031    -1.138
      6.265    -0.029    -1.140
      6.258    -0.027    -1.142
      6.252    -0.025    -1.144
      6.245    -0.023    -1.146
      6.238    -0.021    -1.148
      6.232    -0.019    -1.150
      6.226    -0.018    -1.152
      6.219    -0.016    -1.154
      6.213    -0.014    -1.156
      6.205    -0.012    -1.159
      6.197    -0.010    -1.161
      6.190    -0.007    -1.163
      6.182    -0.005    -1.166
      6.174    -0.003    -1.168
      6.167    -0.001    -1.170
      6.159     0.001    -1.173
      6.151     0.003    -1.175
      6.144     0.005    -1.177
      6.136     0.008    -1.180
      6.128     0.010    -1.182
      6.121     0.012    -1.184
      6.113     0.014    -1.187
      6.106     0.016    -1.189
      6.099     0.018    -1.191
      6.092     0.020    -1.193
      6.084     0.022    -1.196
      6.078     0.024    -1.198
      6.071     0.025    -1.200
      6.065     0.027    -1.202
      6.058     0.029    -1.204
      6.051     0.031    -1.206
      6.045     0.033    -1.208
      6.038     0.034    -1.210
      6.032     0.036    -1.212
      6.025     0.038    -1.214
      6.018     0.040    -1.216
      6.010     0.042    -1.218
      6.002     0.044    -1.221
      5.995     0.046    -1.223
      5.987     0.048    -1.225
      5.979     0.050    -1.228
      5.971     0.052    -1.230
      5.964     0.054    -1.232
      5.956     0.056    -1.235
      5.948     0.058    -1.237
      5.941     0.060    -1.239
      5.933     0.062    -1.242
      5.926     0.064    -1.244
      5.918     0.066    -1.246
      5.911     0.068    -1.248
      5.904     0.070    -1.250
      5.896     0.072    -1.252
      5.889     0.074    -1.255
      5.881     0.076    -1.257
      5.873     0.078    -1.259
      5.865     0.080    -1.262
      5.858     0.082    -1.264
      5.850     0.084    -1.266
      5.843     0.085    -1.268
      5.835     0.087    -1.271
      5.828     0.089    -1.273
      5.821     0.091    -1.275
      5.813     0.093    -1.277
      5.806     0.095    -1.279
      5.799     0.096    -1.281
      5.792     0.098    -1.284
      5.784     0.100    -1.286
      5.777     0.102    -1.288
      5.770     0.104    -1.290
      5.762     0.106    -1.292
      5.755     0.107    -1.294
      5.748     0.109    -1.296
      5.741     0.111    -1.298
      5.734     0.113    -1.300
      5.727     0.114    -1.302
      5.720     0.116    -1.304
      5.713     0.118    -1.306
      5.706     0.119    -1.308
      5.699     0.121    -1.310
      5.692     0.123    -1.312
      5.686     0.124    -1.314
      5.679     0.126    -1.316
      5.672     0.128    -1.318
      5.666     0.129    -1.320
      5.659     0.131    -1.322
      5.652     0.132    -1.324
      5.646     0.134    -1.325
      5.639     0.136    -1.327
      5.633     0.137    -1.329
      5.626     0.139    -1.331
      5.619     0.140    -1.333
      5.613     0.142    -1.335
      5.606     0.143    -1.337
      5.600     0.145    -1.338
      5.593     0.147    -1.340
      5.586     0.148    -1.342
      5.579     0.150    -1.344
      5.573     0.151    -1.346
      5.566     0.153    -1.348
      5.560     0.154    -1.349
      5.553     0.156    -1.351
      5.545     0.158    -1.353
      5.538     0.160    -1.355
      5.530     0.161    -1.358
      5.522     0.163    -1.360
      5.514     0.165    -1.362
      5.506     0.167    -1.364
      5.500     0.168    -1.366
      5.493     0.170    -1.367
      5.486     0.171    -1.369
      5.479     0.173    -1.371
      5.473     0.175    -1.373
      5.466     0.176    -1.374
      5.459     0.178    -1.376
      5.453     0.179    -1.378
      5.446     0.181    -1.380
      5.438     0.182    -1.382
      5.431     0.184    -1.384
      5.423     0.186    -1.386
      5.415     0.188    -1.388
      5.407     0.190    -1.390
      5.399     0.191    -1.392
      5.391     0.193    -1.394
      5.383     0.195    -1.396
      5.375     0.197    -1.398
      5.368     0.198    -1.400
      5.360     0.200    -1.402
      5.352     0.202    -1.404
      5.344     0.204    -1.406
      5.337     0.205    -1.408
      5.330     0.207    -1.409
      5.322     0.209    -1.411
      5.315     0.210    -1.413
      5.308     0.212    -1.415
      5.301     0.213    -1.416
      5.294     0.215    -1.418
      5.288     0.216    -1.420
      5.281     0.218    -1.421
      5.274     0.219    -1.423
      5.268     0.221    -1.424
      5.261     0.222    -1.426
      5.254     0.224    -1.428
      5.246     0.225    -1.429
      5.238     0.227    -1.431
      5.231     0.229    -1.433
      5.223     0.231    -1.435
      5.215     0.232    -1.437
      5.207     0.234    -1.439
      5.199     0.236    -1.440
      5.191     0.237    -1.442
      5.183     0.239    -1.444
      5.175     0.241    -1.446
      5.167     0.243    -1.448
      5.159     0.244    -1.449
      5.152     0.246    -1.451
      5.144     0.247    -1.453
      5.137     0.249    -1.454
      5.129     0.251    -1.456
      5.122     0.252    -1.458
      5.114     0.254    -1.459
      5.106     0.256    -1.461
      5.098     0.257    -1.463
      5.090     0.259    -1.464
      5.082     0.261    -1.466
      5.074     0.262    -1.468
      5.066     0.264    -1.469
      5.059     0.266    -1.471
      5.051     0.267    -1.472
      5.044     0.269    -1.474
      5.036     0.270    -1.476
      5.029     0.272    -1.477
      5.021     0.274    -1.479
      5.014     0.275    -1.480
      5.006     0.277    -1.482
      4.999     0.278    -1.483
      4.991     0.280    -1.485
      4.984     0.281    -1.486
      4.976     0.283    -1.487
      4.969     0.285    -1.489
      4.962     0.286    -1.490
      4.955     0.287    -1.492
      4.948     0.289    -1.493
      4.942     0.290    -1.494
      4.935     0.292    -1.495
      4.928     0.293    -1.497
      4.921     0.294    -1.498
      4.915     0.296    -1.499
      4.908     0.297    -1.500
      4.900     0.299    -1.502
      4.892     0.301    -1.503
      4.884     0.302    -1.505
      4.876     0.304    -1.506
      4.868     0.306    -1.508
      4.860     0.307    -1.509
      4.852     0.309    -1.511
      4.844     0.311    -1.512
      4.836     0.312    -1.513
      4.828     0.314    -1.515
      4.820     0.315    -1.516
      4.812     0.317    -1.518
      4.804     0.319    -1.519
      4.796     0.320    -1.520
      4.789     0.322    -1.521
      4.781     0.323    -1.523
      4.774     0.325    -1.524
      4.766     0.327    -1.525
      4.758     0.328    -1.527
      4.750     0.330    -1.528
      4.742     0.332    -1.529
      4.734     0.333    -1.530
      4.725     0.335    -1.532
      4.718     0.337    -1.533
      4.710     0.338    -1.534
      4.703     0.340    -1.535
      4.695     0.341    -1.536
      4.688     0.343    -1.538
      4.680     0.344    -1.539
      4.672     0.346    -1.540
      4.665     0.347    -1.541
      4.657     0.349    -1.542
      4.650     0.351    -1.543
      4.642     0.352    -1.544
      4.635     0.354    -1.546
      4.627     0.355    -1.547
      4.620     0.357    -1.548
      4.612     0.358    -1.549
      4.604     0.360    -1.550
      4.595     0.362    -1.551
      4.587     0.363    -1.552
      4.579     0.365    -1.553
      4.571     0.367    -1.555
      4.564     0.368    -1.556
      4.556     0.370    -1.557
      4.548     0.371    -1.558
      4.541     0.373    -1.559
      4.533     0.374    -1.560
      4.526     0.376    -1.561
      4.518     0.378    -1.562
      4.510     0.379    -1.563
      4.503     0.381    -1.564
      4.495     0.382    -1.565
      4.488     0.384    -1.566
      4.480     0.385    -1.567
      4.473     0.387    -1.568
      4.465     0.388    -1.569
      4.458     0.390    -1.569
      4.450     0.391    -1.570
      4.442     0.393    -1.571
      4.435     0.395    -1.572
      4.427     0.396    -1.573
      4.419     0.398    -1.574
      4.412     0.399    -1.575
      4.405     0.401    -1.576
      4.397     0.402    -1.577
      4.389     0.404    -1.578
      4.382     0.405    -1.579
      4.374     0.407    -1.579
      4.366     0.408    -1.580
      4.359     0.410    -1.581
      4.351     0.412    -1.582
      4.343     0.413    -1.583
      4.336     0.415    -1.584
      4.329     0.416    -1.585
      4.322     0.417    -1.585
      4.315     0.419    -1.586
      4.308     0.420    -1.587
      4.300     0.422    -1.588
      4.293     0.423    -1.588
      4.285     0.425    -1.589
      4.278     0.426    -1.590
      4.270     0.428    -1.591
      4.262     0.430    -1.592
      4.254     0.431    -1.593
      4.246     0.433    -1.593
      4.238     0.434    -1.594
      4.230     0.436    -1.595
      4.222     0.438    -1.596
      4.214     0.439    -1.596
      4.207     0.441    -1.597
      4.199     0.442    -1.598
      4.191     0.444    -1.599
      4.184     0.445    -1.599
      4.176     0.447    -1.600
      4.168     0.449    -1.601
      4.160     0.450    -1.602
      4.152     0.452    -1.602
      4.144     0.453    -1.603
      4.136     0.455    -1.604
      4.129     0.456    -1.605
      4.121     0.458    -1.605
      4.113     0.460    -1.606
      4.105     0.461    -1.607
      4.097     0.463    -1.607
      4.089     0.464    -1.608
      4.081     0.466    -1.609
      4.073     0.467    -1.609
      4.065     0.469    -1.610
      4.058     0.470    -1.611
      4.050     0.472    -1.611
      4.042     0.473    -1.612
      4.034     0.475    -1.612
      4.026     0.476    -1.613
      4.018     0.478    -1.614
      4.010     0.479    -1.614
      4.002     0.481    -1.615
      3.995     0.482    -1.616
      3.987     0.484    -1.616
      3.979     0.485    -1.617
      3.971     0.487    -1.617
      3.963     0.488    -1.618
      3.955     0.490    -1.618
      3.947     0.491    -1.619
      3.939     0.493    -1.620
      3.931     0.494    -1.620
      3.923     0.496    -1.621
      3.915     0.497    -1.621
      3.907     0.499    -1.622
      3.900     0.500    -1.622
      3.892     0.502    -1.623
      3.884     0.503    -1.623
      3.876     0.505    -1.624
      3.868     0.506    -1.624
      3.861     0.507    -1.625
      3.854     0.509    -1.625
      3.847     0.510    -1.626
      3.839     0.511    -1.626
      3.832     0.512    -1.627
      3.824     0.514    -1.627
      3.816     0.515    -1.628
      3.808     0.517    -1.628
      3.800     0.518    -1.628
      3.792     0.519    -1.629
      3.784     0.521    -1.629
      3.777     0.522    -1.630
      3.769     0.523    -1.630
      3.761     0.525    -1.631
      3.753     0.526    -1.631
      3.745     0.528    -1.632
      3.737     0.529    -1.632
      3.729     0.530    -1.632
      3.721     0.532    -1.633
      3.713     0.533    -1.633
      3.705     0.534    -1.634
      3.697     0.536    -1.634
      3.689     0.537    -1.634
      3.681     0.538    -1.635
      3.673     0.539    -1.635
      3.665     0.541    -1.636
      3.657     0.542    -1.636
      3.649     0.543    -1.636
      3.642     0.544    -1.637
      3.635     0.546    -1.637
      3.627     0.547    -1.637
      3.620     0.548    -1.638
      3.613     0.549    -1.638
      3.605     0.550    -1.638
      3.597     0.551    -1.639
      3.589     0.553    -1.639
      3.581     0.554    -1.639
      3.573     0.555    -1.640
      3.565     0.556    -1.640
      3.557     0.557    -1.640
      3.549     0.558    -1.641
      3.542     0.560    -1.641
      3.534     0.561    -1.641
      3.527     0.562    -1.641
      3.520     0.563    -1.642
      3.512     0.564    -1.642
      3.505     0.565    -1.642
      3.498     0.566    -1.642
      3.490     0.567    -1.643
      3.483     0.568    -1.643
      3.476     0.569    -1.643
      3.468     0.570    -1.644
      3.461     0.571    -1.644
      3.454     0.572    -1.644
      3.447     0.572    -1.644
      3.440     0.573    -1.645
      3.433     0.574    -1.645
      3.426     0.575    -1.645
      3.418     0.576    -1.645
      3.410     0.577    -1.645
      3.402     0.578    -1.646
      3.394     0.579    -1.646
      3.386     0.580    -1.646
      3.378     0.581    -1.646
      3.370     0.582    -1.647
      3.363     0.583    -1.647
      3.355     0.584    -1.647
      3.347     0.584    -1.647
      3.339     0.585    -1.648
      3.331     0.586    -1.648
      3.322     0.587    -1.648
      3.314     0.588    -1.648
      3.306     0.589    -1.648
      3.298     0.590    -1.649
      3.290     0.590    -1.649
      3.282     0.591    -1.649
      3.274     0.592    -1.649
      3.266     0.593    -1.649
      3.258     0.593    -1.650
      3.250     0.594    -1.650
      3.242     0.595    -1.650
      3.234     0.596    -1.650
      3.227     0.596    -1.650
      3.220     0.597    -1.651
      3.212     0.597    -1.651
      3.205     0.598    -1.651
      3.197     0.599    -1.651
      3.189     0.599    -1.651
      3.181     0.600    -1.651
      3.173     0.601    -1.652
      3.165     0.601    -1.652
      3.157     0.602    -1.652
      3.149     0.602    -1.652
      3.141     0.603    -1.652
      3.134     0.603    -1.652
      3.126     0.604    -1.653
      3.119     0.604    -1.653
      3.111     0.605    -1.653
      3.104     0.605    -1.653
      3.097     0.606    -1.653
      3.089     0.606    -1.653
      3.082     0.606    -1.653
      3.074     0.607    -1.654
      3.067     0.607    -1.654
      3.059     0.607    -1.654
      3.052     0.608    -1.654
      3.045     0.608    -1.654
      3.038     0.608    -1.654
      3.031     0.609    -1.654
      3.024     0.609    -1.654
      3.017     0.609    -1.655
      3.009     0.609    -1.655
      3.001     0.610    -1.655
      2.993     0.610    -1.655
      2.985     0.610    -1.655
      2.977     0.610    -1.655
      2.968     0.611    -1.655
      2.960     0.611    -1.656
      2.953     0.611    -1.656
      2.946     0.611    -1.656
      2.938     0.611    -1.656
      2.931     0.611    -1.656
      2.923     0.611    -1.656
      2.916     0.612    -1.656
      2.908     0.612    -1.656
      2.901     0.612    -1.656
      2.894     0.612    -1.657
      2.886     0.612    -1.657
      2.879     0.612    -1.657
      2.871     0.612    -1.657
      2.864     0.612    -1.657
      2.857     0.612    -1.657
      2.850     0.612    -1.657
      2.843     0.612    -1.657
      2.836     0.611    -1.657
      2.829     0.611    -1.657
      2.821     0.611    -1.658
      2.814     0.611    -1.658
      2.807     0.611    -1.658
      2.799     0.611    -1.658
      2.792     0.611    -1.658
      2.785     0.610    -1.658
      2.778     0.610    -1.658
      2.771     0.610    -1.658
      2.764     0.610    -1.658
      2.757     0.610    -1.658
      2.749     0.609    -1.659
      2.741     0.609    -1.659
      2.733     0.609    -1.659
      2.726     0.608    -1.659
      2.718     0.608    -1.659
      2.710     0.608    -1.659
      2.702     0.607    -1.659
      2.694     0.607    -1.659
      2.687     0.606    -1.659
      2.680     0.606    -1.659
      2.672     0.605    -1.659
      2.665     0.605    -1.660
      2.658     0.604    -1.660
      2.650     0.604    -1.660
      2.643     0.603    -1.660
      2.635     0.603    -1.660
      2.627     0.602    -1.660
      2.619     0.602    -1.660
      2.611     0.601    -1.660
      2.603     0.600    -1.660
      2.595     0.600    -1.660
      2.587     0.599    -1.660
      2.579     0.598    -1.661
      2.571     0.597    -1.661
      2.562     0.597    -1.661
      2.555     0.596    -1.661
      2.547     0.595    -1.661
      2.539     0.594    -1.661
      2.531     0.593    -1.661
      2.523     0.592    -1.661
      2.515     0.592    -1.661
      2.507     0.591    -1.661
      2.499     0.590    -1.661
      2.491     0.589    -1.662
      2.483     0.588    -1.662
      2.475     0.587    -1.662
      2.467     0.586    -1.662
      2.459     0.585    -1.662
      2.451     0.584    -1.662
      2.443     0.582    -1.662
      2.435     0.581    -1.662
      2.427     0.580    -1.662
      2.419     0.579    -1.662
      2.411     0.578    -1.662
      2.403     0.577    -1.662
      2.395     0.575    -1.663
      2.387     0.574    -1.663
      2.379     0.573    -1.663
      2.371     0.571    -1.663
      2.363     0.570    -1.663
      2.355     0.569    -1.663
      2.348     0.567    -1.663
      2.340     0.566    -1.663
      2.332     0.565    -1.663
      2.324     0.563    -1.663
      2.316     0.562    -1.663
      2.308     0.560    -1.663
      2.300     0.559    -1.663
      2.292     0.557    -1.664
      2.284     0.556    -1.664
      2.276     0.554    -1.664
      2.268     0.552    -1.664
      2.260     0.551    -1.664
      2.252     0.549    -1.664
      2.245     0.547    -1.664
      2.237     0.546    -1.664
      2.229     0.544    -1.664
      2.221     0.542    -1.664
      2.214     0.541    -1.664
      2.206     0.539    -1.664
      2.199     0.537    -1.664
      2.192     0.536    -1.664
      2.185     0.534    -1.665
      2.177     0.532    -1.665
      2.170     0.530    -1.665
      2.162     0.528    -1.665
      2.154     0.526    -1.665
      2.146     0.524    -1.665
      2.138     0.522    -1.665
      2.131     0.521    -1.665
      2.123     0.518    -1.665
      2.115     0.516    -1.665
      2.107     0.514    -1.665
      2.100     0.512    -1.665
      2.092     0.510    -1.665
      2.084     0.508    -1.665
      2.076     0.506    -1.665
      2.068     0.504    -1.666
      2.061     0.501    -1.666
      2.053     0.499    -1.666
      2.045     0.497    -1.666
      2.037     0.494    -1.666
      2.030     0.492    -1.666
      2.022     0.490    -1.666
      2.014     0.487    -1.666
      2.006     0.485    -1.666
      1.999     0.483    -1.666
      1.992     0.480    -1.666
      1.985     0.478    -1.666
      1.977     0.476    -1.666
      1.970     0.473    -1.666
      1.963     0.471    -1.666
      1.956     0.469    -1.666
      1.949     0.466    -1.666
      1.941     0.463    -1.667
      1.933     0.461    -1.667
      1.926     0.458    -1.667
      1.918     0.455    -1.667
      1.910     0.453    -1.667
      1.903     0.450    -1.667
      1.896     0.447    -1.667
      1.889     0.445    -1.667
      1.882     0.442    -1.667
      1.875     0.440    -1.667
      1.868     0.437    -1.667
      1.861     0.434    -1.667
      1.854     0.432    -1.667
      1.847     0.429    -1.667
      1.840     0.426    -1.667
      1.833     0.424    -1.668
      1.826     0.421    -1.668
      1.820     0.418    -1.668
      1.813     0.415    -1.668
      1.807     0.413    -1.668
      1.800     0.410    -1.668
      1.794     0.407    -1.668
      1.787     0.405    -1.668
      1.780     0.402    -1.668
      1.772     0.398    -1.668
      1.765     0.395    -1.668
      1.758     0.392    -1.668
      1.750     0.389    -1.669
      1.743     0.385    -1.669
      1.736     0.382    -1.669
      1.728     0.379    -1.669
      1.721     0.376    -1.669
      1.714     0.372    -1.669
      1.707     0.369    -1.669
      1.699     0.365    -1.669
      1.692     0.362    -1.669
      1.685     0.358    -1.669
      1.677     0.355    -1.669
      1.670     0.351    -1.670
      1.663     0.348    -1.670
      1.656     0.344    -1.670
      1.648     0.340    -1.670
      1.641     0.337    -1.670
      1.634     0.333    -1.670
      1.627     0.329    -1.670
      1.620     0.326    -1.670
      1.613     0.322    -1.670
      1.606     0.319    -1.671
      1.600     0.315    -1.671
      1.593     0.312    -1.671
      1.587     0.308    -1.671
      1.580     0.304    -1.671
      1.573     0.300    -1.671
      1.566     0.296    -1.671
      1.559     0.292    -1.671
      1.552     0.288    -1.671
      1.545     0.284    -1.672
      1.538     0.280    -1.672
      1.531     0.276    -1.672
      1.525     0.272    -1.672
      1.518     0.269    -1.672
      1.512     0.265    -1.672
      1.506     0.261    -1.672
      1.499     0.257    -1.672
      1.493     0.253    -1.672
      1.487     0.249    -1.673
      1.481     0.245    -1.673
      1.474     0.241    -1.673
      1.468     0.237    -1.673
      1.462     0.233    -1.673
      1.456     0.229    -1.673
      1.450     0.225    -1.673
      1.444     0.221    -1.673
      1.438     0.217    -1.673
      1.432     0.213    -1.673
      1.427     0.209    -1.674
      1.420     0.205    -1.674
      1.413     0.200    -1.674
      1.407     0.195    -1.674
      1.400     0.190    -1.674
      1.394     0.186    -1.674
      1.387     0.181    -1.674
      1.381     0.176    -1.674
      1.375     0.172    -1.674
      1.369     0.167    -1.675
      1.363     0.163    -1.675
      1.357     0.158    -1.675
      1.351     0.154    -1.675
      1.345     0.149    -1.675
      1.339     0.144    -1.675
      1.334     0.140    -1.675
      1.328     0.135    -1.675
      1.322     0.131    -1.675
      1.316     0.126    -1.675
      1.311     0.121    -1.675
      1.305     0.117    -1.676
      1.300     0.112    -1.676
      1.295     0.108    -1.676
      1.289     0.103    -1.676
      1.284     0.098    -1.676
      1.278     0.093    -1.676
      1.273     0.089    -1.676
      1.267     0.084    -1.676
      1.262     0.079    -1.676
      1.256     0.074    -1.676
      1.251     0.069    -1.676
      1.246     0.064    -1.676
      1.241     0.059    -1.676
      1.235     0.054    -1.676
      1.230     0.049    -1.676
      1.225     0.045    -1.676
      1.220     0.040    -1.676
      1.215     0.035    -1.677
      1.210     0.030    -1.677
      1.205     0.025    -1.677
      1.200     0.020    -1.677
      1.196     0.015    -1.677
      1.191     0.010    -1.677
      1.186     0.005    -1.677
      1.181     0.000    -1.677
