Count of Points:215

WCS coordinates of Points:
      6.020     0.659    -1.544
      6.027     0.658    -1.541
      6.035     0.656    -1.538
      6.042     0.655    -1.535
      6.050     0.653    -1.532
      6.057     0.652    -1.530
      6.065     0.650    -1.527
      6.072     0.649    -1.524
      6.079     0.647    -1.521
      6.086     0.645    -1.518
      6.093     0.644    -1.516
      6.100     0.642    -1.513
      6.108     0.641    -1.510
      6.115     0.639    -1.508
      6.122     0.638    -1.505
      6.129     0.636    -1.502
      6.136     0.635    -1.499
      6.143     0.633    -1.497
      6.150     0.632    -1.494
      6.157     0.630    -1.491
      6.164     0.629    -1.489
      6.171     0.627    -1.486
      6.178     0.625    -1.483
      6.185     0.624    -1.480
      6.192     0.622    -1.478
      6.199     0.621    -1.475
      6.206     0.619    -1.472
      6.213     0.617    -1.470
      6.220     0.616    -1.467
      6.227     0.614    -1.464
      6.234     0.613    -1.462
      6.242     0.611    -1.459
      6.249     0.609    -1.456
      6.256     0.608    -1.453
      6.263     0.606    -1.451
      6.270     0.604    -1.448
      6.277     0.603    -1.445
      6.284     0.601    -1.443
      6.291     0.599    -1.440
      6.298     0.598    -1.437
      6.305     0.596    -1.434
      6.313     0.594    -1.432
      6.320     0.592    -1.429
      6.326     0.591    -1.427
      6.333     0.589    -1.424
      6.340     0.587    -1.421
      6.348     0.586    -1.419
      6.355     0.584    -1.416
      6.362     0.582    -1.413
      6.369     0.580    -1.410
      6.376     0.579    -1.408
      6.383     0.577    -1.405
      6.390     0.575    -1.402
      6.397     0.573    -1.400
      6.404     0.572    -1.397
      6.411     0.570    -1.394
      6.419     0.568    -1.392
      6.426     0.566    -1.389
      6.433     0.564    -1.386
      6.440     0.563    -1.384
      6.446     0.561    -1.381
      6.453     0.559    -1.379
      6.459     0.558    -1.377
      6.466     0.556    -1.374
      6.472     0.554    -1.372
      6.479     0.553    -1.369
      6.486     0.551    -1.367
      6.493     0.549    -1.364
      6.500     0.547    -1.361
      6.507     0.545    -1.359
      6.514     0.543    -1.356
      6.521     0.541    -1.354
      6.528     0.540    -1.351
      6.535     0.538    -1.348
      6.542     0.536    -1.346
      6.549     0.534    -1.343
      6.556     0.532    -1.341
      6.563     0.530    -1.338
      6.570     0.528    -1.336
      6.577     0.526    -1.333
      6.585     0.524    -1.330
      6.592     0.522    -1.328
      6.599     0.520    -1.325
      6.606     0.518    -1.323
      6.613     0.517    -1.320
      6.620     0.515    -1.318
      6.627     0.513    -1.315
      6.634     0.511    -1.313
      6.641     0.509    -1.310
      6.648     0.507    -1.308
      6.654     0.505    -1.305
      6.661     0.503    -1.303
      6.667     0.501    -1.301
      6.674     0.499    -1.298
      6.680     0.498    -1.296
      6.687     0.496    -1.294
      6.695     0.494    -1.291
      6.702     0.492    -1.289
      6.709     0.490    -1.286
      6.716     0.487    -1.284
      6.723     0.485    -1.281
      6.730     0.483    -1.279
      6.737     0.482    -1.277
      6.743     0.480    -1.274
      6.750     0.478    -1.272
      6.756     0.476    -1.270
      6.763     0.474    -1.268
      6.769     0.472    -1.265
      6.776     0.470    -1.263
      6.782     0.468    -1.261
      6.789     0.466    -1.259
      6.795     0.464    -1.257
      6.802     0.463    -1.254
      6.808     0.461    -1.252
      6.814     0.459    -1.250
      6.821     0.457    -1.248
      6.827     0.455    -1.246
      6.833     0.453    -1.244
      6.839     0.452    -1.242
      6.846     0.449    -1.240
      6.853     0.447    -1.237
      6.860     0.445    -1.235
      6.867     0.443    -1.233
      6.875     0.441    -1.230
      6.882     0.439    -1.228
      6.889     0.437    -1.226
      6.896     0.435    -1.224
      6.903     0.433    -1.221
      6.910     0.430    -1.219
      6.917     0.428    -1.217
      6.924     0.426    -1.215
      6.931     0.424    -1.212
      6.938     0.422    -1.210
      6.945     0.420    -1.208
      6.953     0.418    -1.206
      6.960     0.415    -1.203
      6.967     0.413    -1.201
      6.974     0.411    -1.199
      6.981     0.409    -1.197
      6.988     0.407    -1.195
      6.995     0.405    -1.192
      7.003     0.402    -1.190
      7.009     0.400    -1.188
      7.016     0.398    -1.186
      7.022     0.397    -1.184
      7.029     0.395    -1.182
      7.035     0.393    -1.181
      7.042     0.391    -1.179
      7.049     0.388    -1.177
      7.056     0.386    -1.174
      7.064     0.384    -1.172
      7.071     0.382    -1.170
      7.078     0.380    -1.168
      7.085     0.377    -1.166
      7.092     0.375    -1.164
      7.099     0.373    -1.162
      7.106     0.371    -1.160
      7.112     0.369    -1.159
      7.119     0.367    -1.157
      7.125     0.365    -1.155
      7.132     0.363    -1.153
      7.139     0.361    -1.151
      7.145     0.359    -1.150
      7.152     0.357    -1.148
      7.158     0.355    -1.146
      7.165     0.353    -1.144
      7.172     0.351    -1.142
      7.178     0.349    -1.141
      7.184     0.348    -1.139
      7.190     0.346    -1.138
      7.197     0.344    -1.136
      7.203     0.342    -1.134
      7.210     0.340    -1.132
      7.218     0.338    -1.131
      7.225     0.336    -1.129
      7.232     0.333    -1.127
      7.239     0.331    -1.125
      7.247     0.329    -1.123
      7.254     0.327    -1.122
      7.261     0.325    -1.120
      7.267     0.323    -1.118
      7.274     0.321    -1.117
      7.281     0.319    -1.115
      7.287     0.317    -1.114
      7.294     0.315    -1.112
      7.301     0.313    -1.110
      7.307     0.311    -1.109
      7.314     0.309    -1.107
      7.321     0.308    -1.106
      7.327     0.306    -1.104
      7.334     0.304    -1.103
      7.340     0.302    -1.101
      7.347     0.300    -1.100
      7.353     0.298    -1.099
      7.360     0.297    -1.097
      7.366     0.295    -1.096
      7.373     0.293    -1.094
      7.379     0.291    -1.093
      7.386     0.289    -1.092
      7.393     0.287    -1.090
      7.400     0.285    -1.089
      7.406     0.284    -1.087
      7.413     0.282    -1.086
      7.419     0.280    -1.085
      7.426     0.278    -1.084
      7.432     0.277    -1.082
      7.438     0.275    -1.081
      7.445     0.273    -1.080
      7.453     0.271    -1.078
      7.460     0.269    -1.077
      7.467     0.267    -1.076
      7.474     0.266    -1.074
      7.481     0.264    -1.073
      7.488     0.262    -1.072
      7.495     0.260    -1.071
