Count of Points:874

WCS coordinates of Points:
      1.181     0.000    -1.267
      1.187     0.004    -1.267
      1.193     0.009    -1.267
      1.198     0.013    -1.267
      1.204     0.017    -1.267
      1.210     0.022    -1.267
      1.215     0.026    -1.267
      1.221     0.030    -1.267
      1.227     0.034    -1.267
      1.232     0.038    -1.267
      1.238     0.042    -1.267
      1.244     0.047    -1.267
      1.250     0.051    -1.267
      1.256     0.055    -1.267
      1.262     0.059    -1.267
      1.268     0.063    -1.267
      1.274     0.067    -1.267
      1.280     0.071    -1.267
      1.286     0.075    -1.267
      1.291     0.079    -1.267
      1.297     0.083    -1.267
      1.303     0.087    -1.267
      1.309     0.091    -1.267
      1.315     0.095    -1.267
      1.322     0.099    -1.267
      1.329     0.104    -1.267
      1.335     0.108    -1.267
      1.342     0.112    -1.267
      1.349     0.116    -1.267
      1.355     0.120    -1.267
      1.361     0.124    -1.267
      1.367     0.128    -1.267
      1.373     0.132    -1.267
      1.379     0.135    -1.267
      1.386     0.139    -1.267
      1.392     0.143    -1.267
      1.398     0.147    -1.267
      1.405     0.151    -1.267
      1.412     0.155    -1.267
      1.419     0.159    -1.267
      1.426     0.163    -1.267
      1.433     0.167    -1.266
      1.440     0.170    -1.266
      1.446     0.174    -1.266
      1.453     0.178    -1.266
      1.460     0.182    -1.266
      1.467     0.186    -1.266
      1.474     0.189    -1.266
      1.481     0.193    -1.266
      1.488     0.197    -1.266
      1.494     0.200    -1.266
      1.500     0.204    -1.266
      1.507     0.207    -1.266
      1.513     0.210    -1.266
      1.519     0.214    -1.266
      1.526     0.217    -1.266
      1.532     0.220    -1.266
      1.539     0.224    -1.266
      1.546     0.227    -1.266
      1.553     0.231    -1.266
      1.560     0.234    -1.266
      1.568     0.238    -1.266
      1.575     0.241    -1.266
      1.582     0.245    -1.266
      1.589     0.248    -1.266
      1.596     0.251    -1.266
      1.603     0.255    -1.266
      1.610     0.258    -1.266
      1.617     0.261    -1.266
      1.624     0.265    -1.265
      1.631     0.268    -1.265
      1.639     0.271    -1.265
      1.646     0.274    -1.265
      1.653     0.278    -1.265
      1.660     0.281    -1.265
      1.668     0.284    -1.265
      1.675     0.287    -1.265
      1.682     0.290    -1.265
      1.689     0.293    -1.265
      1.696     0.296    -1.265
      1.703     0.299    -1.265
      1.711     0.302    -1.265
      1.718     0.305    -1.265
      1.725     0.308    -1.265
      1.733     0.311    -1.265
      1.740     0.314    -1.265
      1.747     0.317    -1.265
      1.754     0.320    -1.265
      1.761     0.322    -1.265
      1.768     0.325    -1.265
      1.774     0.328    -1.265
      1.781     0.330    -1.265
      1.788     0.333    -1.265
      1.794     0.335    -1.265
      1.802     0.338    -1.265
      1.809     0.341    -1.265
      1.817     0.343    -1.264
      1.824     0.346    -1.264
      1.832     0.349    -1.264
      1.839     0.351    -1.264
      1.846     0.354    -1.264
      1.854     0.357    -1.264
      1.861     0.359    -1.264
      1.869     0.362    -1.264
      1.876     0.364    -1.264
      1.884     0.367    -1.264
      1.891     0.369    -1.264
      1.898     0.372    -1.264
      1.906     0.374    -1.264
      1.913     0.376    -1.264
      1.921     0.379    -1.264
      1.928     0.381    -1.264
      1.936     0.384    -1.264
      1.943     0.386    -1.264
      1.951     0.388    -1.264
      1.958     0.390    -1.264
      1.966     0.393    -1.264
      1.973     0.395    -1.264
      1.981     0.397    -1.264
      1.989     0.399    -1.264
      1.996     0.402    -1.264
      2.004     0.404    -1.264
      2.011     0.406    -1.264
      2.019     0.408    -1.264
      2.027     0.410    -1.264
      2.034     0.412    -1.264
      2.042     0.414    -1.264
      2.050     0.416    -1.264
      2.057     0.418    -1.264
      2.065     0.420    -1.264
      2.072     0.422    -1.264
      2.080     0.424    -1.264
      2.087     0.426    -1.264
      2.095     0.428    -1.264
      2.103     0.430    -1.263
      2.110     0.431    -1.263
      2.118     0.433    -1.263
      2.126     0.435    -1.263
      2.134     0.437    -1.263
      2.141     0.439    -1.263
      2.149     0.440    -1.263
      2.157     0.442    -1.263
      2.164     0.444    -1.263
      2.172     0.445    -1.263
      2.180     0.447    -1.263
      2.188     0.449    -1.263
      2.195     0.450    -1.263
      2.203     0.452    -1.263
      2.210     0.453    -1.263
      2.217     0.455    -1.263
      2.224     0.456    -1.263
      2.231     0.457    -1.263
      2.238     0.459    -1.263
      2.245     0.460    -1.263
      2.252     0.461    -1.263
      2.259     0.463    -1.263
      2.267     0.464    -1.263
      2.274     0.465    -1.263
      2.281     0.466    -1.263
      2.288     0.467    -1.263
      2.296     0.469    -1.263
      2.303     0.470    -1.263
      2.311     0.471    -1.263
      2.319     0.473    -1.263
      2.327     0.474    -1.263
      2.335     0.475    -1.263
      2.342     0.476    -1.263
      2.350     0.477    -1.263
      2.358     0.478    -1.263
      2.366     0.479    -1.263
      2.374     0.481    -1.263
      2.381     0.482    -1.263
      2.389     0.483    -1.263
      2.397     0.484    -1.263
      2.405     0.485    -1.263
      2.412     0.486    -1.263
      2.420     0.486    -1.263
      2.428     0.487    -1.262
      2.436     0.488    -1.262
      2.444     0.489    -1.262
      2.451     0.490    -1.262
      2.459     0.491    -1.262
      2.467     0.492    -1.262
      2.475     0.492    -1.262
      2.483     0.493    -1.262
      2.491     0.494    -1.262
      2.498     0.495    -1.262
      2.506     0.495    -1.262
      2.514     0.496    -1.262
      2.522     0.497    -1.262
      2.530     0.497    -1.262
      2.538     0.498    -1.262
      2.546     0.499    -1.262
      2.554     0.499    -1.262
      2.562     0.500    -1.262
      2.569     0.500    -1.262
      2.577     0.501    -1.262
      2.585     0.501    -1.262
      2.593     0.502    -1.262
      2.600     0.502    -1.262
      2.608     0.502    -1.262
      2.616     0.503    -1.262
      2.624     0.503    -1.262
      2.632     0.504    -1.262
      2.640     0.504    -1.262
      2.648     0.504    -1.262
      2.656     0.505    -1.262
      2.664     0.505    -1.262
      2.672     0.505    -1.262
      2.680     0.505    -1.262
      2.687     0.505    -1.262
      2.695     0.506    -1.262
      2.703     0.506    -1.261
      2.711     0.506    -1.261
      2.718     0.506    -1.261
      2.725     0.506    -1.261
      2.732     0.506    -1.261
      2.740     0.506    -1.261
      2.747     0.506    -1.261
      2.755     0.506    -1.261
      2.763     0.506    -1.261
      2.771     0.506    -1.261
      2.779     0.506    -1.261
      2.786     0.506    -1.261
      2.794     0.506    -1.261
      2.802     0.506    -1.261
      2.810     0.506    -1.261
      2.817     0.506    -1.261
      2.825     0.506    -1.261
      2.833     0.505    -1.261
      2.841     0.505    -1.261
      2.849     0.505    -1.261
      2.857     0.505    -1.261
      2.865     0.505    -1.261
      2.873     0.504    -1.261
      2.881     0.504    -1.261
      2.889     0.504    -1.261
      2.897     0.503    -1.261
      2.905     0.503    -1.261
      2.913     0.503    -1.261
      2.920     0.502    -1.261
      2.928     0.502    -1.261
      2.936     0.501    -1.261
      2.943     0.501    -1.261
      2.950     0.501    -1.260
      2.957     0.500    -1.260
      2.965     0.500    -1.260
      2.972     0.499    -1.260
      2.980     0.499    -1.260
      2.988     0.498    -1.260
      2.996     0.498    -1.260
      3.004     0.497    -1.260
      3.011     0.496    -1.260
      3.019     0.496    -1.260
      3.027     0.495    -1.260
      3.035     0.494    -1.260
      3.042     0.494    -1.260
      3.049     0.493    -1.260
      3.056     0.492    -1.260
      3.063     0.492    -1.260
      3.071     0.491    -1.260
      3.078     0.490    -1.260
      3.085     0.490    -1.260
      3.092     0.489    -1.260
      3.100     0.488    -1.260
      3.107     0.487    -1.260
      3.114     0.487    -1.260
      3.121     0.486    -1.260
      3.128     0.485    -1.259
      3.134     0.484    -1.259
      3.141     0.484    -1.259
      3.148     0.483    -1.259
      3.155     0.482    -1.259
      3.162     0.481    -1.259
      3.169     0.480    -1.259
      3.177     0.479    -1.259
      3.184     0.478    -1.259
      3.191     0.478    -1.259
      3.198     0.477    -1.259
      3.206     0.476    -1.259
      3.214     0.475    -1.259
      3.221     0.473    -1.259
      3.229     0.472    -1.259
      3.237     0.471    -1.259
      3.245     0.470    -1.259
      3.253     0.469    -1.259
      3.261     0.468    -1.258
      3.268     0.467    -1.258
      3.276     0.466    -1.258
      3.284     0.464    -1.258
      3.292     0.463    -1.258
      3.299     0.462    -1.258
      3.307     0.461    -1.258
      3.315     0.459    -1.258
      3.322     0.458    -1.258
      3.330     0.457    -1.258
      3.338     0.456    -1.258
      3.346     0.454    -1.258
      3.353     0.453    -1.257
      3.361     0.452    -1.257
      3.369     0.450    -1.257
      3.376     0.449    -1.257
      3.384     0.448    -1.257
      3.392     0.446    -1.257
      3.400     0.445    -1.257
      3.408     0.443    -1.257
      3.415     0.442    -1.257
      3.423     0.441    -1.257
      3.431     0.439    -1.257
      3.439     0.438    -1.256
      3.446     0.436    -1.256
      3.454     0.435    -1.256
      3.462     0.433    -1.256
      3.470     0.432    -1.256
      3.477     0.430    -1.256
      3.485     0.429    -1.256
      3.493     0.427    -1.256
      3.500     0.426    -1.255
      3.508     0.424    -1.255
      3.516     0.422    -1.255
      3.523     0.421    -1.255
      3.531     0.419    -1.255
      3.539     0.417    -1.255
      3.547     0.416    -1.255
      3.554     0.414    -1.255
      3.562     0.412    -1.254
      3.570     0.411    -1.254
      3.578     0.409    -1.254
      3.585     0.407    -1.254
      3.593     0.406    -1.254
      3.601     0.404    -1.254
      3.609     0.402    -1.254
      3.616     0.401    -1.253
      3.623     0.399    -1.253
      3.630     0.397    -1.253
      3.637     0.396    -1.253
      3.644     0.394    -1.253
      3.651     0.393    -1.253
      3.659     0.391    -1.253
      3.667     0.389    -1.252
      3.674     0.387    -1.252
      3.682     0.385    -1.252
      3.690     0.383    -1.252
      3.697     0.382    -1.252
      3.705     0.380    -1.251
      3.712     0.378    -1.251
      3.720     0.376    -1.251
      3.728     0.374    -1.251
      3.735     0.372    -1.251
      3.743     0.370    -1.251
      3.751     0.369    -1.250
      3.758     0.367    -1.250
      3.766     0.365    -1.250
      3.774     0.363    -1.250
      3.781     0.361    -1.249
      3.789     0.359    -1.249
      3.797     0.357    -1.249
      3.804     0.355    -1.249
      3.812     0.353    -1.249
      3.820     0.351    -1.248
      3.827     0.349    -1.248
      3.834     0.347    -1.248
      3.841     0.345    -1.248
      3.849     0.343    -1.248
      3.856     0.342    -1.247
      3.863     0.340    -1.247
      3.870     0.338    -1.247
      3.877     0.336    -1.247
      3.885     0.334    -1.246
      3.893     0.332    -1.246
      3.900     0.330    -1.246
      3.908     0.327    -1.246
      3.916     0.325    -1.245
      3.923     0.323    -1.245
      3.930     0.321    -1.245
      3.937     0.319    -1.245
      3.944     0.318    -1.244
      3.951     0.316    -1.244
      3.958     0.314    -1.244
      3.965     0.312    -1.243
      3.972     0.310    -1.243
      3.979     0.308    -1.243
      3.986     0.306    -1.243
      3.993     0.304    -1.242
      4.000     0.302    -1.242
      4.007     0.300    -1.242
      4.014     0.298    -1.242
      4.020     0.296    -1.241
      4.027     0.294    -1.241
      4.033     0.293    -1.241
      4.040     0.291    -1.240
      4.048     0.288    -1.240
      4.055     0.286    -1.240
      4.063     0.284    -1.240
      4.070     0.282    -1.239
      4.078     0.280    -1.239
      4.085     0.278    -1.238
      4.093     0.275    -1.238
      4.100     0.273    -1.238
      4.108     0.271    -1.237
      4.115     0.269    -1.237
      4.123     0.267    -1.237
      4.131     0.264    -1.236
      4.138     0.262    -1.236
      4.146     0.260    -1.236
      4.153     0.258    -1.235
      4.161     0.256    -1.235
      4.169     0.253    -1.234
      4.176     0.251    -1.234
      4.184     0.249    -1.234
      4.191     0.247    -1.233
      4.199     0.244    -1.233
      4.206     0.242    -1.232
      4.214     0.240    -1.232
      4.221     0.238    -1.232
      4.228     0.236    -1.231
      4.235     0.234    -1.231
      4.242     0.232    -1.231
      4.249     0.229    -1.230
      4.256     0.227    -1.230
      4.263     0.225    -1.229
      4.271     0.223    -1.229
      4.278     0.221    -1.228
      4.286     0.218    -1.228
      4.293     0.216    -1.228
      4.301     0.214    -1.227
      4.309     0.211    -1.227
      4.316     0.209    -1.226
      4.322     0.207    -1.226
      4.329     0.205    -1.225
      4.336     0.203    -1.225
      4.343     0.201    -1.224
      4.350     0.199    -1.224
      4.357     0.197    -1.224
      4.364     0.195    -1.223
      4.371     0.192    -1.223
      4.378     0.190    -1.222
      4.385     0.188    -1.222
      4.392     0.186    -1.221
      4.398     0.184    -1.221
      4.405     0.182    -1.220
      4.411     0.180    -1.220
      4.418     0.178    -1.220
      4.425     0.176    -1.219
      4.432     0.174    -1.219
      4.440     0.171    -1.218
      4.447     0.169    -1.217
      4.455     0.167    -1.217
      4.462     0.164    -1.216
      4.470     0.162    -1.216
      4.477     0.160    -1.215
      4.484     0.158    -1.215
      4.491     0.156    -1.214
      4.498     0.153    -1.214
      4.505     0.151    -1.213
      4.512     0.149    -1.213
      4.519     0.147    -1.212
      4.526     0.145    -1.212
      4.533     0.143    -1.211
      4.540     0.141    -1.210
      4.547     0.139    -1.210
      4.554     0.136    -1.209
      4.561     0.134    -1.209
      4.567     0.132    -1.208
      4.574     0.130    -1.208
      4.580     0.128    -1.207
      4.587     0.126    -1.207
      4.593     0.124    -1.206
      4.600     0.122    -1.205
      4.607     0.120    -1.205
      4.614     0.118    -1.204
      4.621     0.116    -1.204
      4.628     0.114    -1.203
      4.635     0.111    -1.202
      4.641     0.109    -1.202
      4.648     0.107    -1.201
      4.654     0.105    -1.201
      4.661     0.103    -1.200
      4.667     0.101    -1.199
      4.675     0.099    -1.199
      4.682     0.097    -1.198
      4.689     0.095    -1.197
      4.696     0.092    -1.197
      4.704     0.090    -1.196
      4.711     0.088    -1.195
      4.718     0.086    -1.195
      4.725     0.083    -1.194
      4.732     0.081    -1.193
      4.739     0.079    -1.193
      4.746     0.077    -1.192
      4.753     0.075    -1.191
      4.760     0.073    -1.190
      4.766     0.071    -1.190
      4.773     0.069    -1.189
      4.781     0.066    -1.188
      4.788     0.064    -1.187
      4.796     0.062    -1.187
      4.803     0.059    -1.186
      4.811     0.057    -1.185
      4.818     0.055    -1.184
      4.826     0.052    -1.183
      4.833     0.050    -1.182
      4.841     0.048    -1.182
      4.848     0.046    -1.181
      4.856     0.043    -1.180
      4.863     0.041    -1.179
      4.871     0.039    -1.178
      4.878     0.036    -1.177
      4.885     0.034    -1.176
      4.893     0.032    -1.175
      4.900     0.029    -1.175
      4.908     0.027    -1.174
      4.915     0.025    -1.173
      4.923     0.023    -1.172
      4.930     0.020    -1.171
      4.938     0.018    -1.170
      4.945     0.016    -1.169
      4.952     0.013    -1.168
      4.960     0.011    -1.167
      4.967     0.009    -1.166
      4.975     0.006    -1.165
      4.982     0.004    -1.164
      4.990     0.002    -1.163
      4.998    -0.000    -1.162
      5.005    -0.003    -1.161
      5.012    -0.005    -1.160
      5.020    -0.007    -1.159
      5.027    -0.010    -1.158
      5.035    -0.012    -1.157
      5.042    -0.014    -1.156
      5.050    -0.017    -1.155
      5.057    -0.019    -1.154
      5.064    -0.021    -1.153
      5.072    -0.023    -1.152
      5.079    -0.026    -1.151
      5.087    -0.028    -1.150
      5.094    -0.030    -1.148
      5.102    -0.033    -1.147
      5.109    -0.035    -1.146
      5.117    -0.037    -1.145
      5.124    -0.040    -1.144
      5.132    -0.042    -1.143
      5.139    -0.044    -1.142
      5.147    -0.047    -1.140
      5.154    -0.049    -1.139
      5.162    -0.051    -1.138
      5.169    -0.053    -1.137
      5.176    -0.056    -1.136
      5.183    -0.058    -1.135
      5.190    -0.060    -1.134
      5.197    -0.062    -1.133
      5.204    -0.064    -1.132
      5.210    -0.066    -1.130
      5.218    -0.069    -1.129
      5.225    -0.071    -1.128
      5.233    -0.073    -1.127
      5.240    -0.075    -1.125
      5.248    -0.078    -1.124
      5.255    -0.080    -1.123
      5.262    -0.082    -1.122
      5.270    -0.085    -1.121
      5.277    -0.087    -1.119
      5.284    -0.089    -1.118
      5.292    -0.092    -1.117
      5.299    -0.094    -1.115
      5.307    -0.096    -1.114
      5.314    -0.098    -1.113
      5.322    -0.101    -1.111
      5.329    -0.103    -1.110
      5.337    -0.105    -1.109
      5.344    -0.108    -1.107
      5.352    -0.110    -1.106
      5.359    -0.112    -1.105
      5.367    -0.115    -1.103
      5.374    -0.117    -1.102
      5.381    -0.119    -1.101
      5.388    -0.121    -1.099
      5.395    -0.124    -1.098
      5.402    -0.126    -1.097
      5.409    -0.128    -1.096
      5.416    -0.130    -1.094
      5.422    -0.132    -1.093
      5.430    -0.134    -1.092
      5.437    -0.137    -1.090
      5.445    -0.139    -1.089
      5.452    -0.141    -1.087
      5.460    -0.144    -1.086
      5.467    -0.146    -1.084
      5.474    -0.148    -1.083
      5.481    -0.151    -1.082
      5.488    -0.153    -1.080
      5.495    -0.155    -1.079
      5.502    -0.157    -1.078
      5.509    -0.159    -1.076
      5.515    -0.161    -1.075
      5.522    -0.163    -1.074
      5.529    -0.165    -1.072
      5.536    -0.168    -1.071
      5.543    -0.170    -1.070
      5.549    -0.172    -1.068
      5.556    -0.174    -1.067
      5.563    -0.176    -1.066
      5.569    -0.178    -1.064
      5.575    -0.180    -1.063
      5.582    -0.182    -1.062
      5.588    -0.184    -1.060
      5.596    -0.186    -1.059
      5.603    -0.189    -1.057
      5.610    -0.191    -1.056
      5.618    -0.193    -1.054
      5.625    -0.196    -1.053
      5.633    -0.198    -1.051
      5.640    -0.200    -1.050
      5.647    -0.203    -1.048
      5.654    -0.205    -1.047
      5.662    -0.207    -1.045
      5.669    -0.210    -1.043
      5.677    -0.212    -1.042
      5.684    -0.214    -1.040
      5.691    -0.217    -1.039
      5.699    -0.219    -1.037
      5.706    -0.221    -1.036
      5.714    -0.224    -1.034
      5.721    -0.226    -1.032
      5.728    -0.228    -1.031
      5.736    -0.231    -1.029
      5.743    -0.233    -1.028
      5.750    -0.235    -1.026
      5.758    -0.238    -1.024
      5.765    -0.240    -1.023
      5.771    -0.242    -1.021
      5.778    -0.244    -1.020
      5.785    -0.246    -1.018
      5.792    -0.248    -1.017
      5.799    -0.251    -1.015
      5.806    -0.253    -1.014
      5.813    -0.255    -1.012
      5.821    -0.258    -1.010
      5.828    -0.260    -1.009
      5.835    -0.262    -1.007
      5.843    -0.265    -1.005
      5.850    -0.267    -1.004
      5.857    -0.269    -1.002
      5.864    -0.272    -1.001
      5.870    -0.274    -0.999
      5.877    -0.276    -0.998
      5.884    -0.278    -0.996
      5.891    -0.280    -0.995
      5.897    -0.282    -0.993
      5.904    -0.285    -0.992
      5.911    -0.287    -0.990
      5.918    -0.289    -0.988
      5.924    -0.291    -0.987
      5.931    -0.293    -0.985
      5.938    -0.295    -0.984
      5.944    -0.298    -0.982
      5.950    -0.300    -0.981
      5.957    -0.302    -0.979
      5.963    -0.304    -0.978
      5.970    -0.306    -0.976
      5.978    -0.309    -0.975
      5.985    -0.311    -0.973
      5.992    -0.313    -0.971
      6.000    -0.316    -0.969
      6.007    -0.318    -0.968
      6.015    -0.321    -0.966
      6.021    -0.323    -0.964
      6.028    -0.325    -0.963
      6.035    -0.327    -0.961
      6.041    -0.329    -0.960
      6.048    -0.332    -0.958
      6.055    -0.334    -0.957
      6.062    -0.336    -0.955
      6.068    -0.338    -0.953
      6.075    -0.341    -0.952
      6.082    -0.343    -0.950
      6.089    -0.345    -0.949
      6.095    -0.347    -0.947
      6.102    -0.349    -0.946
      6.108    -0.351    -0.944
      6.114    -0.354    -0.943
      6.121    -0.356    -0.941
      6.127    -0.358    -0.940
      6.134    -0.360    -0.938
      6.140    -0.362    -0.936
      6.147    -0.364    -0.935
      6.154    -0.367    -0.933
      6.161    -0.369    -0.932
      6.167    -0.371    -0.930
      6.174    -0.373    -0.929
      6.180    -0.375    -0.927
      6.186    -0.378    -0.926
      6.193    -0.380    -0.924
      6.199    -0.382    -0.923
      6.206    -0.384    -0.921
      6.213    -0.387    -0.919
      6.220    -0.389    -0.918
      6.227    -0.391    -0.916
      6.234    -0.394    -0.914
      6.241    -0.396    -0.913
      6.249    -0.398    -0.911
      6.256    -0.401    -0.909
      6.263    -0.403    -0.908
      6.270    -0.406    -0.906
      6.278    -0.408    -0.904
      6.285    -0.411    -0.902
      6.292    -0.413    -0.901
      6.299    -0.416    -0.899
      6.307    -0.418    -0.897
      6.314    -0.420    -0.896
      6.321    -0.423    -0.894
      6.328    -0.425    -0.892
      6.336    -0.428    -0.890
      6.343    -0.430    -0.889
      6.350    -0.433    -0.887
      6.358    -0.435    -0.885
      6.365    -0.438    -0.884
      6.372    -0.440    -0.882
      6.379    -0.443    -0.880
      6.387    -0.445    -0.878
      6.394    -0.448    -0.877
      6.401    -0.450    -0.875
      6.409    -0.453    -0.873
      6.416    -0.455    -0.872
      6.423    -0.458    -0.870
      6.430    -0.460    -0.868
      6.437    -0.462    -0.867
      6.444    -0.464    -0.865
      6.450    -0.467    -0.864
      6.457    -0.469    -0.862
      6.464    -0.471    -0.861
      6.471    -0.474    -0.859
      6.478    -0.476    -0.857
      6.486    -0.479    -0.856
      6.493    -0.481    -0.854
      6.500    -0.484    -0.852
      6.508    -0.486    -0.851
      6.515    -0.489    -0.849
      6.522    -0.491    -0.847
      6.529    -0.493    -0.846
      6.535    -0.496    -0.844
      6.542    -0.498    -0.843
      6.549    -0.500    -0.841
      6.555    -0.502    -0.840
      6.562    -0.505    -0.838
      6.569    -0.507    -0.837
      6.576    -0.509    -0.835
      6.582    -0.512    -0.834
      6.589    -0.514    -0.832
      6.596    -0.516    -0.831
      6.602    -0.518    -0.829
      6.609    -0.520    -0.828
      6.615    -0.523    -0.827
      6.621    -0.525    -0.825
      6.628    -0.527    -0.824
      6.635    -0.529    -0.822
      6.642    -0.532    -0.821
      6.650    -0.534    -0.819
      6.657    -0.537    -0.817
      6.664    -0.539    -0.816
      6.672    -0.542    -0.814
      6.679    -0.544    -0.813
      6.686    -0.546    -0.811
      6.693    -0.549    -0.810
      6.699    -0.551    -0.808
      6.706    -0.553    -0.807
      6.713    -0.555    -0.805
      6.720    -0.558    -0.804
      6.726    -0.560    -0.803
      6.733    -0.562    -0.801
      6.740    -0.564    -0.800
      6.747    -0.567    -0.798
      6.753    -0.569    -0.797
      6.760    -0.571    -0.796
      6.767    -0.573    -0.794
      6.773    -0.575    -0.793
      6.779    -0.577    -0.792
      6.786    -0.579    -0.790
      6.792    -0.581    -0.789
      6.799    -0.584    -0.788
      6.806    -0.586    -0.786
      6.813    -0.588    -0.785
      6.819    -0.590    -0.783
      6.826    -0.592    -0.782
      6.833    -0.595    -0.781
      6.839    -0.597    -0.779
      6.846    -0.599    -0.778
      6.852    -0.601    -0.777
      6.859    -0.603    -0.776
      6.865    -0.605    -0.774
      6.872    -0.607    -0.773
      6.879    -0.609    -0.772
      6.886    -0.612    -0.770
      6.894    -0.614    -0.769
      6.901    -0.616    -0.767
      6.908    -0.618    -0.766
      6.915    -0.621    -0.765
      6.922    -0.623    -0.763
      6.930    -0.625    -0.762
      6.937    -0.628    -0.760
      6.945    -0.630    -0.759
      6.952    -0.632    -0.758
      6.960    -0.634    -0.756
      6.967    -0.637    -0.755
      6.974    -0.639    -0.753
      6.981    -0.641    -0.752
      6.988    -0.643    -0.751
      6.995    -0.645    -0.750
      7.002    -0.647    -0.748
      7.009    -0.649    -0.747
      7.016    -0.651    -0.746
      7.022    -0.653    -0.745
      7.029    -0.655    -0.743
      7.036    -0.657    -0.742
      7.043    -0.659    -0.741
      7.050    -0.661    -0.740
      7.057    -0.663    -0.738
      7.063    -0.665    -0.737
      7.070    -0.667    -0.736
      7.076    -0.669    -0.735
      7.083    -0.671    -0.734
      7.089    -0.673    -0.733
      7.096    -0.675    -0.732
      7.103    -0.677    -0.730
      7.110    -0.679    -0.729
      7.117    -0.681    -0.728
      7.124    -0.682    -0.727
      7.131    -0.684    -0.726
      7.137    -0.686    -0.725
      7.144    -0.688    -0.724
      7.150    -0.690    -0.722
      7.157    -0.692    -0.721
      7.163    -0.693    -0.720
      7.171    -0.695    -0.719
      7.178    -0.697    -0.718
      7.185    -0.699    -0.717
      7.192    -0.701    -0.716
      7.200    -0.703    -0.714
      7.207    -0.705    -0.713
      7.214    -0.707    -0.712
      7.222    -0.709    -0.711
      7.229    -0.711    -0.710
      7.236    -0.712    -0.709
      7.242    -0.714    -0.708
      7.249    -0.716    -0.707
      7.256    -0.718    -0.705
      7.263    -0.720    -0.704
      7.270    -0.721    -0.703
      7.277    -0.723    -0.702
      7.283    -0.724    -0.701
      7.290    -0.726    -0.700
      7.296    -0.728    -0.699
      7.304    -0.729    -0.698
      7.311    -0.731    -0.697
      7.318    -0.733    -0.696
      7.326    -0.735    -0.695
      7.333    -0.736    -0.694
      7.340    -0.738    -0.693
      7.348    -0.740    -0.692
      7.355    -0.742    -0.691
      7.363    -0.743    -0.690
      7.370    -0.745    -0.689
      7.377    -0.747    -0.688
      7.385    -0.748    -0.687
      7.392    -0.750    -0.686
      7.399    -0.752    -0.685
      7.407    -0.753    -0.683
      7.414    -0.755    -0.682
      7.422    -0.756    -0.681
      7.430    -0.758    -0.680
      7.438    -0.760    -0.679
      7.445    -0.761    -0.678
      7.453    -0.763    -0.677
      7.461    -0.765    -0.676
