Count of Points:874

WCS coordinates of Points:
      1.181     0.000    -1.330
      1.187     0.005    -1.330
      1.192     0.009    -1.330
      1.198     0.013    -1.330
      1.204     0.018    -1.330
      1.209     0.022    -1.330
      1.215     0.026    -1.330
      1.221     0.031    -1.330
      1.226     0.035    -1.330
      1.232     0.039    -1.330
      1.238     0.044    -1.330
      1.243     0.048    -1.330
      1.249     0.052    -1.330
      1.255     0.056    -1.330
      1.261     0.061    -1.330
      1.267     0.065    -1.330
      1.273     0.069    -1.330
      1.278     0.073    -1.330
      1.284     0.077    -1.330
      1.290     0.081    -1.330
      1.296     0.085    -1.330
      1.302     0.089    -1.330
      1.308     0.093    -1.330
      1.314     0.097    -1.330
      1.321     0.102    -1.330
      1.327     0.106    -1.330
      1.334     0.111    -1.330
      1.340     0.115    -1.330
      1.347     0.119    -1.330
      1.353     0.123    -1.330
      1.359     0.127    -1.330
      1.365     0.131    -1.329
      1.371     0.135    -1.329
      1.377     0.138    -1.329
      1.384     0.142    -1.329
      1.390     0.146    -1.329
      1.396     0.150    -1.329
      1.403     0.154    -1.329
      1.410     0.158    -1.329
      1.417     0.162    -1.329
      1.424     0.166    -1.329
      1.430     0.170    -1.329
      1.437     0.174    -1.329
      1.444     0.178    -1.329
      1.451     0.182    -1.329
      1.458     0.186    -1.329
      1.465     0.190    -1.329
      1.471     0.194    -1.329
      1.478     0.198    -1.329
      1.485     0.201    -1.329
      1.491     0.205    -1.329
      1.498     0.208    -1.329
      1.504     0.212    -1.329
      1.510     0.215    -1.329
      1.517     0.218    -1.329
      1.523     0.222    -1.329
      1.529     0.225    -1.329
      1.536     0.229    -1.329
      1.543     0.232    -1.329
      1.550     0.236    -1.329
      1.557     0.240    -1.328
      1.565     0.243    -1.328
      1.572     0.247    -1.328
      1.579     0.250    -1.328
      1.586     0.254    -1.328
      1.593     0.257    -1.328
      1.600     0.261    -1.328
      1.607     0.264    -1.328
      1.614     0.267    -1.328
      1.621     0.271    -1.328
      1.628     0.274    -1.328
      1.635     0.277    -1.328
      1.642     0.280    -1.328
      1.650     0.284    -1.328
      1.657     0.287    -1.328
      1.664     0.290    -1.328
      1.671     0.293    -1.328
      1.678     0.297    -1.328
      1.685     0.300    -1.328
      1.693     0.303    -1.328
      1.700     0.306    -1.328
      1.707     0.309    -1.328
      1.714     0.312    -1.328
      1.722     0.315    -1.328
      1.729     0.318    -1.328
      1.736     0.321    -1.328
      1.744     0.324    -1.327
      1.750     0.327    -1.327
      1.757     0.329    -1.327
      1.764     0.332    -1.327
      1.771     0.335    -1.327
      1.777     0.337    -1.327
      1.784     0.340    -1.327
      1.791     0.343    -1.327
      1.798     0.345    -1.327
      1.805     0.348    -1.327
      1.813     0.351    -1.327
      1.820     0.354    -1.327
      1.828     0.356    -1.327
      1.835     0.359    -1.327
      1.843     0.362    -1.327
      1.850     0.364    -1.327
      1.857     0.367    -1.327
      1.865     0.370    -1.327
      1.872     0.372    -1.327
      1.880     0.375    -1.327
      1.887     0.377    -1.327
      1.894     0.380    -1.327
      1.902     0.382    -1.327
      1.909     0.385    -1.327
      1.917     0.387    -1.327
      1.924     0.390    -1.327
      1.932     0.392    -1.327
      1.939     0.394    -1.326
      1.947     0.397    -1.326
      1.954     0.399    -1.326
      1.962     0.401    -1.326
      1.969     0.404    -1.326
      1.977     0.406    -1.326
      1.984     0.408    -1.326
      1.992     0.410    -1.326
      2.000     0.412    -1.326
      2.007     0.415    -1.326
      2.015     0.417    -1.326
      2.023     0.419    -1.326
      2.030     0.421    -1.326
      2.038     0.423    -1.326
      2.045     0.425    -1.326
      2.053     0.427    -1.326
      2.061     0.429    -1.326
      2.068     0.431    -1.326
      2.076     0.433    -1.326
      2.083     0.435    -1.326
      2.091     0.437    -1.326
      2.099     0.439    -1.326
      2.106     0.441    -1.326
      2.114     0.443    -1.326
      2.122     0.445    -1.326
      2.129     0.446    -1.326
      2.137     0.448    -1.326
      2.145     0.450    -1.326
      2.153     0.452    -1.326
      2.160     0.453    -1.326
      2.168     0.455    -1.326
      2.176     0.457    -1.325
      2.184     0.458    -1.325
      2.191     0.460    -1.325
      2.198     0.462    -1.325
      2.206     0.463    -1.325
      2.213     0.465    -1.325
      2.220     0.466    -1.325
      2.227     0.467    -1.325
      2.234     0.469    -1.325
      2.241     0.470    -1.325
      2.248     0.471    -1.325
      2.255     0.473    -1.325
      2.262     0.474    -1.325
      2.269     0.475    -1.325
      2.276     0.477    -1.325
      2.284     0.478    -1.325
      2.291     0.479    -1.325
      2.299     0.481    -1.325
      2.307     0.482    -1.325
      2.315     0.483    -1.325
      2.323     0.484    -1.325
      2.330     0.486    -1.325
      2.338     0.487    -1.325
      2.346     0.488    -1.325
      2.354     0.489    -1.325
      2.362     0.490    -1.325
      2.369     0.491    -1.325
      2.377     0.492    -1.325
      2.385     0.494    -1.325
      2.392     0.495    -1.325
      2.400     0.496    -1.325
      2.408     0.497    -1.325
      2.416     0.498    -1.325
      2.424     0.499    -1.325
      2.432     0.499    -1.324
      2.439     0.500    -1.324
      2.447     0.501    -1.324
      2.455     0.502    -1.324
      2.463     0.503    -1.324
      2.470     0.504    -1.324
      2.478     0.505    -1.324
      2.486     0.505    -1.324
      2.494     0.506    -1.324
      2.502     0.507    -1.324
      2.510     0.508    -1.324
      2.518     0.508    -1.324
      2.526     0.509    -1.324
      2.534     0.510    -1.324
      2.541     0.510    -1.324
      2.549     0.511    -1.324
      2.557     0.512    -1.324
      2.565     0.512    -1.324
      2.573     0.513    -1.324
      2.581     0.513    -1.324
      2.588     0.514    -1.324
      2.596     0.514    -1.324
      2.604     0.515    -1.324
      2.612     0.515    -1.324
      2.620     0.515    -1.324
      2.628     0.516    -1.324
      2.636     0.516    -1.324
      2.644     0.517    -1.324
      2.652     0.517    -1.324
      2.660     0.517    -1.323
      2.667     0.518    -1.323
      2.675     0.518    -1.323
      2.683     0.518    -1.323
      2.691     0.518    -1.323
      2.699     0.518    -1.323
      2.706     0.519    -1.323
      2.714     0.519    -1.323
      2.721     0.519    -1.323
      2.728     0.519    -1.323
      2.736     0.519    -1.323
      2.743     0.519    -1.323
      2.751     0.519    -1.323
      2.759     0.519    -1.323
      2.767     0.519    -1.323
      2.774     0.519    -1.323
      2.782     0.519    -1.323
      2.790     0.519    -1.323
      2.798     0.519    -1.323
      2.806     0.519    -1.323
      2.813     0.519    -1.323
      2.821     0.519    -1.323
      2.829     0.519    -1.323
      2.837     0.519    -1.323
      2.845     0.519    -1.323
      2.853     0.518    -1.323
      2.861     0.518    -1.323
      2.869     0.518    -1.323
      2.877     0.518    -1.323
      2.885     0.518    -1.323
      2.893     0.517    -1.323
      2.901     0.517    -1.322
      2.909     0.517    -1.322
      2.916     0.516    -1.322
      2.924     0.516    -1.322
      2.932     0.516    -1.322
      2.939     0.515    -1.322
      2.946     0.515    -1.322
      2.953     0.514    -1.322
      2.961     0.514    -1.322
      2.968     0.514    -1.322
      2.976     0.513    -1.322
      2.984     0.513    -1.322
      2.992     0.512    -1.322
      3.000     0.512    -1.322
      3.007     0.511    -1.322
      3.015     0.510    -1.322
      3.023     0.510    -1.322
      3.030     0.509    -1.322
      3.038     0.509    -1.322
      3.045     0.508    -1.322
      3.052     0.508    -1.322
      3.059     0.507    -1.322
      3.067     0.506    -1.322
      3.074     0.506    -1.321
      3.081     0.505    -1.321
      3.088     0.504    -1.321
      3.096     0.504    -1.321
      3.103     0.503    -1.321
      3.110     0.502    -1.321
      3.117     0.501    -1.321
      3.124     0.501    -1.321
      3.131     0.500    -1.321
      3.137     0.499    -1.321
      3.144     0.499    -1.321
      3.151     0.498    -1.321
      3.159     0.497    -1.321
      3.166     0.496    -1.321
      3.173     0.495    -1.321
      3.180     0.494    -1.321
      3.187     0.494    -1.320
      3.194     0.493    -1.320
      3.202     0.492    -1.320
      3.210     0.491    -1.320
      3.218     0.490    -1.320
      3.226     0.489    -1.320
      3.233     0.488    -1.320
      3.241     0.487    -1.320
      3.249     0.486    -1.320
      3.257     0.484    -1.320
      3.265     0.483    -1.320
      3.273     0.482    -1.319
      3.280     0.481    -1.319
      3.288     0.480    -1.319
      3.296     0.479    -1.319
      3.303     0.478    -1.319
      3.311     0.477    -1.319
      3.319     0.475    -1.319
      3.327     0.474    -1.319
      3.335     0.473    -1.319
      3.342     0.472    -1.319
      3.350     0.470    -1.319
      3.358     0.469    -1.318
      3.365     0.468    -1.318
      3.373     0.467    -1.318
      3.381     0.465    -1.318
      3.389     0.464    -1.318
      3.397     0.463    -1.318
      3.404     0.461    -1.318
      3.412     0.460    -1.318
      3.420     0.459    -1.317
      3.428     0.457    -1.317
      3.436     0.456    -1.317
      3.443     0.454    -1.317
      3.451     0.453    -1.317
      3.459     0.452    -1.317
      3.467     0.450    -1.317
      3.474     0.449    -1.317
      3.482     0.447    -1.316
      3.490     0.446    -1.316
      3.497     0.444    -1.316
      3.505     0.443    -1.316
      3.513     0.441    -1.316
      3.521     0.440    -1.316
      3.528     0.438    -1.316
      3.536     0.437    -1.315
      3.544     0.435    -1.315
      3.552     0.433    -1.315
      3.559     0.432    -1.315
      3.567     0.430    -1.315
      3.575     0.429    -1.315
      3.583     0.427    -1.315
      3.590     0.425    -1.314
      3.598     0.424    -1.314
      3.606     0.422    -1.314
      3.613     0.421    -1.314
      3.620     0.419    -1.314
      3.627     0.418    -1.314
      3.634     0.416    -1.313
      3.641     0.414    -1.313
      3.649     0.413    -1.313
      3.656     0.411    -1.313
      3.664     0.409    -1.313
      3.672     0.408    -1.312
      3.679     0.406    -1.312
      3.687     0.404    -1.312
      3.695     0.402    -1.312
      3.702     0.401    -1.312
      3.710     0.399    -1.311
      3.717     0.397    -1.311
      3.725     0.395    -1.311
      3.733     0.394    -1.311
      3.741     0.392    -1.311
      3.748     0.390    -1.310
      3.756     0.388    -1.310
      3.764     0.386    -1.310
      3.771     0.384    -1.310
      3.779     0.383    -1.309
      3.787     0.381    -1.309
      3.795     0.379    -1.309
      3.802     0.377    -1.309
      3.810     0.375    -1.309
      3.818     0.373    -1.308
      3.825     0.371    -1.308
      3.832     0.370    -1.308
      3.839     0.368    -1.308
      3.846     0.366    -1.307
      3.854     0.364    -1.307
      3.861     0.362    -1.307
      3.868     0.361    -1.307
      3.875     0.359    -1.306
      3.883     0.357    -1.306
      3.891     0.355    -1.306
      3.898     0.353    -1.305
      3.906     0.351    -1.305
      3.914     0.349    -1.305
      3.921     0.347    -1.305
      3.928     0.345    -1.304
      3.935     0.343    -1.304
      3.942     0.341    -1.304
      3.949     0.340    -1.303
      3.957     0.338    -1.303
      3.964     0.336    -1.303
      3.971     0.334    -1.303
      3.978     0.332    -1.302
      3.985     0.330    -1.302
      3.992     0.328    -1.302
      3.999     0.327    -1.301
      4.006     0.325    -1.301
      4.012     0.323    -1.301
      4.019     0.321    -1.300
      4.025     0.319    -1.300
      4.032     0.318    -1.300
      4.039     0.316    -1.300
      4.046     0.314    -1.299
      4.054     0.312    -1.299
      4.062     0.310    -1.298
      4.069     0.307    -1.298
      4.077     0.305    -1.298
      4.084     0.303    -1.297
      4.092     0.301    -1.297
      4.099     0.299    -1.297
      4.107     0.297    -1.296
      4.114     0.295    -1.296
      4.122     0.293    -1.295
      4.130     0.291    -1.295
      4.137     0.289    -1.294
      4.145     0.287    -1.294
      4.153     0.284    -1.294
      4.160     0.282    -1.293
      4.168     0.280    -1.293
      4.175     0.278    -1.292
      4.183     0.276    -1.292
      4.191     0.274    -1.291
      4.198     0.272    -1.291
      4.206     0.270    -1.291
      4.213     0.267    -1.290
      4.220     0.265    -1.290
      4.227     0.263    -1.289
      4.234     0.261    -1.289
      4.241     0.259    -1.288
      4.248     0.258    -1.288
      4.255     0.256    -1.287
      4.263     0.253    -1.287
      4.271     0.251    -1.286
      4.278     0.249    -1.286
      4.286     0.247    -1.285
      4.293     0.245    -1.285
      4.301     0.243    -1.284
      4.309     0.240    -1.284
      4.316     0.238    -1.283
      4.323     0.236    -1.283
      4.330     0.234    -1.282
      4.336     0.232    -1.282
      4.343     0.230    -1.282
      4.350     0.228    -1.281
      4.357     0.226    -1.281
      4.364     0.224    -1.280
      4.371     0.222    -1.280
      4.378     0.220    -1.279
      4.385     0.218    -1.279
      4.392     0.216    -1.278
      4.399     0.214    -1.278
      4.405     0.212    -1.277
      4.412     0.211    -1.277
      4.419     0.209    -1.276
      4.425     0.207    -1.276
      4.433     0.205    -1.275
      4.440     0.202    -1.274
      4.448     0.200    -1.274
      4.455     0.198    -1.273
      4.463     0.196    -1.273
      4.471     0.194    -1.272
      4.478     0.191    -1.271
      4.485     0.189    -1.271
      4.492     0.187    -1.270
      4.499     0.185    -1.270
      4.506     0.183    -1.269
      4.513     0.181    -1.268
      4.520     0.179    -1.268
      4.527     0.177    -1.267
      4.534     0.175    -1.267
      4.541     0.173    -1.266
      4.548     0.171    -1.265
      4.555     0.169    -1.265
      4.562     0.167    -1.264
      4.568     0.165    -1.264
      4.575     0.163    -1.263
      4.581     0.161    -1.262
      4.588     0.159    -1.262
      4.594     0.158    -1.261
      4.601     0.156    -1.260
      4.608     0.154    -1.260
      4.615     0.152    -1.259
      4.622     0.149    -1.258
      4.629     0.147    -1.258
      4.636     0.145    -1.257
      4.643     0.144    -1.256
      4.649     0.142    -1.256
      4.656     0.140    -1.255
      4.662     0.138    -1.254
      4.669     0.136    -1.254
      4.676     0.134    -1.253
      4.683     0.132    -1.252
      4.691     0.130    -1.252
      4.698     0.127    -1.251
      4.705     0.125    -1.250
      4.713     0.123    -1.249
      4.720     0.121    -1.248
      4.727     0.119    -1.248
      4.734     0.117    -1.247
      4.741     0.115    -1.246
      4.748     0.113    -1.245
      4.755     0.111    -1.245
      4.762     0.109    -1.244
      4.769     0.107    -1.243
      4.775     0.105    -1.242
      4.783     0.103    -1.241
      4.790     0.100    -1.241
      4.798     0.098    -1.240
      4.806     0.096    -1.239
      4.813     0.094    -1.238
      4.821     0.092    -1.237
      4.828     0.089    -1.236
      4.836     0.087    -1.235
      4.843     0.085    -1.234
      4.851     0.083    -1.233
      4.858     0.081    -1.232
      4.866     0.079    -1.231
      4.873     0.076    -1.230
      4.880     0.074    -1.230
      4.888     0.072    -1.229
      4.896     0.070    -1.228
      4.903     0.068    -1.227
      4.911     0.065    -1.226
      4.918     0.063    -1.225
      4.926     0.061    -1.224
      4.933     0.059    -1.223
      4.940     0.057    -1.222
      4.948     0.055    -1.221
      4.955     0.052    -1.219
      4.963     0.050    -1.218
      4.970     0.048    -1.217
      4.978     0.046    -1.216
      4.985     0.044    -1.215
      4.993     0.041    -1.214
      5.001     0.039    -1.213
      5.008     0.037    -1.212
      5.016     0.035    -1.211
      5.023     0.033    -1.210
      5.031     0.030    -1.209
      5.038     0.028    -1.208
      5.046     0.026    -1.206
      5.053     0.024    -1.205
      5.060     0.022    -1.204
      5.068     0.020    -1.203
      5.075     0.017    -1.202
      5.083     0.015    -1.201
      5.090     0.013    -1.200
      5.098     0.011    -1.198
      5.105     0.009    -1.197
      5.113     0.006    -1.196
      5.120     0.004    -1.195
      5.128     0.002    -1.194
      5.135    -0.000    -1.192
      5.143    -0.002    -1.191
      5.150    -0.005    -1.190
      5.158    -0.007    -1.189
      5.165    -0.009    -1.187
      5.173    -0.011    -1.186
      5.180    -0.013    -1.185
      5.187    -0.015    -1.184
      5.194    -0.017    -1.183
      5.200    -0.019    -1.181
      5.207    -0.021    -1.180
      5.214    -0.023    -1.179
      5.222    -0.025    -1.178
      5.229    -0.028    -1.176
      5.237    -0.030    -1.175
      5.244    -0.032    -1.174
      5.252    -0.034    -1.172
      5.259    -0.036    -1.171
      5.266    -0.039    -1.170
      5.274    -0.041    -1.168
      5.281    -0.043    -1.167
      5.289    -0.045    -1.166
      5.296    -0.047    -1.164
      5.303    -0.050    -1.163
      5.311    -0.052    -1.162
      5.318    -0.054    -1.160
      5.326    -0.056    -1.159
      5.333    -0.058    -1.157
      5.341    -0.061    -1.156
      5.348    -0.063    -1.154
      5.356    -0.065    -1.153
      5.363    -0.067    -1.152
      5.371    -0.069    -1.150
      5.378    -0.072    -1.149
      5.386    -0.074    -1.147
      5.393    -0.076    -1.146
      5.399    -0.078    -1.145
      5.406    -0.080    -1.143
      5.413    -0.082    -1.142
      5.420    -0.084    -1.141
      5.427    -0.086    -1.139
      5.434    -0.088    -1.138
      5.442    -0.091    -1.136
      5.449    -0.093    -1.135
      5.457    -0.095    -1.133
      5.464    -0.097    -1.132
      5.472    -0.099    -1.130
      5.479    -0.102    -1.129
      5.486    -0.104    -1.127
      5.493    -0.106    -1.126
      5.500    -0.108    -1.124
      5.506    -0.110    -1.123
      5.513    -0.112    -1.121
      5.520    -0.114    -1.120
      5.527    -0.116    -1.119
      5.534    -0.118    -1.117
      5.540    -0.120    -1.116
      5.547    -0.122    -1.114
      5.554    -0.124    -1.113
      5.561    -0.126    -1.111
      5.567    -0.128    -1.110
      5.574    -0.130    -1.109
      5.580    -0.132    -1.107
      5.587    -0.134    -1.106
      5.593    -0.136    -1.104
      5.600    -0.138    -1.103
      5.608    -0.140    -1.101
      5.615    -0.143    -1.100
      5.623    -0.145    -1.098
      5.630    -0.147    -1.096
      5.637    -0.149    -1.095
      5.645    -0.151    -1.093
      5.652    -0.154    -1.091
      5.659    -0.156    -1.090
      5.667    -0.158    -1.088
      5.674    -0.160    -1.087
      5.681    -0.163    -1.085
      5.689    -0.165    -1.083
      5.696    -0.167    -1.082
      5.704    -0.169    -1.080
      5.711    -0.172    -1.078
      5.719    -0.174    -1.076
      5.726    -0.176    -1.075
      5.733    -0.178    -1.073
      5.741    -0.181    -1.071
      5.748    -0.183    -1.070
      5.756    -0.185    -1.068
      5.763    -0.188    -1.066
      5.770    -0.190    -1.065
      5.777    -0.192    -1.063
      5.783    -0.194    -1.062
      5.790    -0.196    -1.060
      5.797    -0.198    -1.058
      5.804    -0.200    -1.057
      5.811    -0.202    -1.055
      5.818    -0.205    -1.053
      5.826    -0.207    -1.052
      5.833    -0.209    -1.050
      5.841    -0.211    -1.048
      5.848    -0.214    -1.046
      5.855    -0.216    -1.045
      5.862    -0.218    -1.043
      5.869    -0.220    -1.041
      5.876    -0.222    -1.040
      5.882    -0.224    -1.038
      5.889    -0.227    -1.037
      5.896    -0.229    -1.035
      5.903    -0.231    -1.033
      5.910    -0.233    -1.032
      5.916    -0.235    -1.030
      5.923    -0.237    -1.029
      5.930    -0.239    -1.027
      5.937    -0.241    -1.025
      5.943    -0.243    -1.024
      5.949    -0.245    -1.022
      5.956    -0.247    -1.021
      5.962    -0.249    -1.019
      5.968    -0.251    -1.018
      5.976    -0.254    -1.016
      5.983    -0.256    -1.014
      5.990    -0.258    -1.012
      5.998    -0.261    -1.010
      6.005    -0.263    -1.009
      6.013    -0.265    -1.007
      6.020    -0.268    -1.005
      6.027    -0.270    -1.003
      6.033    -0.272    -1.002
      6.040    -0.274    -1.000
      6.047    -0.276    -0.998
      6.054    -0.278    -0.997
      6.060    -0.281    -0.995
      6.067    -0.283    -0.993
      6.074    -0.285    -0.992
      6.081    -0.287    -0.990
      6.087    -0.289    -0.988
      6.094    -0.291    -0.987
      6.101    -0.294    -0.985
      6.107    -0.296    -0.984
      6.113    -0.298    -0.982
      6.120    -0.300    -0.980
      6.126    -0.302    -0.979
      6.133    -0.304    -0.977
      6.139    -0.306    -0.976
      6.146    -0.308    -0.974
      6.153    -0.310    -0.972
      6.159    -0.313    -0.971
      6.166    -0.315    -0.969
      6.173    -0.317    -0.967
      6.179    -0.319    -0.966
      6.186    -0.321    -0.964
      6.192    -0.323    -0.963
      6.198    -0.325    -0.961
      6.205    -0.327    -0.959
      6.212    -0.330    -0.958
      6.219    -0.332    -0.956
      6.226    -0.334    -0.954
      6.233    -0.337    -0.952
      6.240    -0.339    -0.951
      6.247    -0.341    -0.949
      6.254    -0.344    -0.947
      6.261    -0.346    -0.946
      6.269    -0.348    -0.944
      6.276    -0.351    -0.942
      6.283    -0.353    -0.940
      6.290    -0.356    -0.938
      6.298    -0.358    -0.937
      6.305    -0.360    -0.935
      6.312    -0.363    -0.933
      6.319    -0.365    -0.931
      6.327    -0.368    -0.929
      6.334    -0.370    -0.928
      6.341    -0.372    -0.926
      6.349    -0.375    -0.924
      6.356    -0.377    -0.922
      6.363    -0.380    -0.921
      6.371    -0.382    -0.919
      6.378    -0.385    -0.917
      6.385    -0.387    -0.915
      6.392    -0.390    -0.913
      6.400    -0.392    -0.912
      6.407    -0.394    -0.910
      6.414    -0.397    -0.908
      6.422    -0.399    -0.906
      6.429    -0.402    -0.905
      6.436    -0.404    -0.903
      6.443    -0.406    -0.901
      6.449    -0.408    -0.900
      6.456    -0.411    -0.898
      6.463    -0.413    -0.896
      6.469    -0.415    -0.895
      6.477    -0.418    -0.893
      6.484    -0.420    -0.891
      6.491    -0.423    -0.890
      6.499    -0.425    -0.888
      6.506    -0.428    -0.886
      6.513    -0.430    -0.884
      6.521    -0.432    -0.883
      6.528    -0.435    -0.881
      6.534    -0.437    -0.880
      6.541    -0.439    -0.878
      6.548    -0.442    -0.876
      6.554    -0.444    -0.875
      6.561    -0.446    -0.873
      6.568    -0.448    -0.872
      6.575    -0.451    -0.870
      6.581    -0.453    -0.869
      6.588    -0.455    -0.867
      6.595    -0.457    -0.865
      6.602    -0.460    -0.864
      6.608    -0.462    -0.862
      6.614    -0.464    -0.861
      6.621    -0.466    -0.860
      6.627    -0.468    -0.858
      6.633    -0.470    -0.857
      6.641    -0.473    -0.855
      6.648    -0.475    -0.853
      6.655    -0.478    -0.852
      6.663    -0.480    -0.850
      6.670    -0.482    -0.848
      6.677    -0.485    -0.847
      6.685    -0.487    -0.845
      6.692    -0.490    -0.844
      6.698    -0.492    -0.842
      6.705    -0.494    -0.841
      6.712    -0.496    -0.839
      6.719    -0.499    -0.838
      6.725    -0.501    -0.836
      6.732    -0.503    -0.835
      6.739    -0.505    -0.833
      6.746    -0.507    -0.832
      6.752    -0.510    -0.830
      6.759    -0.512    -0.829
      6.766    -0.514    -0.827
      6.772    -0.516    -0.826
      6.779    -0.518    -0.825
      6.785    -0.520    -0.823
      6.791    -0.522    -0.822
      6.798    -0.524    -0.821
      6.805    -0.527    -0.819
      6.811    -0.529    -0.818
      6.818    -0.531    -0.816
      6.825    -0.533    -0.815
      6.832    -0.535    -0.814
      6.839    -0.538    -0.812
      6.845    -0.540    -0.811
      6.851    -0.542    -0.810
      6.858    -0.544    -0.808
      6.864    -0.546    -0.807
      6.871    -0.548    -0.806
      6.878    -0.550    -0.804
      6.885    -0.552    -0.803
      6.892    -0.555    -0.801
      6.899    -0.557    -0.800
      6.906    -0.559    -0.798
      6.914    -0.561    -0.797
      6.921    -0.564    -0.796
      6.928    -0.566    -0.794
      6.935    -0.568    -0.793
      6.943    -0.570    -0.791
      6.950    -0.573    -0.790
      6.958    -0.575    -0.788
      6.965    -0.577    -0.787
      6.973    -0.580    -0.785
      6.980    -0.582    -0.784
      6.987    -0.584    -0.783
      6.994    -0.586    -0.781
      7.001    -0.588    -0.780
      7.008    -0.590    -0.779
      7.014    -0.592    -0.778
      7.021    -0.594    -0.776
      7.028    -0.596    -0.775
      7.035    -0.598    -0.774
      7.042    -0.600    -0.773
      7.049    -0.602    -0.771
      7.056    -0.604    -0.770
      7.062    -0.606    -0.769
      7.069    -0.608    -0.768
      7.075    -0.610    -0.766
      7.082    -0.612    -0.765
      7.088    -0.614    -0.764
      7.095    -0.616    -0.763
      7.102    -0.618    -0.762
      7.109    -0.620    -0.761
      7.116    -0.622    -0.759
      7.122    -0.624    -0.758
      7.129    -0.626    -0.757
      7.136    -0.627    -0.756
      7.143    -0.629    -0.755
      7.149    -0.631    -0.754
      7.156    -0.633    -0.752
      7.162    -0.635    -0.751
      7.169    -0.636    -0.750
      7.176    -0.638    -0.749
      7.183    -0.640    -0.748
      7.191    -0.642    -0.747
      7.198    -0.644    -0.745
      7.205    -0.646    -0.744
      7.213    -0.648    -0.743
      7.220    -0.650    -0.742
      7.227    -0.652    -0.741
      7.234    -0.654    -0.740
      7.241    -0.656    -0.738
      7.248    -0.657    -0.737
      7.255    -0.659    -0.736
      7.262    -0.661    -0.735
      7.269    -0.663    -0.734
      7.276    -0.664    -0.733
      7.282    -0.666    -0.732
      7.289    -0.668    -0.731
      7.295    -0.669    -0.730
      7.302    -0.671    -0.729
      7.309    -0.673    -0.728
      7.317    -0.675    -0.727
      7.324    -0.676    -0.726
      7.331    -0.678    -0.725
      7.339    -0.680    -0.724
      7.346    -0.682    -0.722
      7.353    -0.683    -0.721
      7.361    -0.685    -0.720
      7.368    -0.687    -0.719
      7.375    -0.688    -0.718
      7.383    -0.690    -0.717
      7.390    -0.692    -0.716
      7.398    -0.693    -0.715
      7.405    -0.695    -0.714
      7.412    -0.697    -0.713
      7.420    -0.698    -0.712
      7.428    -0.700    -0.711
      7.435    -0.702    -0.710
      7.443    -0.703    -0.709
      7.451    -0.705    -0.708
      7.459    -0.707    -0.707
      7.466    -0.708    -0.706
