Count of Points:874

WCS coordinates of Points:
      1.181     0.000    -1.110
      1.187     0.004    -1.110
      1.193     0.008    -1.110
      1.199     0.012    -1.110
      1.205     0.016    -1.110
      1.211     0.020    -1.110
      1.216     0.024    -1.110
      1.222     0.028    -1.110
      1.228     0.032    -1.110
      1.234     0.036    -1.110
      1.240     0.040    -1.110
      1.246     0.044    -1.110
      1.252     0.048    -1.110
      1.258     0.052    -1.110
      1.264     0.056    -1.110
      1.270     0.060    -1.110
      1.276     0.064    -1.110
      1.282     0.067    -1.110
      1.288     0.071    -1.110
      1.294     0.075    -1.110
      1.300     0.079    -1.110
      1.306     0.083    -1.110
      1.313     0.086    -1.110
      1.319     0.090    -1.110
      1.325     0.094    -1.110
      1.332     0.098    -1.110
      1.339     0.102    -1.110
      1.346     0.106    -1.110
      1.353     0.110    -1.110
      1.359     0.114    -1.110
      1.365     0.118    -1.110
      1.371     0.121    -1.110
      1.378     0.125    -1.110
      1.384     0.128    -1.110
      1.390     0.132    -1.109
      1.396     0.135    -1.109
      1.403     0.139    -1.109
      1.410     0.143    -1.109
      1.417     0.147    -1.109
      1.424     0.150    -1.109
      1.431     0.154    -1.109
      1.438     0.158    -1.109
      1.445     0.162    -1.109
      1.452     0.165    -1.109
      1.459     0.169    -1.109
      1.466     0.173    -1.109
      1.473     0.176    -1.109
      1.480     0.180    -1.109
      1.487     0.183    -1.109
      1.494     0.187    -1.109
      1.500     0.190    -1.109
      1.506     0.193    -1.109
      1.513     0.196    -1.109
      1.519     0.200    -1.109
      1.526     0.203    -1.109
      1.532     0.206    -1.109
      1.539     0.209    -1.109
      1.546     0.212    -1.109
      1.553     0.216    -1.109
      1.560     0.219    -1.109
      1.567     0.222    -1.109
      1.574     0.226    -1.109
      1.582     0.229    -1.109
      1.589     0.232    -1.109
      1.596     0.236    -1.109
      1.603     0.239    -1.109
      1.610     0.242    -1.109
      1.617     0.245    -1.109
      1.625     0.248    -1.109
      1.632     0.251    -1.109
      1.639     0.255    -1.109
      1.646     0.258    -1.109
      1.653     0.261    -1.109
      1.661     0.264    -1.109
      1.668     0.267    -1.109
      1.675     0.270    -1.109
      1.682     0.273    -1.109
      1.690     0.276    -1.109
      1.697     0.279    -1.109
      1.704     0.282    -1.109
      1.711     0.285    -1.108
      1.719     0.287    -1.108
      1.726     0.290    -1.108
      1.733     0.293    -1.108
      1.741     0.296    -1.108
      1.748     0.299    -1.108
      1.756     0.302    -1.108
      1.762     0.304    -1.108
      1.769     0.307    -1.108
      1.776     0.309    -1.108
      1.783     0.312    -1.108
      1.789     0.314    -1.108
      1.796     0.317    -1.108
      1.803     0.319    -1.108
      1.810     0.322    -1.108
      1.818     0.324    -1.108
      1.825     0.327    -1.108
      1.833     0.329    -1.108
      1.840     0.332    -1.108
      1.848     0.334    -1.108
      1.855     0.337    -1.108
      1.863     0.339    -1.108
      1.870     0.342    -1.108
      1.878     0.344    -1.108
      1.885     0.347    -1.108
      1.892     0.349    -1.108
      1.900     0.351    -1.108
      1.907     0.354    -1.108
      1.915     0.356    -1.108
      1.922     0.358    -1.108
      1.930     0.361    -1.108
      1.937     0.363    -1.108
      1.945     0.365    -1.108
      1.952     0.367    -1.108
      1.960     0.370    -1.108
      1.967     0.372    -1.108
      1.975     0.374    -1.108
      1.982     0.376    -1.108
      1.990     0.378    -1.108
      1.998     0.380    -1.108
      2.005     0.382    -1.108
      2.013     0.384    -1.108
      2.021     0.386    -1.108
      2.028     0.388    -1.108
      2.036     0.390    -1.108
      2.044     0.392    -1.108
      2.051     0.394    -1.108
      2.059     0.396    -1.108
      2.066     0.398    -1.108
      2.074     0.400    -1.108
      2.082     0.402    -1.108
      2.089     0.404    -1.108
      2.097     0.405    -1.108
      2.104     0.407    -1.108
      2.112     0.409    -1.108
      2.120     0.411    -1.108
      2.128     0.413    -1.108
      2.135     0.414    -1.108
      2.143     0.416    -1.108
      2.151     0.418    -1.108
      2.158     0.419    -1.108
      2.166     0.421    -1.108
      2.174     0.422    -1.108
      2.182     0.424    -1.108
      2.189     0.426    -1.108
      2.197     0.427    -1.108
      2.205     0.429    -1.108
      2.212     0.430    -1.108
      2.219     0.431    -1.108
      2.226     0.433    -1.108
      2.234     0.434    -1.108
      2.241     0.435    -1.108
      2.248     0.436    -1.108
      2.255     0.438    -1.108
      2.262     0.439    -1.108
      2.269     0.440    -1.108
      2.276     0.441    -1.108
      2.283     0.442    -1.107
      2.290     0.444    -1.107
      2.297     0.445    -1.107
      2.305     0.446    -1.107
      2.313     0.447    -1.107
      2.321     0.448    -1.107
      2.329     0.449    -1.107
      2.337     0.451    -1.107
      2.344     0.452    -1.107
      2.352     0.453    -1.107
      2.360     0.454    -1.107
      2.368     0.455    -1.107
      2.376     0.456    -1.107
      2.383     0.457    -1.107
      2.391     0.458    -1.107
      2.399     0.459    -1.107
      2.407     0.460    -1.107
      2.414     0.460    -1.107
      2.422     0.461    -1.107
      2.430     0.462    -1.107
      2.438     0.463    -1.107
      2.446     0.464    -1.107
      2.454     0.465    -1.107
      2.461     0.465    -1.107
      2.469     0.466    -1.107
      2.477     0.467    -1.107
      2.485     0.467    -1.107
      2.492     0.468    -1.107
      2.500     0.469    -1.107
      2.508     0.469    -1.107
      2.516     0.470    -1.107
      2.524     0.471    -1.107
      2.532     0.471    -1.107
      2.540     0.472    -1.107
      2.548     0.472    -1.107
      2.556     0.473    -1.107
      2.563     0.473    -1.107
      2.571     0.474    -1.107
      2.579     0.474    -1.107
      2.587     0.474    -1.107
      2.595     0.475    -1.107
      2.602     0.475    -1.107
      2.610     0.476    -1.107
      2.618     0.476    -1.107
      2.626     0.476    -1.107
      2.634     0.476    -1.107
      2.642     0.477    -1.107
      2.650     0.477    -1.107
      2.658     0.477    -1.107
      2.666     0.477    -1.107
      2.674     0.477    -1.107
      2.681     0.478    -1.107
      2.689     0.478    -1.107
      2.697     0.478    -1.107
      2.705     0.478    -1.107
      2.713     0.478    -1.107
      2.720     0.478    -1.107
      2.728     0.478    -1.107
      2.735     0.478    -1.106
      2.742     0.478    -1.106
      2.749     0.478    -1.106
      2.757     0.478    -1.106
      2.764     0.478    -1.106
      2.772     0.478    -1.106
      2.780     0.478    -1.106
      2.788     0.477    -1.106
      2.796     0.477    -1.106
      2.804     0.477    -1.106
      2.812     0.477    -1.106
      2.819     0.477    -1.106
      2.827     0.476    -1.106
      2.835     0.476    -1.106
      2.843     0.476    -1.106
      2.851     0.475    -1.106
      2.859     0.475    -1.106
      2.867     0.475    -1.106
      2.875     0.474    -1.106
      2.882     0.474    -1.106
      2.890     0.474    -1.106
      2.898     0.473    -1.106
      2.906     0.473    -1.106
      2.914     0.472    -1.106
      2.922     0.472    -1.106
      2.930     0.471    -1.106
      2.938     0.471    -1.106
      2.945     0.470    -1.106
      2.952     0.470    -1.106
      2.960     0.469    -1.106
      2.967     0.469    -1.106
      2.974     0.468    -1.106
      2.981     0.467    -1.106
      2.989     0.467    -1.106
      2.997     0.466    -1.106
      3.005     0.465    -1.106
      3.013     0.465    -1.106
      3.021     0.464    -1.106
      3.029     0.463    -1.106
      3.037     0.462    -1.105
      3.044     0.462    -1.105
      3.051     0.461    -1.105
      3.058     0.460    -1.105
      3.065     0.459    -1.105
      3.073     0.458    -1.105
      3.080     0.458    -1.105
      3.087     0.457    -1.105
      3.094     0.456    -1.105
      3.101     0.455    -1.105
      3.109     0.454    -1.105
      3.116     0.453    -1.105
      3.123     0.452    -1.105
      3.130     0.452    -1.105
      3.137     0.451    -1.105
      3.143     0.450    -1.105
      3.150     0.449    -1.105
      3.157     0.448    -1.105
      3.164     0.447    -1.105
      3.171     0.446    -1.105
      3.178     0.445    -1.105
      3.185     0.444    -1.105
      3.193     0.443    -1.105
      3.200     0.442    -1.105
      3.207     0.441    -1.105
      3.215     0.440    -1.105
      3.222     0.438    -1.105
      3.230     0.437    -1.105
      3.238     0.436    -1.104
      3.246     0.435    -1.104
      3.253     0.433    -1.104
      3.261     0.432    -1.104
      3.269     0.431    -1.104
      3.277     0.430    -1.104
      3.285     0.428    -1.104
      3.292     0.427    -1.104
      3.300     0.426    -1.104
      3.308     0.424    -1.104
      3.315     0.423    -1.104
      3.323     0.421    -1.104
      3.331     0.420    -1.104
      3.338     0.418    -1.104
      3.346     0.417    -1.104
      3.354     0.416    -1.104
      3.362     0.414    -1.104
      3.369     0.413    -1.104
      3.377     0.411    -1.103
      3.384     0.410    -1.103
      3.392     0.408    -1.103
      3.400     0.407    -1.103
      3.408     0.405    -1.103
      3.415     0.403    -1.103
      3.423     0.402    -1.103
      3.431     0.400    -1.103
      3.439     0.398    -1.103
      3.446     0.397    -1.103
      3.454     0.395    -1.103
      3.462     0.393    -1.103
      3.470     0.392    -1.103
      3.477     0.390    -1.103
      3.485     0.388    -1.102
      3.492     0.387    -1.102
      3.500     0.385    -1.102
      3.508     0.383    -1.102
      3.515     0.382    -1.102
      3.523     0.380    -1.102
      3.531     0.378    -1.102
      3.538     0.376    -1.102
      3.546     0.374    -1.102
      3.554     0.372    -1.102
      3.561     0.371    -1.102
      3.569     0.369    -1.102
      3.577     0.367    -1.101
      3.585     0.365    -1.101
      3.592     0.363    -1.101
      3.600     0.361    -1.101
      3.608     0.359    -1.101
      3.615     0.357    -1.101
      3.622     0.356    -1.101
      3.629     0.354    -1.101
      3.636     0.352    -1.101
      3.643     0.350    -1.101
      3.650     0.348    -1.100
      3.657     0.347    -1.100
      3.665     0.345    -1.100
      3.673     0.343    -1.100
      3.680     0.341    -1.100
      3.688     0.339    -1.100
      3.696     0.336    -1.100
      3.703     0.334    -1.100
      3.711     0.332    -1.099
      3.718     0.330    -1.099
      3.726     0.328    -1.099
      3.733     0.326    -1.099
      3.741     0.324    -1.099
      3.749     0.322    -1.099
      3.756     0.320    -1.099
      3.764     0.318    -1.099
      3.771     0.316    -1.098
      3.779     0.313    -1.098
      3.787     0.311    -1.098
      3.794     0.309    -1.098
      3.802     0.307    -1.098
      3.810     0.305    -1.098
      3.817     0.303    -1.097
      3.825     0.300    -1.097
      3.832     0.298    -1.097
      3.839     0.296    -1.097
      3.846     0.294    -1.097
      3.853     0.292    -1.097
      3.860     0.290    -1.097
      3.867     0.288    -1.096
      3.874     0.286    -1.096
      3.882     0.284    -1.096
      3.889     0.281    -1.096
      3.897     0.279    -1.096
      3.905     0.277    -1.096
      3.912     0.274    -1.095
      3.920     0.272    -1.095
      3.927     0.270    -1.095
      3.934     0.268    -1.095
      3.941     0.265    -1.095
      3.948     0.263    -1.094
      3.955     0.261    -1.094
      3.962     0.259    -1.094
      3.969     0.257    -1.094
      3.976     0.255    -1.094
      3.983     0.253    -1.093
      3.990     0.250    -1.093
      3.997     0.248    -1.093
      4.004     0.246    -1.093
      4.010     0.244    -1.093
      4.017     0.242    -1.093
      4.023     0.240    -1.092
      4.030     0.238    -1.092
      4.037     0.235    -1.092
      4.043     0.233    -1.092
      4.051     0.231    -1.091
      4.058     0.229    -1.091
      4.066     0.226    -1.091
      4.073     0.224    -1.091
      4.081     0.221    -1.091
      4.088     0.219    -1.090
      4.095     0.216    -1.090
      4.103     0.214    -1.090
      4.110     0.212    -1.090
      4.118     0.209    -1.089
      4.125     0.207    -1.089
      4.133     0.204    -1.089
      4.140     0.202    -1.088
      4.148     0.199    -1.088
      4.155     0.197    -1.088
      4.163     0.194    -1.088
      4.170     0.192    -1.087
      4.178     0.189    -1.087
      4.185     0.187    -1.087
      4.193     0.184    -1.087
      4.200     0.182    -1.086
      4.208     0.179    -1.086
      4.215     0.177    -1.086
      4.222     0.174    -1.085
      4.229     0.172    -1.085
      4.236     0.170    -1.085
      4.242     0.167    -1.085
      4.249     0.165    -1.084
      4.256     0.163    -1.084
      4.264     0.160    -1.084
      4.271     0.158    -1.083
      4.279     0.155    -1.083
      4.286     0.152    -1.083
      4.294     0.150    -1.082
      4.301     0.147    -1.082
      4.308     0.145    -1.082
      4.315     0.142    -1.081
      4.322     0.140    -1.081
      4.329     0.138    -1.081
      4.336     0.135    -1.080
      4.343     0.133    -1.080
      4.350     0.130    -1.080
      4.356     0.128    -1.079
      4.363     0.126    -1.079
      4.370     0.123    -1.079
      4.377     0.121    -1.078
      4.384     0.119    -1.078
      4.391     0.116    -1.078
      4.397     0.114    -1.077
      4.404     0.112    -1.077
      4.410     0.109    -1.077
      4.417     0.107    -1.076
      4.423     0.105    -1.076
      4.430     0.102    -1.076
      4.438     0.100    -1.075
      4.445     0.097    -1.075
      4.453     0.094    -1.074
      4.460     0.092    -1.074
      4.468     0.089    -1.073
      4.475     0.087    -1.073
      4.482     0.084    -1.073
      4.489     0.082    -1.072
      4.496     0.079    -1.072
      4.503     0.077    -1.071
      4.509     0.075    -1.071
      4.516     0.072    -1.071
      4.523     0.070    -1.070
      4.530     0.067    -1.070
      4.537     0.065    -1.069
      4.544     0.062    -1.069
      4.550     0.060    -1.068
      4.557     0.058    -1.068
      4.564     0.055    -1.068
      4.570     0.053    -1.067
      4.576     0.051    -1.067
      4.583     0.048    -1.066
      4.589     0.046    -1.066
      4.596     0.044    -1.065
      4.603     0.041    -1.065
      4.610     0.039    -1.064
      4.617     0.037    -1.064
      4.623     0.034    -1.064
      4.630     0.032    -1.063
      4.637     0.029    -1.063
      4.643     0.027    -1.062
      4.650     0.025    -1.062
      4.656     0.023    -1.061
      4.662     0.020    -1.061
      4.670     0.018    -1.060
      4.677     0.015    -1.060
      4.684     0.013    -1.059
      4.691     0.010    -1.059
      4.698     0.008    -1.058
      4.706     0.005    -1.058
      4.713     0.003    -1.057
      4.720    -0.000    -1.057
      4.727    -0.002    -1.056
      4.733    -0.005    -1.055
      4.740    -0.007    -1.055
      4.747    -0.010    -1.054
      4.754    -0.012    -1.054
      4.760    -0.014    -1.053
      4.767    -0.017    -1.053
      4.775    -0.019    -1.052
      4.782    -0.022    -1.052
      4.789    -0.025    -1.051
      4.797    -0.027    -1.050
      4.804    -0.030    -1.050
      4.812    -0.033    -1.049
      4.819    -0.035    -1.048
      4.827    -0.038    -1.048
      4.834    -0.040    -1.047
      4.841    -0.043    -1.046
      4.849    -0.046    -1.046
      4.856    -0.048    -1.045
      4.863    -0.051    -1.044
      4.871    -0.053    -1.044
      4.878    -0.056    -1.043
      4.885    -0.059    -1.042
      4.893    -0.061    -1.042
      4.900    -0.064    -1.041
      4.908    -0.067    -1.040
      4.915    -0.069    -1.039
      4.922    -0.072    -1.039
      4.929    -0.074    -1.038
      4.937    -0.077    -1.037
      4.944    -0.079    -1.036
      4.952    -0.082    -1.036
      4.959    -0.085    -1.035
      4.966    -0.087    -1.034
      4.974    -0.090    -1.033
      4.981    -0.093    -1.032
      4.989    -0.095    -1.031
      4.996    -0.098    -1.031
      5.004    -0.101    -1.030
      5.011    -0.103    -1.029
      5.018    -0.106    -1.028
      5.026    -0.108    -1.027
      5.033    -0.111    -1.026
      5.040    -0.114    -1.026
      5.048    -0.116    -1.025
      5.055    -0.119    -1.024
      5.062    -0.121    -1.023
      5.070    -0.124    -1.022
      5.077    -0.127    -1.021
      5.084    -0.129    -1.020
      5.092    -0.132    -1.019
      5.099    -0.134    -1.018
      5.107    -0.137    -1.018
      5.114    -0.140    -1.017
      5.122    -0.142    -1.016
      5.129    -0.145    -1.015
      5.136    -0.148    -1.014
      5.144    -0.150    -1.013
      5.151    -0.153    -1.012
      5.159    -0.155    -1.011
      5.165    -0.158    -1.010
      5.172    -0.160    -1.009
      5.179    -0.163    -1.008
      5.186    -0.165    -1.007
      5.193    -0.167    -1.006
      5.199    -0.170    -1.005
      5.207    -0.172    -1.004
      5.214    -0.175    -1.003
      5.221    -0.178    -1.002
      5.229    -0.180    -1.001
      5.236    -0.183    -1.000
      5.243    -0.185    -0.999
      5.251    -0.188    -0.998
      5.258    -0.191    -0.997
      5.265    -0.193    -0.996
      5.273    -0.196    -0.995
      5.280    -0.198    -0.994
      5.287    -0.201    -0.993
      5.295    -0.203    -0.992
      5.302    -0.206    -0.991
      5.310    -0.209    -0.990
      5.317    -0.211    -0.989
      5.324    -0.214    -0.988
      5.332    -0.216    -0.987
      5.339    -0.219    -0.985
      5.347    -0.222    -0.984
      5.354    -0.224    -0.983
      5.361    -0.227    -0.982
      5.369    -0.229    -0.981
      5.376    -0.232    -0.980
      5.382    -0.234    -0.979
      5.389    -0.237    -0.978
      5.396    -0.239    -0.977
      5.403    -0.241    -0.976
      5.409    -0.244    -0.975
      5.417    -0.246    -0.973
      5.424    -0.249    -0.972
      5.432    -0.251    -0.971
      5.439    -0.254    -0.970
      5.446    -0.257    -0.969
      5.454    -0.259    -0.967
      5.461    -0.262    -0.966
      5.468    -0.264    -0.965
      5.475    -0.267    -0.964
      5.481    -0.269    -0.963
      5.488    -0.271    -0.962
      5.495    -0.274    -0.961
      5.502    -0.276    -0.959
      5.509    -0.278    -0.958
      5.515    -0.281    -0.957
      5.522    -0.283    -0.956
      5.529    -0.285    -0.955
      5.536    -0.288    -0.954
      5.542    -0.290    -0.953
      5.549    -0.292    -0.952
      5.555    -0.295    -0.950
      5.561    -0.297    -0.949
      5.568    -0.299    -0.948
      5.574    -0.301    -0.947
      5.582    -0.304    -0.946
      5.589    -0.306    -0.945
      5.596    -0.309    -0.943
      5.604    -0.312    -0.942
      5.611    -0.314    -0.941
      5.618    -0.317    -0.939
      5.625    -0.319    -0.938
      5.633    -0.322    -0.937
      5.640    -0.324    -0.935
      5.647    -0.327    -0.934
      5.655    -0.329    -0.933
      5.662    -0.332    -0.931
      5.669    -0.334    -0.930
      5.677    -0.337    -0.929
      5.684    -0.340    -0.927
      5.692    -0.342    -0.926
      5.699    -0.345    -0.925
      5.706    -0.347    -0.923
      5.714    -0.350    -0.922
      5.721    -0.352    -0.921
      5.728    -0.355    -0.919
      5.736    -0.358    -0.918
      5.743    -0.360    -0.916
      5.750    -0.362    -0.915
      5.757    -0.365    -0.914
      5.763    -0.367    -0.913
      5.770    -0.370    -0.911
      5.777    -0.372    -0.910
      5.784    -0.374    -0.909
      5.791    -0.377    -0.907
      5.798    -0.379    -0.906
      5.806    -0.382    -0.905
      5.813    -0.384    -0.903
      5.820    -0.387    -0.902
      5.828    -0.390    -0.900
      5.835    -0.392    -0.899
      5.842    -0.395    -0.898
      5.848    -0.397    -0.896
      5.855    -0.399    -0.895
      5.862    -0.402    -0.894
      5.869    -0.404    -0.892
      5.875    -0.406    -0.891
      5.882    -0.409    -0.890
      5.889    -0.411    -0.888
      5.896    -0.413    -0.887
      5.902    -0.416    -0.886
      5.909    -0.418    -0.884
      5.916    -0.421    -0.883
      5.922    -0.423    -0.882
      5.928    -0.425    -0.880
      5.935    -0.427    -0.879
      5.941    -0.429    -0.878
      5.948    -0.432    -0.877
      5.955    -0.434    -0.875
      5.962    -0.437    -0.874
      5.970    -0.439    -0.872
      5.977    -0.442    -0.871
      5.984    -0.445    -0.869
      5.992    -0.447    -0.868
      5.999    -0.450    -0.866
      6.006    -0.452    -0.865
      6.012    -0.454    -0.863
      6.019    -0.457    -0.862
      6.026    -0.459    -0.861
      6.032    -0.462    -0.859
      6.039    -0.464    -0.858
      6.046    -0.466    -0.856
      6.053    -0.469    -0.855
      6.059    -0.471    -0.854
      6.066    -0.473    -0.852
      6.073    -0.476    -0.851
      6.079    -0.478    -0.850
      6.086    -0.480    -0.848
      6.092    -0.483    -0.847
      6.098    -0.485    -0.846
      6.105    -0.487    -0.844
      6.111    -0.489    -0.843
      6.118    -0.492    -0.842
      6.124    -0.494    -0.840
      6.131    -0.497    -0.839
      6.138    -0.499    -0.837
      6.145    -0.501    -0.836
      6.151    -0.504    -0.834
      6.158    -0.506    -0.833
      6.164    -0.508    -0.832
      6.170    -0.510    -0.831
      6.177    -0.513    -0.829
      6.183    -0.515    -0.828
      6.190    -0.517    -0.826
      6.197    -0.520    -0.825
      6.204    -0.522    -0.823
      6.211    -0.525    -0.822
      6.218    -0.528    -0.820
      6.225    -0.530    -0.819
      6.232    -0.533    -0.817
      6.239    -0.535    -0.816
      6.247    -0.538    -0.814
      6.254    -0.540    -0.813
      6.261    -0.543    -0.811
      6.269    -0.545    -0.810
      6.276    -0.548    -0.808
      6.283    -0.551    -0.807
      6.290    -0.553    -0.805
      6.297    -0.556    -0.804
      6.305    -0.558    -0.802
      6.312    -0.561    -0.801
      6.319    -0.563    -0.799
      6.327    -0.566    -0.798
      6.334    -0.569    -0.796
      6.341    -0.571    -0.794
      6.349    -0.574    -0.793
      6.356    -0.576    -0.791
      6.363    -0.579    -0.790
      6.370    -0.582    -0.788
      6.378    -0.584    -0.787
      6.385    -0.587    -0.785
      6.392    -0.589    -0.784
      6.400    -0.592    -0.782
      6.407    -0.594    -0.781
      6.414    -0.597    -0.779
      6.421    -0.599    -0.778
      6.427    -0.602    -0.776
      6.434    -0.604    -0.775
      6.441    -0.606    -0.774
      6.447    -0.609    -0.772
      6.455    -0.611    -0.771
      6.462    -0.614    -0.769
      6.469    -0.616    -0.768
      6.477    -0.619    -0.766
      6.484    -0.622    -0.765
      6.491    -0.624    -0.763
      6.499    -0.627    -0.762
      6.505    -0.629    -0.760
      6.512    -0.631    -0.759
      6.519    -0.634    -0.758
      6.526    -0.636    -0.756
      6.532    -0.638    -0.755
      6.539    -0.641    -0.753
      6.546    -0.643    -0.752
      6.553    -0.646    -0.751
      6.559    -0.648    -0.749
      6.566    -0.650    -0.748
      6.573    -0.653    -0.747
      6.579    -0.655    -0.745
      6.586    -0.657    -0.744
      6.592    -0.659    -0.743
      6.599    -0.661    -0.741
      6.605    -0.664    -0.740
      6.611    -0.666    -0.739
      6.619    -0.668    -0.737
      6.626    -0.671    -0.736
      6.633    -0.673    -0.734
      6.641    -0.676    -0.733
      6.648    -0.678    -0.732
      6.655    -0.681    -0.730
      6.663    -0.683    -0.729
      6.670    -0.686    -0.727
      6.676    -0.688    -0.726
      6.683    -0.690    -0.725
      6.690    -0.693    -0.723
      6.697    -0.695    -0.722
      6.703    -0.697    -0.721
      6.710    -0.699    -0.719
      6.717    -0.702    -0.718
      6.724    -0.704    -0.717
      6.730    -0.706    -0.716
      6.737    -0.709    -0.714
      6.744    -0.711    -0.713
      6.750    -0.713    -0.712
      6.757    -0.715    -0.711
      6.763    -0.717    -0.709
      6.770    -0.719    -0.708
      6.776    -0.721    -0.707
      6.783    -0.724    -0.706
      6.790    -0.726    -0.704
      6.796    -0.728    -0.703
      6.803    -0.730    -0.702
      6.810    -0.732    -0.701
      6.817    -0.735    -0.699
      6.823    -0.737    -0.698
      6.830    -0.739    -0.697
      6.836    -0.741    -0.696
      6.842    -0.743    -0.695
      6.849    -0.745    -0.693
      6.856    -0.747    -0.692
      6.863    -0.750    -0.691
      6.870    -0.752    -0.689
      6.877    -0.754    -0.688
      6.885    -0.756    -0.687
      6.892    -0.759    -0.686
      6.899    -0.761    -0.684
      6.906    -0.763    -0.683
      6.914    -0.765    -0.682
      6.921    -0.768    -0.680
      6.929    -0.770    -0.679
      6.936    -0.772    -0.678
      6.943    -0.775    -0.676
      6.951    -0.777    -0.675
      6.958    -0.779    -0.674
      6.965    -0.781    -0.673
      6.972    -0.783    -0.671
      6.979    -0.785    -0.670
      6.986    -0.787    -0.669
      6.993    -0.789    -0.668
      7.000    -0.791    -0.667
      7.006    -0.794    -0.666
      7.013    -0.796    -0.664
      7.020    -0.798    -0.663
      7.027    -0.800    -0.662
      7.034    -0.802    -0.661
      7.041    -0.804    -0.660
      7.047    -0.805    -0.659
      7.054    -0.807    -0.658
      7.060    -0.809    -0.657
      7.067    -0.811    -0.656
      7.073    -0.813    -0.655
      7.080    -0.815    -0.653
      7.087    -0.817    -0.652
      7.094    -0.819    -0.651
      7.101    -0.821    -0.650
      7.108    -0.823    -0.649
      7.115    -0.824    -0.648
      7.121    -0.826    -0.647
      7.128    -0.828    -0.646
      7.134    -0.830    -0.645
      7.141    -0.832    -0.644
      7.147    -0.833    -0.643
      7.155    -0.835    -0.642
      7.162    -0.837    -0.640
      7.169    -0.839    -0.639
      7.177    -0.841    -0.638
      7.184    -0.843    -0.637
      7.191    -0.845    -0.636
      7.199    -0.847    -0.635
      7.206    -0.849    -0.634
      7.213    -0.850    -0.633
      7.220    -0.852    -0.632
      7.227    -0.854    -0.631
      7.234    -0.856    -0.630
      7.241    -0.857    -0.629
      7.248    -0.859    -0.628
      7.254    -0.861    -0.627
      7.261    -0.862    -0.626
      7.267    -0.864    -0.625
      7.274    -0.866    -0.624
      7.281    -0.867    -0.623
      7.288    -0.869    -0.622
      7.295    -0.871    -0.621
      7.303    -0.872    -0.620
      7.310    -0.874    -0.619
      7.317    -0.876    -0.618
      7.325    -0.877    -0.617
      7.332    -0.879    -0.616
      7.340    -0.881    -0.615
      7.347    -0.883    -0.614
      7.354    -0.884    -0.613
      7.362    -0.886    -0.612
      7.369    -0.887    -0.611
      7.377    -0.889    -0.610
      7.384    -0.891    -0.609
      7.391    -0.892    -0.608
      7.399    -0.894    -0.607
      7.407    -0.895    -0.606
      7.414    -0.897    -0.605
      7.422    -0.899    -0.604
      7.430    -0.900    -0.603
      7.438    -0.902    -0.602
      7.445    -0.903    -0.601
