Count of Points:889

WCS coordinates of Points:
      1.181     0.000    -0.102
      1.188     0.004    -0.102
      1.194     0.007    -0.102
      1.201     0.010    -0.102
      1.207     0.014    -0.102
      1.214     0.017    -0.102
      1.220     0.021    -0.102
      1.227     0.024    -0.102
      1.234     0.028    -0.102
      1.241     0.032    -0.102
      1.249     0.036    -0.102
      1.256     0.039    -0.102
      1.263     0.043    -0.102
      1.270     0.047    -0.102
      1.278     0.050    -0.102
      1.285     0.054    -0.102
      1.292     0.058    -0.102
      1.299     0.061    -0.102
      1.307     0.065    -0.102
      1.314     0.068    -0.102
      1.321     0.072    -0.102
      1.328     0.076    -0.102
      1.335     0.079    -0.102
      1.343     0.083    -0.102
      1.350     0.086    -0.102
      1.357     0.090    -0.102
      1.365     0.093    -0.102
      1.372     0.097    -0.102
      1.379     0.100    -0.102
      1.386     0.103    -0.102
      1.394     0.107    -0.102
      1.401     0.110    -0.102
      1.408     0.114    -0.102
      1.416     0.117    -0.102
      1.423     0.121    -0.102
      1.431     0.124    -0.102
      1.438     0.127    -0.102
      1.446     0.131    -0.102
      1.453     0.134    -0.102
      1.461     0.137    -0.102
      1.468     0.141    -0.102
      1.475     0.144    -0.102
      1.483     0.147    -0.102
      1.490     0.150    -0.102
      1.498     0.153    -0.102
      1.505     0.157    -0.102
      1.512     0.160    -0.102
      1.520     0.163    -0.102
      1.527     0.166    -0.102
      1.535     0.169    -0.102
      1.542     0.172    -0.102
      1.550     0.176    -0.102
      1.557     0.179    -0.102
      1.565     0.182    -0.102
      1.573     0.185    -0.102
      1.580     0.188    -0.102
      1.588     0.191    -0.102
      1.595     0.194    -0.102
      1.603     0.197    -0.102
      1.610     0.200    -0.102
      1.618     0.203    -0.102
      1.625     0.206    -0.102
      1.632     0.208    -0.102
      1.639     0.211    -0.102
      1.646     0.214    -0.102
      1.653     0.216    -0.102
      1.660     0.219    -0.102
      1.668     0.222    -0.102
      1.675     0.224    -0.102
      1.683     0.227    -0.102
      1.691     0.230    -0.102
      1.698     0.233    -0.102
      1.706     0.236    -0.102
      1.713     0.238    -0.102
      1.721     0.241    -0.102
      1.728     0.244    -0.102
      1.736     0.246    -0.102
      1.744     0.249    -0.102
      1.752     0.252    -0.102
      1.759     0.254    -0.102
      1.767     0.257    -0.102
      1.775     0.259    -0.102
      1.783     0.262    -0.102
      1.790     0.264    -0.102
      1.798     0.267    -0.102
      1.806     0.269    -0.102
      1.814     0.272    -0.102
      1.821     0.274    -0.102
      1.829     0.277    -0.102
      1.837     0.279    -0.102
      1.844     0.281    -0.102
      1.851     0.284    -0.102
      1.858     0.286    -0.102
      1.866     0.288    -0.102
      1.873     0.290    -0.102
      1.880     0.292    -0.102
      1.888     0.295    -0.102
      1.896     0.297    -0.102
      1.903     0.299    -0.102
      1.911     0.301    -0.102
      1.919     0.303    -0.102
      1.927     0.306    -0.102
      1.935     0.308    -0.102
      1.942     0.310    -0.102
      1.949     0.312    -0.102
      1.957     0.314    -0.102
      1.964     0.316    -0.102
      1.971     0.317    -0.102
      1.978     0.319    -0.102
      1.986     0.321    -0.102
      1.993     0.323    -0.102
      2.000     0.325    -0.102
      2.007     0.327    -0.102
      2.015     0.328    -0.102
      2.022     0.330    -0.102
      2.029     0.332    -0.102
      2.036     0.333    -0.102
      2.042     0.335    -0.102
      2.049     0.337    -0.102
      2.056     0.338    -0.102
      2.064     0.340    -0.102
      2.072     0.342    -0.102
      2.080     0.343    -0.102
      2.088     0.345    -0.102
      2.096     0.347    -0.102
      2.104     0.349    -0.102
      2.112     0.350    -0.102
      2.119     0.352    -0.102
      2.127     0.353    -0.102
      2.135     0.355    -0.102
      2.143     0.357    -0.102
      2.151     0.358    -0.102
      2.159     0.360    -0.102
      2.167     0.361    -0.102
      2.175     0.363    -0.102
      2.183     0.364    -0.102
      2.191     0.365    -0.102
      2.199     0.367    -0.102
      2.208     0.368    -0.102
      2.216     0.370    -0.102
      2.224     0.371    -0.102
      2.232     0.372    -0.102
      2.240     0.374    -0.102
      2.247     0.375    -0.102
      2.255     0.376    -0.102
      2.262     0.377    -0.102
      2.269     0.378    -0.102
      2.277     0.379    -0.102
      2.284     0.380    -0.102
      2.292     0.381    -0.102
      2.300     0.382    -0.102
      2.308     0.383    -0.102
      2.316     0.384    -0.102
      2.325     0.386    -0.102
      2.333     0.387    -0.102
      2.341     0.387    -0.102
      2.348     0.388    -0.102
      2.356     0.389    -0.102
      2.363     0.390    -0.102
      2.371     0.391    -0.102
      2.378     0.392    -0.102
      2.385     0.392    -0.102
      2.393     0.393    -0.102
      2.400     0.394    -0.102
      2.408     0.395    -0.102
      2.415     0.395    -0.102
      2.423     0.396    -0.102
      2.430     0.396    -0.102
      2.437     0.397    -0.102
      2.444     0.398    -0.102
      2.451     0.398    -0.102
      2.458     0.399    -0.102
      2.465     0.399    -0.102
      2.473     0.400    -0.102
      2.482     0.400    -0.102
      2.490     0.401    -0.102
      2.498     0.401    -0.102
      2.506     0.402    -0.102
      2.514     0.402    -0.102
      2.522     0.403    -0.102
      2.530     0.403    -0.102
      2.537     0.403    -0.102
      2.545     0.403    -0.102
      2.552     0.404    -0.102
      2.560     0.404    -0.102
      2.567     0.404    -0.102
      2.575     0.404    -0.102
      2.582     0.405    -0.102
      2.590     0.405    -0.102
      2.597     0.405    -0.102
      2.605     0.405    -0.102
      2.612     0.405    -0.102
      2.619     0.405    -0.102
      2.626     0.405    -0.102
      2.633     0.405    -0.102
      2.640     0.405    -0.102
      2.647     0.405    -0.102
      2.655     0.405    -0.102
      2.662     0.405    -0.102
      2.670     0.405    -0.102
      2.677     0.405    -0.102
      2.685     0.405    -0.102
      2.692     0.405    -0.102
      2.699     0.405    -0.102
      2.706     0.405    -0.102
      2.713     0.404    -0.102
      2.720     0.404    -0.102
      2.727     0.404    -0.102
      2.735     0.404    -0.102
      2.742     0.403    -0.102
      2.749     0.403    -0.102
      2.756     0.403    -0.102
      2.763     0.402    -0.102
      2.770     0.402    -0.102
      2.777     0.402    -0.102
      2.783     0.401    -0.102
      2.790     0.401    -0.102
      2.798     0.400    -0.102
      2.805     0.400    -0.102
      2.813     0.400    -0.102
      2.820     0.399    -0.102
      2.827     0.398    -0.102
      2.835     0.398    -0.102
      2.842     0.397    -0.102
      2.850     0.397    -0.102
      2.858     0.396    -0.102
      2.866     0.395    -0.102
      2.875     0.395    -0.102
      2.883     0.394    -0.102
      2.891     0.393    -0.102
      2.899     0.392    -0.102
      2.907     0.391    -0.102
      2.915     0.391    -0.102
      2.923     0.390    -0.102
      2.931     0.389    -0.102
      2.939     0.388    -0.102
      2.947     0.387    -0.102
      2.955     0.386    -0.102
      2.963     0.385    -0.102
      2.971     0.384    -0.102
      2.979     0.383    -0.102
      2.987     0.382    -0.102
      2.995     0.381    -0.102
      3.003     0.379    -0.102
      3.011     0.378    -0.102
      3.019     0.377    -0.102
      3.027     0.376    -0.102
      3.035     0.375    -0.102
      3.043     0.373    -0.102
      3.051     0.372    -0.102
      3.059     0.371    -0.102
      3.067     0.369    -0.102
      3.075     0.368    -0.102
      3.083     0.367    -0.102
      3.091     0.365    -0.102
      3.099     0.364    -0.102
      3.107     0.362    -0.102
      3.115     0.361    -0.102
      3.123     0.359    -0.102
      3.131     0.358    -0.102
      3.139     0.356    -0.102
      3.147     0.355    -0.102
      3.155     0.353    -0.102
      3.163     0.352    -0.102
      3.171     0.350    -0.102
      3.179     0.348    -0.102
      3.187     0.347    -0.102
      3.195     0.345    -0.102
      3.203     0.343    -0.102
      3.211     0.341    -0.102
      3.219     0.340    -0.102
      3.227     0.338    -0.102
      3.235     0.336    -0.102
      3.242     0.334    -0.102
      3.250     0.332    -0.102
      3.258     0.330    -0.102
      3.266     0.328    -0.102
      3.274     0.326    -0.102
      3.281     0.325    -0.102
      3.288     0.323    -0.102
      3.295     0.321    -0.102
      3.303     0.319    -0.102
      3.310     0.317    -0.102
      3.318     0.315    -0.102
      3.326     0.313    -0.102
      3.333     0.311    -0.102
      3.341     0.309    -0.102
      3.349     0.307    -0.102
      3.357     0.304    -0.102
      3.365     0.302    -0.102
      3.372     0.300    -0.102
      3.380     0.298    -0.102
      3.388     0.296    -0.102
      3.396     0.293    -0.102
      3.403     0.291    -0.102
      3.411     0.289    -0.102
      3.419     0.286    -0.102
      3.427     0.284    -0.102
      3.435     0.282    -0.102
      3.442     0.279    -0.102
      3.450     0.277    -0.102
      3.458     0.274    -0.102
      3.466     0.272    -0.102
      3.474     0.269    -0.102
      3.481     0.267    -0.102
      3.489     0.264    -0.102
      3.496     0.262    -0.102
      3.503     0.260    -0.102
      3.510     0.257    -0.102
      3.517     0.255    -0.102
      3.525     0.252    -0.102
      3.532     0.250    -0.102
      3.539     0.247    -0.102
      3.547     0.245    -0.102
      3.555     0.242    -0.102
      3.562     0.239    -0.102
      3.570     0.236    -0.102
      3.578     0.234    -0.102
      3.585     0.231    -0.102
      3.593     0.228    -0.102
      3.600     0.226    -0.102
      3.607     0.223    -0.102
      3.614     0.221    -0.102
      3.621     0.218    -0.102
      3.628     0.215    -0.102
      3.635     0.213    -0.102
      3.642     0.210    -0.102
      3.649     0.207    -0.102
      3.656     0.205    -0.102
      3.663     0.202    -0.102
      3.669     0.199    -0.102
      3.676     0.197    -0.102
      3.683     0.194    -0.102
      3.689     0.191    -0.102
      3.696     0.189    -0.102
      3.702     0.186    -0.102
      3.710     0.183    -0.102
      3.717     0.180    -0.102
      3.725     0.177    -0.102
      3.732     0.174    -0.102
      3.740     0.171    -0.102
      3.747     0.168    -0.102
      3.755     0.164    -0.102
      3.762     0.161    -0.102
      3.769     0.158    -0.102
      3.777     0.155    -0.102
      3.784     0.152    -0.102
      3.792     0.149    -0.102
      3.799     0.145    -0.102
      3.807     0.142    -0.102
      3.814     0.139    -0.102
      3.822     0.135    -0.102
      3.829     0.132    -0.102
      3.837     0.129    -0.102
      3.844     0.125    -0.102
      3.852     0.122    -0.102
      3.859     0.119    -0.102
      3.866     0.115    -0.102
      3.874     0.112    -0.102
      3.881     0.109    -0.102
      3.887     0.106    -0.102
      3.894     0.102    -0.102
      3.901     0.099    -0.102
      3.908     0.096    -0.102
      3.915     0.093    -0.102
      3.922     0.089    -0.102
      3.929     0.086    -0.102
      3.937     0.082    -0.102
      3.944     0.079    -0.102
      3.951     0.075    -0.102
      3.959     0.072    -0.102
      3.966     0.068    -0.102
      3.973     0.065    -0.102
      3.980     0.062    -0.102
      3.986     0.058    -0.102
      3.993     0.055    -0.102
      4.000     0.052    -0.102
      4.006     0.048    -0.102
      4.013     0.045    -0.102
      4.020     0.042    -0.102
      4.026     0.038    -0.102
      4.033     0.035    -0.102
      4.040     0.031    -0.102
      4.046     0.028    -0.102
      4.053     0.025    -0.102
      4.059     0.022    -0.102
      4.065     0.018    -0.102
      4.071     0.015    -0.102
      4.078     0.012    -0.102
      4.085     0.008    -0.102
      4.092     0.004    -0.102
      4.099     0.000    -0.102
      4.107    -0.003    -0.102
      4.114    -0.007    -0.102
      4.121    -0.011    -0.102
      4.128    -0.015    -0.102
      4.135    -0.018    -0.102
      4.141    -0.022    -0.102
      4.148    -0.025    -0.102
      4.155    -0.029    -0.102
      4.161    -0.033    -0.102
      4.168    -0.036    -0.102
      4.174    -0.040    -0.102
      4.181    -0.043    -0.102
      4.187    -0.047    -0.102
      4.194    -0.050    -0.102
      4.201    -0.054    -0.102
      4.207    -0.058    -0.102
      4.213    -0.061    -0.102
      4.219    -0.065    -0.102
      4.226    -0.068    -0.102
      4.232    -0.071    -0.102
      4.238    -0.075    -0.102
      4.244    -0.079    -0.102
      4.251    -0.082    -0.102
      4.257    -0.086    -0.102
      4.264    -0.090    -0.102
      4.270    -0.093    -0.102
      4.277    -0.097    -0.102
      4.283    -0.101    -0.102
      4.289    -0.104    -0.102
      4.295    -0.108    -0.102
      4.301    -0.111    -0.102
      4.308    -0.115    -0.102
      4.314    -0.118    -0.102
      4.320    -0.122    -0.102
      4.326    -0.125    -0.102
      4.332    -0.129    -0.102
      4.338    -0.132    -0.102
      4.344    -0.136    -0.102
      4.350    -0.139    -0.102
      4.356    -0.143    -0.102
      4.362    -0.146    -0.102
      4.369    -0.151    -0.102
      4.376    -0.155    -0.102
      4.383    -0.159    -0.102
      4.390    -0.163    -0.102
      4.398    -0.168    -0.102
      4.405    -0.172    -0.102
      4.412    -0.176    -0.102
      4.418    -0.180    -0.102
      4.425    -0.184    -0.102
      4.431    -0.188    -0.102
      4.438    -0.192    -0.102
      4.444    -0.196    -0.102
      4.451    -0.200    -0.102
      4.457    -0.204    -0.102
      4.464    -0.208    -0.102
      4.470    -0.212    -0.102
      4.477    -0.216    -0.102
      4.483    -0.220    -0.102
      4.490    -0.224    -0.102
      4.496    -0.227    -0.102
      4.502    -0.231    -0.102
      4.508    -0.235    -0.102
      4.514    -0.239    -0.102
      4.520    -0.242    -0.102
      4.527    -0.246    -0.102
      4.533    -0.250    -0.102
      4.539    -0.255    -0.102
      4.546    -0.259    -0.102
      4.552    -0.263    -0.102
      4.559    -0.267    -0.102
      4.565    -0.270    -0.102
      4.571    -0.274    -0.102
      4.577    -0.278    -0.102
      4.583    -0.282    -0.102
      4.589    -0.286    -0.102
      4.595    -0.290    -0.102
      4.601    -0.293    -0.102
      4.607    -0.297    -0.102
      4.613    -0.301    -0.102
      4.619    -0.305    -0.102
      4.625    -0.309    -0.101
      4.631    -0.313    -0.101
      4.637    -0.316    -0.101
      4.643    -0.320    -0.101
      4.649    -0.324    -0.101
      4.656    -0.328    -0.101
      4.662    -0.332    -0.101
      4.669    -0.337    -0.101
      4.675    -0.341    -0.101
      4.681    -0.345    -0.101
      4.687    -0.349    -0.101
      4.693    -0.353    -0.101
      4.699    -0.357    -0.101
      4.705    -0.360    -0.101
      4.711    -0.364    -0.101
      4.717    -0.368    -0.101
      4.723    -0.372    -0.101
      4.729    -0.376    -0.101
      4.735    -0.380    -0.101
      4.741    -0.384    -0.101
      4.747    -0.388    -0.101
      4.753    -0.392    -0.101
      4.759    -0.395    -0.101
      4.765    -0.399    -0.101
      4.771    -0.403    -0.101
      4.777    -0.407    -0.101
      4.783    -0.411    -0.101
      4.789    -0.415    -0.101
      4.795    -0.419    -0.101
      4.801    -0.423    -0.101
      4.807    -0.427    -0.101
      4.813    -0.431    -0.101
      4.818    -0.435    -0.101
      4.824    -0.439    -0.101
      4.830    -0.443    -0.101
      4.836    -0.446    -0.101
      4.842    -0.450    -0.101
      4.848    -0.454    -0.101
      4.854    -0.458    -0.101
      4.860    -0.462    -0.101
      4.867    -0.467    -0.101
      4.873    -0.471    -0.101
      4.879    -0.475    -0.101
      4.886    -0.479    -0.101
      4.892    -0.484    -0.101
      4.898    -0.488    -0.101
      4.904    -0.492    -0.101
      4.910    -0.496    -0.101
      4.916    -0.500    -0.101
      4.922    -0.504    -0.101
      4.928    -0.508    -0.101
      4.934    -0.512    -0.101
      4.940    -0.516    -0.101
      4.946    -0.520    -0.101
      4.952    -0.524    -0.101
      4.958    -0.528    -0.101
      4.964    -0.532    -0.101
      4.969    -0.536    -0.101
      4.975    -0.539    -0.101
      4.981    -0.543    -0.101
      4.987    -0.547    -0.101
      4.993    -0.551    -0.101
      4.999    -0.555    -0.101
      5.005    -0.559    -0.101
      5.011    -0.563    -0.101
      5.017    -0.567    -0.101
      5.022    -0.571    -0.101
      5.028    -0.575    -0.101
      5.034    -0.579    -0.101
      5.040    -0.583    -0.101
      5.046    -0.587    -0.101
      5.052    -0.591    -0.101
      5.058    -0.595    -0.101
      5.064    -0.599    -0.101
      5.070    -0.603    -0.101
      5.076    -0.607    -0.101
      5.082    -0.611    -0.101
      5.088    -0.615    -0.101
      5.094    -0.619    -0.101
      5.099    -0.623    -0.101
      5.105    -0.628    -0.101
      5.111    -0.631    -0.101
      5.117    -0.635    -0.101
      5.123    -0.639    -0.101
      5.129    -0.643    -0.101
      5.135    -0.647    -0.101
      5.141    -0.651    -0.101
      5.147    -0.655    -0.101
      5.152    -0.659    -0.101
      5.158    -0.663    -0.101
      5.164    -0.668    -0.101
      5.170    -0.672    -0.101
      5.176    -0.676    -0.101
      5.182    -0.680    -0.101
      5.188    -0.684    -0.101
      5.194    -0.688    -0.101
      5.200    -0.692    -0.101
      5.206    -0.696    -0.101
      5.212    -0.700    -0.101
      5.218    -0.704    -0.101
      5.225    -0.709    -0.100
      5.231    -0.713    -0.100
      5.238    -0.718    -0.100
      5.245    -0.722    -0.100
      5.251    -0.726    -0.100
      5.257    -0.730    -0.100
      5.263    -0.735    -0.100
      5.270    -0.739    -0.100
      5.276    -0.743    -0.100
      5.282    -0.748    -0.100
      5.288    -0.752    -0.100
      5.294    -0.756    -0.100
      5.300    -0.760    -0.100
      5.306    -0.764    -0.100
      5.312    -0.768    -0.100
      5.318    -0.772    -0.100
      5.324    -0.776    -0.100
      5.330    -0.780    -0.100
      5.336    -0.784    -0.100
      5.342    -0.788    -0.100
      5.348    -0.792    -0.100
      5.353    -0.795    -0.100
      5.359    -0.799    -0.100
      5.365    -0.803    -0.100
      5.371    -0.807    -0.100
      5.377    -0.811    -0.100
      5.383    -0.815    -0.100
      5.389    -0.819    -0.100
      5.395    -0.823    -0.100
      5.401    -0.827    -0.100
      5.407    -0.831    -0.100
      5.412    -0.835    -0.100
      5.418    -0.839    -0.100
      5.424    -0.843    -0.100
      5.430    -0.847    -0.100
      5.436    -0.851    -0.100
      5.442    -0.855    -0.100
      5.448    -0.859    -0.100
      5.454    -0.863    -0.100
      5.460    -0.867    -0.100
      5.466    -0.871    -0.100
      5.472    -0.875    -0.100
      5.478    -0.879    -0.100
      5.484    -0.883    -0.100
      5.490    -0.887    -0.100
      5.496    -0.891    -0.100
      5.502    -0.895    -0.100
      5.507    -0.898    -0.100
      5.513    -0.902    -0.100
      5.519    -0.906    -0.099
      5.525    -0.910    -0.099
      5.531    -0.914    -0.099
      5.537    -0.918    -0.099
      5.543    -0.922    -0.099
      5.549    -0.926    -0.099
      5.555    -0.930    -0.099
      5.561    -0.934    -0.099
      5.567    -0.938    -0.099
      5.573    -0.942    -0.099
      5.579    -0.946    -0.099
      5.585    -0.950    -0.099
      5.591    -0.954    -0.099
      5.597    -0.957    -0.099
      5.604    -0.962    -0.099
      5.611    -0.966    -0.099
      5.617    -0.970    -0.099
      5.624    -0.975    -0.099
      5.630    -0.979    -0.099
      5.637    -0.983    -0.099
      5.643    -0.987    -0.099
      5.649    -0.991    -0.099
      5.655    -0.995    -0.099
      5.661    -0.998    -0.099
      5.667    -1.002    -0.099
      5.672    -1.006    -0.099
      5.678    -1.010    -0.099
      5.684    -1.014    -0.099
      5.690    -1.018    -0.099
      5.696    -1.021    -0.099
      5.702    -1.025    -0.099
      5.708    -1.029    -0.099
      5.715    -1.033    -0.099
      5.721    -1.037    -0.099
      5.727    -1.041    -0.099
      5.733    -1.045    -0.099
      5.739    -1.048    -0.099
      5.745    -1.052    -0.099
      5.751    -1.056    -0.099
      5.757    -1.060    -0.099
      5.763    -1.064    -0.098
      5.769    -1.068    -0.098
      5.776    -1.072    -0.098
      5.783    -1.076    -0.098
      5.789    -1.080    -0.098
      5.796    -1.084    -0.098
      5.803    -1.088    -0.098
      5.809    -1.092    -0.098
      5.815    -1.096    -0.098
      5.821    -1.100    -0.098
      5.827    -1.104    -0.098
      5.833    -1.107    -0.098
      5.839    -1.111    -0.098
      5.845    -1.115    -0.098
      5.852    -1.119    -0.098
      5.859    -1.123    -0.098
      5.866    -1.127    -0.098
      5.872    -1.131    -0.098
      5.879    -1.136    -0.098
      5.886    -1.140    -0.098
      5.893    -1.144    -0.098
      5.899    -1.148    -0.098
      5.906    -1.152    -0.098
      5.913    -1.156    -0.098
      5.920    -1.160    -0.098
      5.926    -1.164    -0.098
      5.933    -1.168    -0.098
      5.939    -1.172    -0.098
      5.946    -1.176    -0.098
      5.953    -1.180    -0.098
      5.959    -1.184    -0.097
      5.966    -1.188    -0.097
      5.972    -1.192    -0.097
      5.979    -1.195    -0.097
      5.985    -1.199    -0.097
      5.991    -1.203    -0.097
      5.997    -1.206    -0.097
      6.003    -1.210    -0.097
      6.010    -1.214    -0.097
      6.016    -1.217    -0.097
      6.022    -1.221    -0.097
      6.028    -1.224    -0.097
      6.034    -1.228    -0.097
      6.041    -1.232    -0.097
      6.047    -1.235    -0.097
      6.053    -1.239    -0.097
      6.059    -1.242    -0.097
      6.065    -1.246    -0.097
      6.071    -1.249    -0.097
      6.077    -1.253    -0.097
      6.084    -1.256    -0.097
      6.090    -1.260    -0.097
      6.096    -1.263    -0.097
      6.102    -1.267    -0.097
      6.108    -1.270    -0.096
      6.114    -1.274    -0.096
      6.121    -1.277    -0.096
      6.127    -1.281    -0.096
      6.133    -1.284    -0.096
      6.139    -1.288    -0.096
      6.146    -1.291    -0.096
      6.152    -1.295    -0.096
      6.158    -1.298    -0.096
      6.164    -1.302    -0.096
      6.171    -1.305    -0.096
      6.177    -1.309    -0.096
      6.183    -1.312    -0.096
      6.190    -1.315    -0.096
      6.196    -1.319    -0.096
      6.202    -1.322    -0.096
      6.208    -1.326    -0.096
      6.214    -1.329    -0.096
      6.221    -1.332    -0.096
      6.227    -1.336    -0.096
      6.233    -1.339    -0.096
      6.240    -1.342    -0.095
      6.246    -1.346    -0.095
      6.252    -1.349    -0.095
      6.259    -1.353    -0.095
      6.265    -1.356    -0.095
      6.271    -1.359    -0.095
      6.278    -1.363    -0.095
      6.284    -1.366    -0.095
      6.290    -1.369    -0.095
      6.297    -1.373    -0.095
      6.303    -1.376    -0.095
      6.310    -1.379    -0.095
      6.317    -1.383    -0.095
      6.324    -1.386    -0.095
      6.331    -1.390    -0.095
      6.338    -1.394    -0.095
      6.345    -1.397    -0.095
      6.351    -1.401    -0.095
      6.358    -1.404    -0.094
      6.364    -1.407    -0.094
      6.370    -1.410    -0.094
      6.377    -1.413    -0.094
      6.383    -1.417    -0.094
      6.389    -1.420    -0.094
      6.396    -1.423    -0.094
      6.402    -1.426    -0.094
      6.408    -1.429    -0.094
      6.415    -1.432    -0.094
      6.421    -1.435    -0.094
      6.428    -1.439    -0.094
      6.434    -1.442    -0.094
      6.441    -1.445    -0.094
      6.447    -1.448    -0.094
      6.454    -1.451    -0.094
      6.460    -1.454    -0.094
      6.467    -1.457    -0.094
      6.473    -1.460    -0.093
      6.480    -1.463    -0.093
      6.486    -1.467    -0.093
      6.493    -1.470    -0.093
      6.500    -1.473    -0.093
      6.507    -1.476    -0.093
      6.514    -1.480    -0.093
      6.521    -1.483    -0.093
      6.528    -1.486    -0.093
      6.535    -1.489    -0.093
      6.541    -1.492    -0.093
      6.548    -1.495    -0.093
      6.554    -1.498    -0.093
      6.561    -1.501    -0.093
      6.568    -1.504    -0.093
      6.574    -1.507    -0.093
      6.581    -1.510    -0.093
      6.589    -1.514    -0.092
      6.596    -1.517    -0.092
      6.603    -1.520    -0.092
      6.610    -1.523    -0.092
      6.617    -1.526    -0.092
      6.625    -1.529    -0.092
      6.632    -1.533    -0.092
      6.639    -1.536    -0.092
      6.646    -1.539    -0.092
      6.654    -1.542    -0.092
      6.661    -1.545    -0.092
      6.668    -1.548    -0.092
      6.675    -1.551    -0.092
      6.682    -1.554    -0.092
      6.688    -1.557    -0.092
      6.695    -1.559    -0.092
      6.701    -1.562    -0.091
      6.708    -1.565    -0.091
      6.715    -1.567    -0.091
      6.721    -1.570    -0.091
      6.728    -1.573    -0.091
      6.734    -1.575    -0.091
      6.741    -1.578    -0.091
      6.747    -1.581    -0.091
      6.754    -1.583    -0.091
      6.761    -1.586    -0.091
      6.767    -1.589    -0.091
      6.774    -1.591    -0.091
      6.781    -1.594    -0.091
      6.788    -1.597    -0.091
      6.794    -1.599    -0.091
      6.801    -1.602    -0.091
      6.808    -1.604    -0.091
      6.814    -1.607    -0.090
      6.821    -1.610    -0.090
      6.828    -1.612    -0.090
      6.835    -1.615    -0.090
      6.843    -1.618    -0.090
      6.850    -1.620    -0.090
      6.857    -1.623    -0.090
      6.865    -1.626    -0.090
      6.871    -1.628    -0.090
      6.878    -1.631    -0.090
      6.885    -1.633    -0.090
      6.892    -1.636    -0.090
      6.898    -1.638    -0.090
      6.905    -1.641    -0.090
      6.912    -1.643    -0.090
      6.919    -1.646    -0.090
      6.927    -1.648    -0.089
      6.934    -1.651    -0.089
      6.942    -1.654    -0.089
      6.949    -1.656    -0.089
      6.957    -1.659    -0.089
      6.964    -1.661    -0.089
      6.972    -1.664    -0.089
      6.979    -1.666    -0.089
      6.987    -1.669    -0.089
      6.994    -1.671    -0.089
      7.001    -1.674    -0.089
      7.009    -1.676    -0.089
      7.016    -1.679    -0.089
      7.023    -1.681    -0.089
      7.030    -1.683    -0.089
      7.037    -1.685    -0.089
      7.043    -1.688    -0.088
      7.050    -1.690    -0.088
      7.057    -1.692    -0.088
      7.064    -1.694    -0.088
      7.071    -1.697    -0.088
      7.079    -1.699    -0.088
      7.087    -1.701    -0.088
      7.094    -1.704    -0.088
      7.102    -1.706    -0.088
      7.109    -1.708    -0.088
      7.117    -1.711    -0.088
      7.124    -1.713    -0.088
      7.132    -1.715    -0.088
      7.139    -1.717    -0.088
      7.147    -1.720    -0.088
      7.154    -1.722    -0.088
      7.162    -1.724    -0.088
      7.169    -1.726    -0.087
      7.177    -1.728    -0.087
      7.184    -1.730    -0.087
      7.192    -1.733    -0.087
      7.200    -1.735    -0.087
      7.207    -1.737    -0.087
      7.215    -1.739    -0.087
      7.222    -1.741    -0.087
      7.230    -1.743    -0.087
      7.237    -1.745    -0.087
      7.245    -1.747    -0.087
      7.252    -1.749    -0.087
      7.260    -1.751    -0.087
      7.268    -1.753    -0.087
      7.275    -1.755    -0.087
      7.283    -1.757    -0.087
      7.291    -1.759    -0.087
