Count of Points:94

WCS coordinates of Points:
      7.480     0.549    -1.156
      7.473     0.551    -1.158
      7.465     0.554    -1.159
      7.458     0.556    -1.161
      7.451     0.558    -1.162
      7.444     0.560    -1.164
      7.437     0.562    -1.165
      7.430     0.564    -1.167
      7.423     0.566    -1.168
      7.416     0.568    -1.170
      7.409     0.570    -1.172
      7.401     0.572    -1.173
      7.394     0.574    -1.175
      7.387     0.576    -1.177
      7.380     0.578    -1.178
      7.373     0.580    -1.180
      7.366     0.582    -1.182
      7.358     0.584    -1.183
      7.351     0.586    -1.185
      7.344     0.588    -1.187
      7.337     0.590    -1.189
      7.330     0.593    -1.190
      7.323     0.595    -1.192
      7.316     0.597    -1.194
      7.309     0.599    -1.196
      7.303     0.601    -1.197
      7.296     0.602    -1.199
      7.290     0.604    -1.201
      7.283     0.606    -1.202
      7.277     0.608    -1.204
      7.269     0.610    -1.206
      7.262     0.612    -1.208
      7.255     0.614    -1.210
      7.248     0.617    -1.211
      7.241     0.619    -1.213
      7.234     0.621    -1.215
      7.227     0.623    -1.217
      7.220     0.625    -1.219
      7.214     0.627    -1.221
      7.207     0.629    -1.222
      7.201     0.631    -1.224
      7.194     0.633    -1.226
      7.188     0.634    -1.228
      7.181     0.636    -1.230
      7.175     0.638    -1.232
      7.168     0.640    -1.233
      7.162     0.642    -1.235
      7.156     0.644    -1.237
      7.149     0.646    -1.239
      7.141     0.648    -1.241
      7.134     0.651    -1.243
      7.126     0.653    -1.246
      7.119     0.655    -1.248
      7.112     0.657    -1.250
      7.105     0.659    -1.252
      7.097     0.661    -1.254
      7.090     0.663    -1.256
      7.083     0.666    -1.258
      7.076     0.668    -1.261
      7.069     0.670    -1.263
      7.063     0.672    -1.265
      7.056     0.674    -1.267
      7.050     0.676    -1.269
      7.044     0.677    -1.271
      7.037     0.679    -1.273
      7.031     0.681    -1.275
      7.024     0.683    -1.277
      7.018     0.685    -1.279
      7.011     0.687    -1.281
      7.005     0.689    -1.283
      6.999     0.691    -1.285
      6.992     0.693    -1.287
      6.985     0.695    -1.289
      6.977     0.697    -1.292
      6.970     0.699    -1.294
      6.962     0.702    -1.297
      6.956     0.704    -1.299
      6.949     0.705    -1.301
      6.943     0.707    -1.303
      6.936     0.709    -1.305
      6.930     0.711    -1.307
      6.924     0.713    -1.310
      6.916     0.715    -1.312
      6.909     0.717    -1.315
      6.901     0.720    -1.317
      6.893     0.722    -1.320
      6.887     0.724    -1.322
      6.880     0.726    -1.324
      6.873     0.728    -1.327
      6.867     0.730    -1.329
      6.860     0.732    -1.331
      6.853     0.734    -1.334
      6.846     0.735    -1.336
      6.840     0.737    -1.338
