Count of Points:874

WCS coordinates of Points:
      1.181     0.000    -1.173
      1.187     0.004    -1.173
      1.193     0.008    -1.173
      1.199     0.013    -1.173
      1.204     0.017    -1.173
      1.210     0.021    -1.173
      1.216     0.025    -1.173
      1.222     0.029    -1.173
      1.228     0.033    -1.173
      1.233     0.037    -1.173
      1.239     0.041    -1.173
      1.245     0.045    -1.173
      1.251     0.049    -1.173
      1.257     0.053    -1.173
      1.263     0.057    -1.173
      1.269     0.061    -1.173
      1.275     0.065    -1.173
      1.281     0.069    -1.173
      1.287     0.073    -1.173
      1.293     0.077    -1.173
      1.299     0.081    -1.173
      1.305     0.084    -1.173
      1.311     0.088    -1.173
      1.317     0.092    -1.173
      1.324     0.096    -1.173
      1.331     0.100    -1.173
      1.338     0.104    -1.173
      1.344     0.109    -1.173
      1.351     0.113    -1.173
      1.357     0.116    -1.172
      1.364     0.120    -1.172
      1.370     0.124    -1.172
      1.376     0.127    -1.172
      1.382     0.131    -1.172
      1.388     0.135    -1.172
      1.395     0.138    -1.172
      1.401     0.142    -1.172
      1.408     0.146    -1.172
      1.415     0.150    -1.172
      1.422     0.154    -1.172
      1.429     0.157    -1.172
      1.436     0.161    -1.172
      1.443     0.165    -1.172
      1.450     0.169    -1.172
      1.457     0.173    -1.172
      1.464     0.176    -1.172
      1.471     0.180    -1.172
      1.477     0.183    -1.172
      1.484     0.187    -1.172
      1.491     0.191    -1.172
      1.498     0.194    -1.172
      1.504     0.197    -1.172
      1.510     0.200    -1.172
      1.517     0.204    -1.172
      1.523     0.207    -1.172
      1.530     0.210    -1.172
      1.536     0.213    -1.172
      1.543     0.217    -1.172
      1.550     0.220    -1.172
      1.558     0.224    -1.172
      1.565     0.227    -1.172
      1.572     0.230    -1.172
      1.579     0.234    -1.172
      1.586     0.237    -1.172
      1.593     0.240    -1.172
      1.600     0.244    -1.172
      1.608     0.247    -1.172
      1.615     0.250    -1.172
      1.622     0.253    -1.171
      1.629     0.256    -1.171
      1.636     0.260    -1.171
      1.643     0.263    -1.171
      1.650     0.266    -1.171
      1.658     0.269    -1.171
      1.665     0.272    -1.171
      1.672     0.275    -1.171
      1.679     0.278    -1.171
      1.687     0.281    -1.171
      1.694     0.284    -1.171
      1.701     0.287    -1.171
      1.708     0.290    -1.171
      1.716     0.293    -1.171
      1.723     0.296    -1.171
      1.730     0.299    -1.171
      1.738     0.302    -1.171
      1.745     0.305    -1.171
      1.752     0.307    -1.171
      1.759     0.310    -1.171
      1.766     0.313    -1.171
      1.773     0.315    -1.171
      1.779     0.318    -1.171
      1.786     0.320    -1.171
      1.793     0.323    -1.171
      1.800     0.325    -1.171
      1.807     0.328    -1.171
      1.814     0.330    -1.171
      1.822     0.333    -1.171
      1.829     0.336    -1.171
      1.837     0.338    -1.171
      1.844     0.341    -1.171
      1.852     0.343    -1.171
      1.859     0.346    -1.171
      1.867     0.348    -1.171
      1.874     0.351    -1.171
      1.882     0.353    -1.171
      1.889     0.356    -1.171
      1.896     0.358    -1.171
      1.904     0.360    -1.170
      1.911     0.363    -1.170
      1.919     0.365    -1.170
      1.926     0.368    -1.170
      1.934     0.370    -1.170
      1.942     0.372    -1.170
      1.949     0.374    -1.170
      1.956     0.377    -1.170
      1.964     0.379    -1.170
      1.971     0.381    -1.170
      1.979     0.383    -1.170
      1.987     0.385    -1.170
      1.994     0.387    -1.170
      2.002     0.390    -1.170
      2.009     0.392    -1.170
      2.017     0.394    -1.170
      2.025     0.396    -1.170
      2.032     0.398    -1.170
      2.040     0.400    -1.170
      2.048     0.402    -1.170
      2.055     0.404    -1.170
      2.063     0.406    -1.170
      2.070     0.408    -1.170
      2.078     0.409    -1.170
      2.086     0.411    -1.170
      2.093     0.413    -1.170
      2.101     0.415    -1.170
      2.109     0.417    -1.170
      2.116     0.419    -1.170
      2.124     0.420    -1.170
      2.132     0.422    -1.170
      2.139     0.424    -1.170
      2.147     0.425    -1.170
      2.155     0.427    -1.170
      2.163     0.429    -1.170
      2.170     0.430    -1.170
      2.178     0.432    -1.170
      2.186     0.434    -1.170
      2.194     0.435    -1.170
      2.201     0.437    -1.170
      2.209     0.438    -1.170
      2.216     0.440    -1.170
      2.223     0.441    -1.170
      2.230     0.442    -1.170
      2.237     0.444    -1.170
      2.244     0.445    -1.170
      2.251     0.446    -1.170
      2.258     0.447    -1.170
      2.265     0.449    -1.170
      2.272     0.450    -1.170
      2.280     0.451    -1.170
      2.287     0.452    -1.170
      2.294     0.453    -1.170
      2.302     0.455    -1.170
      2.309     0.456    -1.170
      2.317     0.457    -1.170
      2.325     0.458    -1.170
      2.333     0.459    -1.170
      2.341     0.460    -1.170
      2.348     0.462    -1.170
      2.356     0.463    -1.170
      2.364     0.464    -1.170
      2.372     0.465    -1.170
      2.380     0.466    -1.170
      2.387     0.467    -1.170
      2.395     0.468    -1.170
      2.403     0.469    -1.170
      2.411     0.470    -1.169
      2.418     0.470    -1.169
      2.426     0.471    -1.169
      2.434     0.472    -1.169
      2.442     0.473    -1.169
      2.450     0.474    -1.169
      2.457     0.475    -1.169
      2.465     0.475    -1.169
      2.473     0.476    -1.169
      2.481     0.477    -1.169
      2.489     0.478    -1.169
      2.497     0.478    -1.169
      2.504     0.479    -1.169
      2.512     0.480    -1.169
      2.520     0.480    -1.169
      2.528     0.481    -1.169
      2.536     0.481    -1.169
      2.544     0.482    -1.169
      2.552     0.482    -1.169
      2.560     0.483    -1.169
      2.568     0.483    -1.169
      2.575     0.484    -1.169
      2.583     0.484    -1.169
      2.591     0.485    -1.169
      2.599     0.485    -1.169
      2.606     0.486    -1.169
      2.614     0.486    -1.169
      2.622     0.486    -1.169
      2.630     0.487    -1.169
      2.638     0.487    -1.169
      2.646     0.487    -1.169
      2.654     0.487    -1.169
      2.662     0.488    -1.169
      2.670     0.488    -1.169
      2.678     0.488    -1.169
      2.686     0.488    -1.169
      2.693     0.488    -1.169
      2.701     0.488    -1.169
      2.709     0.488    -1.169
      2.717     0.489    -1.169
      2.724     0.489    -1.169
      2.731     0.489    -1.169
      2.738     0.489    -1.169
      2.746     0.489    -1.169
      2.753     0.489    -1.169
      2.761     0.489    -1.168
      2.769     0.488    -1.168
      2.777     0.488    -1.168
      2.784     0.488    -1.168
      2.792     0.488    -1.168
      2.800     0.488    -1.168
      2.808     0.488    -1.168
      2.816     0.488    -1.168
      2.823     0.487    -1.168
      2.831     0.487    -1.168
      2.839     0.487    -1.168
      2.847     0.487    -1.168
      2.855     0.486    -1.168
      2.863     0.486    -1.168
      2.871     0.486    -1.168
      2.879     0.485    -1.168
      2.887     0.485    -1.168
      2.895     0.485    -1.168
      2.903     0.484    -1.168
      2.910     0.484    -1.168
      2.918     0.483    -1.168
      2.926     0.483    -1.168
      2.934     0.482    -1.168
      2.941     0.482    -1.168
      2.949     0.481    -1.168
      2.956     0.481    -1.168
      2.963     0.480    -1.168
      2.970     0.480    -1.168
      2.978     0.479    -1.168
      2.986     0.479    -1.168
      2.993     0.478    -1.168
      3.001     0.477    -1.168
      3.009     0.477    -1.168
      3.017     0.476    -1.168
      3.025     0.475    -1.167
      3.033     0.475    -1.167
      3.040     0.474    -1.167
      3.047     0.473    -1.167
      3.055     0.473    -1.167
      3.062     0.472    -1.167
      3.069     0.471    -1.167
      3.076     0.470    -1.167
      3.083     0.470    -1.167
      3.091     0.469    -1.167
      3.098     0.468    -1.167
      3.105     0.467    -1.167
      3.112     0.466    -1.167
      3.120     0.465    -1.167
      3.126     0.465    -1.167
      3.133     0.464    -1.167
      3.140     0.463    -1.167
      3.147     0.462    -1.167
      3.153     0.461    -1.167
      3.161     0.460    -1.167
      3.168     0.459    -1.167
      3.175     0.458    -1.167
      3.182     0.457    -1.167
      3.189     0.456    -1.167
      3.196     0.455    -1.167
      3.203     0.454    -1.166
      3.211     0.453    -1.166
      3.219     0.452    -1.166
      3.227     0.451    -1.166
      3.235     0.450    -1.166
      3.242     0.449    -1.166
      3.250     0.447    -1.166
      3.258     0.446    -1.166
      3.266     0.445    -1.166
      3.274     0.444    -1.166
      3.281     0.442    -1.166
      3.289     0.441    -1.166
      3.297     0.440    -1.166
      3.304     0.439    -1.166
      3.312     0.437    -1.166
      3.320     0.436    -1.166
      3.327     0.434    -1.166
      3.335     0.433    -1.165
      3.343     0.432    -1.165
      3.351     0.430    -1.165
      3.358     0.429    -1.165
      3.366     0.427    -1.165
      3.374     0.426    -1.165
      3.381     0.425    -1.165
      3.389     0.423    -1.165
      3.397     0.422    -1.165
      3.405     0.420    -1.165
      3.412     0.419    -1.165
      3.420     0.417    -1.165
      3.428     0.415    -1.165
      3.436     0.414    -1.165
      3.443     0.412    -1.164
      3.451     0.411    -1.164
      3.459     0.409    -1.164
      3.467     0.408    -1.164
      3.474     0.406    -1.164
      3.482     0.404    -1.164
      3.489     0.403    -1.164
      3.497     0.401    -1.164
      3.505     0.399    -1.164
      3.512     0.398    -1.164
      3.520     0.396    -1.164
      3.528     0.394    -1.163
      3.536     0.392    -1.163
      3.543     0.391    -1.163
      3.551     0.389    -1.163
      3.559     0.387    -1.163
      3.566     0.385    -1.163
      3.574     0.384    -1.163
      3.582     0.382    -1.163
      3.590     0.380    -1.163
      3.597     0.378    -1.162
      3.605     0.376    -1.162
      3.613     0.374    -1.162
      3.620     0.373    -1.162
      3.627     0.371    -1.162
      3.634     0.369    -1.162
      3.641     0.368    -1.162
      3.648     0.366    -1.162
      3.655     0.364    -1.161
      3.663     0.362    -1.161
      3.670     0.360    -1.161
      3.678     0.358    -1.161
      3.686     0.356    -1.161
      3.693     0.354    -1.161
      3.701     0.352    -1.161
      3.708     0.351    -1.160
      3.716     0.349    -1.160
      3.723     0.347    -1.160
      3.731     0.345    -1.160
      3.739     0.343    -1.160
      3.746     0.341    -1.160
      3.754     0.338    -1.160
      3.762     0.336    -1.159
      3.769     0.334    -1.159
      3.777     0.332    -1.159
      3.785     0.330    -1.159
      3.792     0.328    -1.159
      3.800     0.326    -1.159
      3.808     0.324    -1.158
      3.815     0.322    -1.158
      3.823     0.320    -1.158
      3.830     0.318    -1.158
      3.837     0.316    -1.158
      3.844     0.314    -1.157
      3.851     0.312    -1.157
      3.858     0.310    -1.157
      3.865     0.308    -1.157
      3.872     0.306    -1.157
      3.880     0.304    -1.157
      3.888     0.301    -1.156
      3.895     0.299    -1.156
      3.903     0.297    -1.156
      3.910     0.295    -1.156
      3.918     0.293    -1.155
      3.926     0.290    -1.155
      3.933     0.288    -1.155
      3.940     0.286    -1.155
      3.947     0.284    -1.155
      3.954     0.282    -1.154
      3.960     0.280    -1.154
      3.967     0.278    -1.154
      3.974     0.276    -1.154
      3.981     0.274    -1.154
      3.988     0.272    -1.153
      3.995     0.270    -1.153
      4.002     0.267    -1.153
      4.009     0.265    -1.153
      4.016     0.263    -1.152
      4.022     0.261    -1.152
      4.029     0.259    -1.152
      4.035     0.257    -1.152
      4.042     0.255    -1.152
      4.049     0.253    -1.151
      4.057     0.251    -1.151
      4.064     0.248    -1.151
      4.072     0.246    -1.150
      4.080     0.244    -1.150
      4.087     0.241    -1.150
      4.094     0.239    -1.150
      4.102     0.237    -1.149
      4.109     0.234    -1.149
      4.117     0.232    -1.149
      4.124     0.230    -1.148
      4.132     0.227    -1.148
      4.139     0.225    -1.148
      4.147     0.223    -1.148
      4.154     0.220    -1.147
      4.162     0.218    -1.147
      4.169     0.215    -1.147
      4.177     0.213    -1.146
      4.185     0.211    -1.146
      4.192     0.208    -1.146
      4.200     0.206    -1.145
      4.207     0.203    -1.145
      4.215     0.201    -1.145
      4.222     0.199    -1.144
      4.228     0.197    -1.144
      4.235     0.194    -1.144
      4.242     0.192    -1.143
      4.249     0.190    -1.143
      4.256     0.188    -1.143
      4.263     0.185    -1.142
      4.271     0.183    -1.142
      4.279     0.180    -1.142
      4.286     0.178    -1.141
      4.294     0.175    -1.141
      4.301     0.173    -1.140
      4.309     0.170    -1.140
      4.315     0.168    -1.140
      4.322     0.166    -1.139
      4.329     0.164    -1.139
      4.336     0.161    -1.139
      4.343     0.159    -1.138
      4.350     0.157    -1.138
      4.357     0.155    -1.137
      4.364     0.152    -1.137
      4.371     0.150    -1.137
      4.377     0.148    -1.136
      4.384     0.146    -1.136
      4.391     0.143    -1.135
      4.398     0.141    -1.135
      4.404     0.139    -1.135
      4.411     0.137    -1.134
      4.417     0.135    -1.134
      4.424     0.132    -1.134
      4.431     0.130    -1.133
      4.439     0.127    -1.133
      4.446     0.125    -1.132
      4.454     0.122    -1.132
      4.461     0.120    -1.131
      4.469     0.117    -1.131
      4.476     0.115    -1.130
      4.483     0.113    -1.130
      4.490     0.110    -1.129
      4.497     0.108    -1.129
      4.504     0.106    -1.128
      4.510     0.103    -1.128
      4.517     0.101    -1.127
      4.524     0.099    -1.127
      4.531     0.096    -1.127
      4.538     0.094    -1.126
      4.545     0.092    -1.126
      4.552     0.090    -1.125
      4.559     0.087    -1.125
      4.565     0.085    -1.124
      4.571     0.083    -1.124
      4.578     0.081    -1.123
      4.584     0.079    -1.123
      4.591     0.076    -1.122
      4.598     0.074    -1.122
      4.605     0.072    -1.121
      4.611     0.070    -1.121
      4.618     0.067    -1.120
      4.625     0.065    -1.120
      4.632     0.063    -1.119
      4.639     0.060    -1.119
      4.645     0.058    -1.118
      4.651     0.056    -1.118
      4.658     0.054    -1.117
      4.664     0.052    -1.117
      4.672     0.049    -1.116
      4.679     0.047    -1.115
      4.686     0.045    -1.115
      4.693     0.042    -1.114
      4.701     0.040    -1.114
      4.708     0.037    -1.113
      4.715     0.035    -1.112
      4.722     0.032    -1.112
      4.729     0.030    -1.111
      4.736     0.028    -1.111
      4.743     0.026    -1.110
      4.749     0.023    -1.110
      4.756     0.021    -1.109
      4.763     0.019    -1.108
      4.770     0.017    -1.108
      4.777     0.014    -1.107
      4.785     0.012    -1.106
      4.792     0.009    -1.106
      4.800     0.007    -1.105
      4.807     0.004    -1.104
      4.815     0.002    -1.104
      4.822    -0.001    -1.103
      4.829    -0.003    -1.102
      4.837    -0.006    -1.101
      4.844    -0.008    -1.101
      4.852    -0.011    -1.100
      4.859    -0.013    -1.099
      4.866    -0.016    -1.098
      4.874    -0.018    -1.098
      4.881    -0.021    -1.097
      4.889    -0.023    -1.096
      4.896    -0.026    -1.095
      4.903    -0.028    -1.095
      4.911    -0.031    -1.094
      4.918    -0.033    -1.093
      4.926    -0.036    -1.092
      4.933    -0.038    -1.091
      4.940    -0.041    -1.090
      4.948    -0.043    -1.090
      4.955    -0.046    -1.089
      4.963    -0.048    -1.088
      4.970    -0.051    -1.087
      4.978    -0.053    -1.086
      4.985    -0.056    -1.085
      4.992    -0.058    -1.084
      5.000    -0.061    -1.083
      5.007    -0.063    -1.083
      5.015    -0.066    -1.082
      5.022    -0.068    -1.081
      5.030    -0.071    -1.080
      5.037    -0.073    -1.079
      5.044    -0.076    -1.078
      5.052    -0.078    -1.077
      5.059    -0.080    -1.076
      5.066    -0.083    -1.075
      5.074    -0.085    -1.074
      5.081    -0.088    -1.073
      5.089    -0.090    -1.072
      5.096    -0.093    -1.071
      5.104    -0.095    -1.070
      5.111    -0.098    -1.069
      5.118    -0.100    -1.068
      5.126    -0.103    -1.067
      5.133    -0.105    -1.066
      5.141    -0.108    -1.065
      5.148    -0.110    -1.064
      5.156    -0.113    -1.063
      5.163    -0.115    -1.062
      5.170    -0.118    -1.061
      5.177    -0.120    -1.060
      5.184    -0.122    -1.059
      5.190    -0.125    -1.058
      5.197    -0.127    -1.057
      5.204    -0.129    -1.056
      5.211    -0.132    -1.055
      5.219    -0.134    -1.054
      5.226    -0.137    -1.053
      5.234    -0.139    -1.052
      5.241    -0.142    -1.050
      5.248    -0.144    -1.049
      5.256    -0.146    -1.048
      5.263    -0.149    -1.047
      5.270    -0.151    -1.046
      5.278    -0.154    -1.045
      5.285    -0.156    -1.044
      5.292    -0.159    -1.043
      5.300    -0.161    -1.041
      5.307    -0.164    -1.040
      5.315    -0.166    -1.039
      5.322    -0.169    -1.038
      5.330    -0.171    -1.037
      5.337    -0.174    -1.035
      5.344    -0.176    -1.034
      5.352    -0.179    -1.033
      5.359    -0.181    -1.032
      5.367    -0.184    -1.031
      5.374    -0.186    -1.029
      5.381    -0.188    -1.028
      5.388    -0.191    -1.027
      5.395    -0.193    -1.026
      5.401    -0.195    -1.025
      5.408    -0.198    -1.024
      5.415    -0.200    -1.022
      5.422    -0.202    -1.021
      5.430    -0.205    -1.020
      5.437    -0.207    -1.019
      5.445    -0.210    -1.017
      5.452    -0.212    -1.016
      5.459    -0.215    -1.015
      5.467    -0.217    -1.013
      5.474    -0.219    -1.012
      5.480    -0.222    -1.011
      5.487    -0.224    -1.010
      5.494    -0.226    -1.009
      5.501    -0.229    -1.007
      5.507    -0.231    -1.006
      5.514    -0.233    -1.005
      5.521    -0.235    -1.004
      5.528    -0.238    -1.002
      5.535    -0.240    -1.001
      5.541    -0.242    -1.000
      5.548    -0.244    -0.999
      5.555    -0.247    -0.998
      5.561    -0.249    -0.996
      5.567    -0.251    -0.995
      5.574    -0.253    -0.994
      5.580    -0.255    -0.993
      5.588    -0.258    -0.991
      5.595    -0.260    -0.990
      5.602    -0.262    -0.989
      5.610    -0.265    -0.987
      5.617    -0.267    -0.986
      5.624    -0.270    -0.985
      5.632    -0.272    -0.983
      5.639    -0.275    -0.982
      5.646    -0.277    -0.980
      5.653    -0.280    -0.979
      5.661    -0.282    -0.978
      5.668    -0.285    -0.976
      5.676    -0.287    -0.975
      5.683    -0.289    -0.973
      5.690    -0.292    -0.972
      5.698    -0.294    -0.970
      5.705    -0.297    -0.969
      5.712    -0.299    -0.967
      5.720    -0.302    -0.966
      5.727    -0.304    -0.964
      5.735    -0.307    -0.963
      5.742    -0.309    -0.962
      5.749    -0.312    -0.960
      5.756    -0.314    -0.959
      5.763    -0.316    -0.957
      5.770    -0.319    -0.956
      5.776    -0.321    -0.955
      5.783    -0.323    -0.953
      5.790    -0.325    -0.952
      5.797    -0.328    -0.950
      5.805    -0.330    -0.949
      5.812    -0.333    -0.947
      5.819    -0.335    -0.946
      5.827    -0.338    -0.944
      5.834    -0.340    -0.943
      5.841    -0.343    -0.941
      5.848    -0.345    -0.940
      5.855    -0.347    -0.938
      5.862    -0.350    -0.937
      5.868    -0.352    -0.936
      5.875    -0.354    -0.934
      5.882    -0.356    -0.933
      5.889    -0.359    -0.931
      5.895    -0.361    -0.930
      5.902    -0.363    -0.929
      5.909    -0.366    -0.927
      5.916    -0.368    -0.926
      5.922    -0.370    -0.924
      5.929    -0.372    -0.923
      5.935    -0.375    -0.922
      5.941    -0.377    -0.920
      5.948    -0.379    -0.919
      5.954    -0.381    -0.918
      5.961    -0.384    -0.916
      5.969    -0.386    -0.914
      5.976    -0.389    -0.913
      5.983    -0.391    -0.911
      5.991    -0.394    -0.910
      5.998    -0.396    -0.908
      6.006    -0.399    -0.907
      6.012    -0.401    -0.905
      6.019    -0.403    -0.904
      6.026    -0.406    -0.902
      6.032    -0.408    -0.901
      6.039    -0.410    -0.899
      6.046    -0.412    -0.898
      6.053    -0.415    -0.896
      6.059    -0.417    -0.895
      6.066    -0.419    -0.893
      6.073    -0.422    -0.892
      6.079    -0.424    -0.891
      6.086    -0.426    -0.889
      6.093    -0.429    -0.888
      6.099    -0.431    -0.886
      6.105    -0.433    -0.885
      6.112    -0.435    -0.883
      6.118    -0.437    -0.882
      6.125    -0.440    -0.881
      6.131    -0.442    -0.879
      6.138    -0.444    -0.878
      6.145    -0.447    -0.876
      6.151    -0.449    -0.875
      6.158    -0.451    -0.873
      6.164    -0.453    -0.872
      6.171    -0.456    -0.870
      6.177    -0.458    -0.869
      6.183    -0.460    -0.868
      6.190    -0.462    -0.866
      6.197    -0.465    -0.865
      6.204    -0.467    -0.863
      6.211    -0.470    -0.862
      6.218    -0.472    -0.860
      6.225    -0.474    -0.858
      6.232    -0.477    -0.857
      6.239    -0.479    -0.855
      6.246    -0.482    -0.854
      6.254    -0.484    -0.852
      6.261    -0.487    -0.850
      6.268    -0.489    -0.849
      6.275    -0.492    -0.847
      6.283    -0.495    -0.846
      6.290    -0.497    -0.844
      6.297    -0.500    -0.842
      6.304    -0.502    -0.841
      6.311    -0.505    -0.839
      6.319    -0.507    -0.838
      6.326    -0.510    -0.836
      6.333    -0.512    -0.834
      6.341    -0.515    -0.833
      6.348    -0.517    -0.831
      6.355    -0.520    -0.830
      6.363    -0.522    -0.828
      6.370    -0.525    -0.826
      6.377    -0.528    -0.825
      6.385    -0.530    -0.823
      6.392    -0.533    -0.822
      6.399    -0.535    -0.820
      6.407    -0.538    -0.818
      6.414    -0.540    -0.817
      6.421    -0.543    -0.815
      6.427    -0.545    -0.814
      6.434    -0.547    -0.812
      6.441    -0.550    -0.811
      6.448    -0.552    -0.810
      6.454    -0.554    -0.808
      6.462    -0.557    -0.806
      6.469    -0.559    -0.805
      6.476    -0.562    -0.803
      6.484    -0.564    -0.802
      6.491    -0.567    -0.800
      6.498    -0.569    -0.799
      6.506    -0.572    -0.797
      6.512    -0.574    -0.796
      6.519    -0.577    -0.794
      6.526    -0.579    -0.793
      6.533    -0.581    -0.791
      6.539    -0.584    -0.790
      6.546    -0.586    -0.788
      6.553    -0.588    -0.787
      6.559    -0.591    -0.786
      6.566    -0.593    -0.784
      6.573    -0.595    -0.783
      6.580    -0.598    -0.781
      6.586    -0.600    -0.780
      6.593    -0.602    -0.779
      6.599    -0.604    -0.777
      6.605    -0.606    -0.776
      6.612    -0.609    -0.775
      6.618    -0.611    -0.773
      6.626    -0.613    -0.772
      6.633    -0.616    -0.770
      6.640    -0.618    -0.769
      6.648    -0.621    -0.767
      6.655    -0.623    -0.766
      6.662    -0.626    -0.764
      6.670    -0.628    -0.763
      6.676    -0.630    -0.761
      6.683    -0.633    -0.760
      6.690    -0.635    -0.759
      6.697    -0.637    -0.757
      6.703    -0.640    -0.756
      6.710    -0.642    -0.755
      6.717    -0.644    -0.753
      6.724    -0.646    -0.752
      6.731    -0.649    -0.750
      6.737    -0.651    -0.749
      6.744    -0.653    -0.748
      6.751    -0.655    -0.746
      6.757    -0.657    -0.745
      6.764    -0.660    -0.744
      6.770    -0.662    -0.743
      6.776    -0.664    -0.741
      6.783    -0.666    -0.740
      6.790    -0.668    -0.739
      6.796    -0.670    -0.738
      6.803    -0.672    -0.736
      6.810    -0.675    -0.735
      6.817    -0.677    -0.734
      6.824    -0.679    -0.732
      6.830    -0.681    -0.731
      6.836    -0.683    -0.730
      6.843    -0.685    -0.729
      6.849    -0.687    -0.727
      6.856    -0.689    -0.726
      6.863    -0.692    -0.725
      6.870    -0.694    -0.724
      6.877    -0.696    -0.722
      6.884    -0.698    -0.721
      6.891    -0.701    -0.720
      6.899    -0.703    -0.718
      6.906    -0.705    -0.717
      6.913    -0.707    -0.716
      6.920    -0.710    -0.714
      6.928    -0.712    -0.713
      6.935    -0.714    -0.711
      6.943    -0.717    -0.710
      6.950    -0.719    -0.709
      6.958    -0.721    -0.707
      6.965    -0.723    -0.706
      6.972    -0.726    -0.705
      6.979    -0.728    -0.704
      6.986    -0.730    -0.702
      6.993    -0.732    -0.701
      6.999    -0.734    -0.700
      7.006    -0.736    -0.699
      7.013    -0.738    -0.698
      7.020    -0.740    -0.696
      7.027    -0.742    -0.695
      7.034    -0.744    -0.694
      7.041    -0.746    -0.693
      7.048    -0.748    -0.692
      7.054    -0.750    -0.691
      7.061    -0.752    -0.690
      7.067    -0.754    -0.688
      7.074    -0.755    -0.687
      7.080    -0.757    -0.686
      7.087    -0.759    -0.685
      7.094    -0.761    -0.684
      7.101    -0.763    -0.683
      7.108    -0.765    -0.682
      7.115    -0.767    -0.681
      7.121    -0.769    -0.679
      7.128    -0.771    -0.678
      7.134    -0.772    -0.677
      7.141    -0.774    -0.676
      7.148    -0.776    -0.675
      7.154    -0.778    -0.674
      7.161    -0.780    -0.673
      7.169    -0.782    -0.672
      7.176    -0.784    -0.671
      7.183    -0.785    -0.670
      7.191    -0.787    -0.668
      7.198    -0.789    -0.667
      7.205    -0.791    -0.666
      7.212    -0.793    -0.665
      7.219    -0.795    -0.664
      7.226    -0.797    -0.663
      7.233    -0.798    -0.662
      7.240    -0.800    -0.661
      7.247    -0.802    -0.660
      7.254    -0.804    -0.659
      7.261    -0.805    -0.658
      7.267    -0.807    -0.657
      7.274    -0.809    -0.656
      7.281    -0.810    -0.655
      7.287    -0.812    -0.654
      7.295    -0.814    -0.653
      7.302    -0.815    -0.652
      7.309    -0.817    -0.651
      7.317    -0.819    -0.650
      7.324    -0.820    -0.649
      7.331    -0.822    -0.647
      7.339    -0.824    -0.646
      7.346    -0.826    -0.645
      7.353    -0.827    -0.644
      7.361    -0.829    -0.643
      7.368    -0.831    -0.642
      7.376    -0.832    -0.641
      7.383    -0.834    -0.640
      7.390    -0.835    -0.639
      7.398    -0.837    -0.638
      7.405    -0.839    -0.637
      7.413    -0.840    -0.636
      7.421    -0.842    -0.635
      7.429    -0.843    -0.634
      7.436    -0.845    -0.633
      7.444    -0.847    -0.632
      7.452    -0.848    -0.631
