Count of Points:874

WCS coordinates of Points:
      1.181     0.000    -0.322
      1.187     0.003    -0.322
      1.194     0.007    -0.322
      1.200     0.010    -0.322
      1.207     0.014    -0.322
      1.213     0.017    -0.322
      1.219     0.021    -0.322
      1.225     0.024    -0.322
      1.232     0.027    -0.322
      1.238     0.031    -0.322
      1.244     0.034    -0.322
      1.251     0.037    -0.322
      1.257     0.041    -0.322
      1.264     0.044    -0.322
      1.270     0.047    -0.322
      1.277     0.051    -0.322
      1.283     0.054    -0.322
      1.290     0.057    -0.322
      1.296     0.060    -0.322
      1.302     0.064    -0.322
      1.309     0.067    -0.322
      1.315     0.070    -0.322
      1.322     0.073    -0.322
      1.328     0.077    -0.322
      1.336     0.080    -0.322
      1.343     0.084    -0.322
      1.350     0.087    -0.322
      1.357     0.091    -0.322
      1.364     0.094    -0.322
      1.371     0.097    -0.322
      1.377     0.100    -0.322
      1.384     0.104    -0.322
      1.390     0.107    -0.322
      1.397     0.110    -0.322
      1.404     0.113    -0.322
      1.410     0.116    -0.322
      1.417     0.119    -0.322
      1.425     0.123    -0.322
      1.432     0.126    -0.322
      1.439     0.129    -0.322
      1.446     0.133    -0.322
      1.454     0.136    -0.322
      1.461     0.139    -0.322
      1.468     0.142    -0.322
      1.476     0.146    -0.322
      1.483     0.149    -0.322
      1.490     0.152    -0.322
      1.497     0.155    -0.322
      1.504     0.158    -0.322
      1.512     0.161    -0.322
      1.518     0.164    -0.322
      1.525     0.167    -0.322
      1.532     0.170    -0.322
      1.538     0.173    -0.322
      1.545     0.175    -0.322
      1.552     0.178    -0.322
      1.558     0.181    -0.322
      1.566     0.184    -0.322
      1.573     0.187    -0.322
      1.581     0.190    -0.322
      1.588     0.193    -0.322
      1.595     0.196    -0.322
      1.603     0.199    -0.322
      1.610     0.202    -0.322
      1.618     0.205    -0.322
      1.625     0.208    -0.322
      1.632     0.210    -0.322
      1.640     0.213    -0.322
      1.647     0.216    -0.322
      1.654     0.219    -0.322
      1.662     0.222    -0.322
      1.669     0.224    -0.322
      1.677     0.227    -0.322
      1.684     0.230    -0.322
      1.692     0.233    -0.322
      1.699     0.235    -0.322
      1.707     0.238    -0.322
      1.714     0.241    -0.322
      1.721     0.243    -0.322
      1.729     0.246    -0.322
      1.736     0.248    -0.322
      1.744     0.251    -0.322
      1.751     0.254    -0.322
      1.759     0.256    -0.322
      1.767     0.259    -0.322
      1.774     0.261    -0.322
      1.782     0.264    -0.322
      1.789     0.266    -0.322
      1.795     0.268    -0.322
      1.802     0.271    -0.322
      1.809     0.273    -0.322
      1.816     0.275    -0.322
      1.823     0.277    -0.322
      1.830     0.279    -0.322
      1.838     0.282    -0.322
      1.845     0.284    -0.322
      1.853     0.286    -0.322
      1.860     0.289    -0.322
      1.868     0.291    -0.322
      1.876     0.293    -0.322
      1.883     0.296    -0.322
      1.891     0.298    -0.322
      1.899     0.300    -0.322
      1.906     0.302    -0.322
      1.914     0.304    -0.322
      1.922     0.306    -0.322
      1.929     0.309    -0.322
      1.937     0.311    -0.322
      1.944     0.313    -0.322
      1.952     0.315    -0.322
      1.960     0.317    -0.322
      1.967     0.319    -0.322
      1.975     0.321    -0.322
      1.983     0.323    -0.322
      1.990     0.325    -0.322
      1.998     0.327    -0.322
      2.006     0.329    -0.322
      2.013     0.330    -0.322
      2.021     0.332    -0.322
      2.029     0.334    -0.322
      2.037     0.336    -0.322
      2.044     0.338    -0.322
      2.052     0.340    -0.322
      2.060     0.341    -0.322
      2.068     0.343    -0.322
      2.076     0.345    -0.322
      2.083     0.347    -0.322
      2.091     0.348    -0.322
      2.099     0.350    -0.322
      2.107     0.352    -0.322
      2.114     0.353    -0.322
      2.122     0.355    -0.322
      2.130     0.356    -0.322
      2.137     0.358    -0.322
      2.145     0.359    -0.322
      2.153     0.361    -0.322
      2.161     0.362    -0.322
      2.169     0.364    -0.322
      2.177     0.365    -0.322
      2.185     0.367    -0.322
      2.192     0.368    -0.322
      2.200     0.370    -0.322
      2.208     0.371    -0.322
      2.216     0.372    -0.322
      2.224     0.374    -0.322
      2.232     0.375    -0.322
      2.240     0.376    -0.322
      2.247     0.377    -0.322
      2.254     0.378    -0.322
      2.261     0.379    -0.322
      2.269     0.381    -0.322
      2.276     0.382    -0.322
      2.283     0.383    -0.322
      2.290     0.384    -0.322
      2.298     0.385    -0.322
      2.305     0.386    -0.322
      2.312     0.387    -0.322
      2.319     0.387    -0.322
      2.326     0.388    -0.322
      2.334     0.389    -0.322
      2.341     0.390    -0.322
      2.349     0.391    -0.322
      2.357     0.392    -0.322
      2.365     0.393    -0.322
      2.373     0.394    -0.322
      2.381     0.395    -0.322
      2.389     0.395    -0.322
      2.397     0.396    -0.322
      2.405     0.397    -0.322
      2.413     0.398    -0.322
      2.421     0.398    -0.322
      2.428     0.399    -0.322
      2.436     0.400    -0.322
      2.444     0.400    -0.322
      2.452     0.401    -0.322
      2.460     0.402    -0.322
      2.468     0.402    -0.322
      2.476     0.403    -0.322
      2.484     0.403    -0.322
      2.492     0.404    -0.322
      2.500     0.404    -0.322
      2.507     0.405    -0.322
      2.515     0.405    -0.322
      2.523     0.405    -0.322
      2.531     0.406    -0.322
      2.539     0.406    -0.322
      2.547     0.407    -0.322
      2.555     0.407    -0.322
      2.563     0.407    -0.322
      2.571     0.407    -0.322
      2.579     0.408    -0.322
      2.587     0.408    -0.322
      2.595     0.408    -0.322
      2.603     0.408    -0.322
      2.611     0.408    -0.322
      2.619     0.408    -0.322
      2.627     0.408    -0.322
      2.634     0.409    -0.322
      2.642     0.409    -0.322
      2.650     0.409    -0.322
      2.658     0.409    -0.322
      2.666     0.409    -0.322
      2.674     0.408    -0.322
      2.682     0.408    -0.322
      2.690     0.408    -0.322
      2.698     0.408    -0.322
      2.706     0.408    -0.322
      2.714     0.408    -0.322
      2.722     0.408    -0.322
      2.730     0.407    -0.322
      2.738     0.407    -0.322
      2.746     0.407    -0.322
      2.754     0.406    -0.322
      2.761     0.406    -0.322
      2.769     0.406    -0.322
      2.776     0.405    -0.322
      2.783     0.405    -0.322
      2.791     0.405    -0.322
      2.798     0.404    -0.322
      2.806     0.404    -0.322
      2.814     0.403    -0.322
      2.822     0.403    -0.322
      2.830     0.402    -0.322
      2.838     0.402    -0.322
      2.846     0.401    -0.322
      2.853     0.401    -0.322
      2.861     0.400    -0.322
      2.869     0.399    -0.322
      2.877     0.399    -0.322
      2.885     0.398    -0.322
      2.893     0.397    -0.322
      2.901     0.396    -0.322
      2.909     0.396    -0.322
      2.917     0.395    -0.322
      2.925     0.394    -0.322
      2.933     0.393    -0.322
      2.941     0.392    -0.322
      2.949     0.391    -0.322
      2.957     0.390    -0.322
      2.965     0.389    -0.322
      2.972     0.388    -0.322
      2.980     0.387    -0.322
      2.988     0.387    -0.322
      2.995     0.386    -0.322
      3.002     0.385    -0.322
      3.009     0.384    -0.322
      3.017     0.383    -0.322
      3.024     0.382    -0.322
      3.032     0.380    -0.322
      3.040     0.379    -0.322
      3.048     0.378    -0.322
      3.056     0.377    -0.322
      3.063     0.376    -0.322
      3.071     0.374    -0.322
      3.079     0.373    -0.322
      3.086     0.372    -0.322
      3.094     0.371    -0.322
      3.101     0.369    -0.322
      3.108     0.368    -0.322
      3.115     0.367    -0.322
      3.123     0.366    -0.322
      3.130     0.364    -0.322
      3.137     0.363    -0.322
      3.144     0.362    -0.322
      3.151     0.360    -0.322
      3.159     0.359    -0.322
      3.166     0.357    -0.322
      3.173     0.356    -0.322
      3.179     0.355    -0.322
      3.186     0.353    -0.322
      3.193     0.352    -0.322
      3.200     0.351    -0.322
      3.207     0.349    -0.322
      3.214     0.348    -0.322
      3.221     0.346    -0.322
      3.228     0.344    -0.322
      3.235     0.343    -0.322
      3.242     0.341    -0.322
      3.249     0.340    -0.322
      3.257     0.338    -0.322
      3.265     0.336    -0.322
      3.273     0.334    -0.322
      3.280     0.332    -0.322
      3.288     0.331    -0.322
      3.296     0.329    -0.322
      3.304     0.327    -0.322
      3.311     0.325    -0.322
      3.319     0.323    -0.322
      3.327     0.321    -0.322
      3.334     0.319    -0.322
      3.342     0.317    -0.322
      3.349     0.315    -0.322
      3.357     0.313    -0.322
      3.365     0.311    -0.322
      3.372     0.309    -0.322
      3.380     0.307    -0.322
      3.388     0.305    -0.322
      3.396     0.303    -0.322
      3.403     0.300    -0.322
      3.411     0.298    -0.322
      3.418     0.296    -0.322
      3.426     0.294    -0.322
      3.433     0.292    -0.322
      3.441     0.290    -0.322
      3.449     0.287    -0.322
      3.456     0.285    -0.322
      3.464     0.283    -0.322
      3.472     0.280    -0.322
      3.479     0.278    -0.322
      3.487     0.276    -0.322
      3.495     0.273    -0.322
      3.502     0.271    -0.322
      3.510     0.268    -0.322
      3.517     0.266    -0.322
      3.525     0.264    -0.322
      3.532     0.261    -0.322
      3.540     0.259    -0.322
      3.547     0.256    -0.322
      3.555     0.254    -0.322
      3.562     0.251    -0.322
      3.570     0.249    -0.322
      3.577     0.246    -0.322
      3.585     0.243    -0.322
      3.593     0.241    -0.322
      3.600     0.238    -0.322
      3.608     0.236    -0.322
      3.615     0.233    -0.322
      3.623     0.230    -0.322
      3.630     0.228    -0.322
      3.638     0.225    -0.322
      3.645     0.222    -0.322
      3.653     0.219    -0.322
      3.660     0.217    -0.322
      3.667     0.214    -0.322
      3.673     0.212    -0.322
      3.680     0.209    -0.322
      3.687     0.207    -0.322
      3.694     0.204    -0.322
      3.701     0.201    -0.322
      3.709     0.198    -0.322
      3.716     0.196    -0.322
      3.724     0.193    -0.322
      3.731     0.190    -0.322
      3.739     0.187    -0.322
      3.746     0.184    -0.322
      3.753     0.181    -0.322
      3.760     0.178    -0.322
      3.768     0.175    -0.322
      3.775     0.172    -0.322
      3.783     0.169    -0.322
      3.790     0.166    -0.322
      3.797     0.163    -0.322
      3.805     0.160    -0.322
      3.812     0.157    -0.322
      3.820     0.154    -0.322
      3.827     0.151    -0.322
      3.834     0.148    -0.322
      3.842     0.145    -0.322
      3.849     0.142    -0.322
      3.856     0.139    -0.322
      3.864     0.135    -0.322
      3.871     0.133    -0.322
      3.877     0.130    -0.322
      3.884     0.127    -0.322
      3.891     0.124    -0.322
      3.897     0.121    -0.322
      3.904     0.118    -0.322
      3.911     0.115    -0.322
      3.919     0.111    -0.322
      3.926     0.108    -0.322
      3.933     0.105    -0.322
      3.941     0.102    -0.322
      3.948     0.098    -0.322
      3.955     0.095    -0.322
      3.962     0.092    -0.322
      3.969     0.089    -0.321
      3.975     0.086    -0.321
      3.982     0.083    -0.321
      3.989     0.080    -0.321
      3.995     0.077    -0.321
      4.002     0.074    -0.321
      4.008     0.070    -0.321
      4.015     0.067    -0.321
      4.022     0.064    -0.321
      4.028     0.061    -0.321
      4.035     0.058    -0.321
      4.041     0.055    -0.321
      4.047     0.052    -0.321
      4.054     0.049    -0.321
      4.060     0.046    -0.321
      4.066     0.043    -0.321
      4.073     0.040    -0.321
      4.080     0.036    -0.321
      4.088     0.033    -0.321
      4.095     0.029    -0.321
      4.102     0.026    -0.321
      4.109     0.022    -0.321
      4.116     0.019    -0.321
      4.123     0.015    -0.321
      4.130     0.012    -0.321
      4.137     0.008    -0.321
      4.144     0.005    -0.321
      4.151     0.001    -0.321
      4.159    -0.003    -0.321
      4.166    -0.006    -0.321
      4.173    -0.010    -0.321
      4.180    -0.013    -0.321
      4.187    -0.017    -0.321
      4.194    -0.021    -0.321
      4.201    -0.024    -0.321
      4.208    -0.028    -0.321
      4.216    -0.032    -0.321
      4.223    -0.035    -0.321
      4.230    -0.039    -0.321
      4.236    -0.043    -0.321
      4.243    -0.046    -0.320
      4.249    -0.049    -0.320
      4.256    -0.053    -0.320
      4.262    -0.056    -0.320
      4.269    -0.060    -0.320
      4.276    -0.063    -0.320
      4.283    -0.067    -0.320
      4.290    -0.071    -0.320
      4.297    -0.075    -0.320
      4.304    -0.078    -0.320
      4.311    -0.082    -0.320
      4.318    -0.086    -0.320
      4.324    -0.089    -0.320
      4.331    -0.093    -0.320
      4.337    -0.096    -0.320
      4.344    -0.100    -0.320
      4.350    -0.103    -0.320
      4.357    -0.107    -0.320
      4.363    -0.110    -0.320
      4.370    -0.114    -0.320
      4.376    -0.117    -0.320
      4.382    -0.121    -0.320
      4.389    -0.124    -0.320
      4.395    -0.128    -0.320
      4.401    -0.131    -0.320
      4.407    -0.135    -0.320
      4.413    -0.138    -0.320
      4.419    -0.141    -0.320
      4.425    -0.145    -0.320
      4.432    -0.149    -0.319
      4.439    -0.153    -0.319
      4.446    -0.156    -0.319
      4.453    -0.160    -0.319
      4.460    -0.164    -0.319
      4.467    -0.168    -0.319
      4.474    -0.172    -0.319
      4.481    -0.176    -0.319
      4.487    -0.179    -0.319
      4.493    -0.183    -0.319
      4.500    -0.187    -0.319
      4.506    -0.190    -0.319
      4.512    -0.194    -0.319
      4.519    -0.197    -0.319
      4.525    -0.201    -0.319
      4.532    -0.205    -0.319
      4.538    -0.208    -0.319
      4.544    -0.212    -0.319
      4.551    -0.216    -0.319
      4.557    -0.219    -0.319
      4.563    -0.223    -0.319
      4.569    -0.226    -0.318
      4.575    -0.230    -0.318
      4.580    -0.233    -0.318
      4.587    -0.237    -0.318
      4.593    -0.240    -0.318
      4.599    -0.244    -0.318
      4.606    -0.248    -0.318
      4.612    -0.251    -0.318
      4.618    -0.255    -0.318
      4.624    -0.259    -0.318
      4.630    -0.262    -0.318
      4.636    -0.266    -0.318
      4.642    -0.269    -0.318
      4.648    -0.273    -0.318
      4.655    -0.276    -0.318
      4.662    -0.280    -0.318
      4.668    -0.284    -0.318
      4.675    -0.288    -0.318
      4.681    -0.292    -0.317
      4.688    -0.296    -0.317
      4.695    -0.300    -0.317
      4.701    -0.304    -0.317
      4.708    -0.308    -0.317
      4.714    -0.311    -0.317
      4.720    -0.315    -0.317
      4.726    -0.319    -0.317
      4.733    -0.322    -0.317
      4.739    -0.326    -0.317
      4.745    -0.330    -0.317
      4.752    -0.334    -0.317
      4.759    -0.338    -0.317
      4.766    -0.342    -0.317
      4.772    -0.346    -0.316
      4.779    -0.350    -0.316
      4.786    -0.354    -0.316
      4.793    -0.359    -0.316
      4.800    -0.363    -0.316
      4.807    -0.367    -0.316
      4.813    -0.371    -0.316
      4.820    -0.375    -0.316
      4.827    -0.379    -0.316
      4.834    -0.383    -0.316
      4.840    -0.387    -0.316
      4.847    -0.391    -0.316
      4.854    -0.395    -0.315
      4.861    -0.399    -0.315
      4.868    -0.404    -0.315
      4.874    -0.408    -0.315
      4.881    -0.412    -0.315
      4.888    -0.416    -0.315
      4.894    -0.420    -0.315
      4.901    -0.424    -0.315
      4.908    -0.428    -0.315
      4.915    -0.432    -0.315
      4.922    -0.436    -0.315
      4.928    -0.441    -0.314
      4.935    -0.445    -0.314
      4.942    -0.449    -0.314
      4.949    -0.453    -0.314
      4.956    -0.457    -0.314
      4.963    -0.461    -0.314
      4.969    -0.465    -0.314
      4.976    -0.470    -0.314
      4.983    -0.474    -0.314
      4.990    -0.478    -0.313
      4.996    -0.482    -0.313
      5.003    -0.486    -0.313
      5.010    -0.490    -0.313
      5.017    -0.494    -0.313
      5.023    -0.498    -0.313
      5.030    -0.502    -0.313
      5.037    -0.507    -0.313
      5.044    -0.511    -0.313
      5.051    -0.515    -0.312
      5.058    -0.519    -0.312
      5.064    -0.523    -0.312
      5.071    -0.527    -0.312
      5.078    -0.532    -0.312
      5.085    -0.536    -0.312
      5.092    -0.540    -0.312
      5.099    -0.544    -0.312
      5.105    -0.548    -0.311
      5.112    -0.552    -0.311
      5.118    -0.556    -0.311
      5.124    -0.560    -0.311
      5.130    -0.564    -0.311
      5.137    -0.567    -0.311
      5.143    -0.571    -0.311
      5.150    -0.575    -0.310
      5.156    -0.579    -0.310
      5.163    -0.584    -0.310
      5.170    -0.588    -0.310
      5.177    -0.592    -0.310
      5.184    -0.596    -0.310
      5.190    -0.600    -0.310
      5.197    -0.604    -0.309
      5.204    -0.608    -0.309
      5.211    -0.612    -0.309
      5.217    -0.616    -0.309
      5.224    -0.621    -0.309
      5.231    -0.625    -0.309
      5.238    -0.629    -0.309
      5.245    -0.633    -0.308
      5.252    -0.637    -0.308
      5.258    -0.641    -0.308
      5.265    -0.645    -0.308
      5.272    -0.650    -0.308
      5.279    -0.654    -0.308
      5.286    -0.658    -0.307
      5.293    -0.662    -0.307
      5.299    -0.666    -0.307
      5.306    -0.670    -0.307
      5.312    -0.674    -0.307
      5.318    -0.677    -0.307
      5.325    -0.681    -0.306
      5.331    -0.685    -0.306
      5.337    -0.689    -0.306
      5.344    -0.693    -0.306
      5.351    -0.697    -0.306
      5.358    -0.701    -0.305
      5.364    -0.705    -0.305
      5.371    -0.709    -0.305
      5.378    -0.713    -0.305
      5.385    -0.717    -0.305
      5.391    -0.721    -0.305
      5.398    -0.725    -0.304
      5.404    -0.729    -0.304
      5.410    -0.733    -0.304
      5.417    -0.736    -0.304
      5.423    -0.740    -0.304
      5.429    -0.744    -0.303
      5.435    -0.747    -0.303
      5.442    -0.751    -0.303
      5.448    -0.755    -0.303
      5.454    -0.759    -0.303
      5.461    -0.762    -0.302
      5.467    -0.766    -0.302
      5.472    -0.769    -0.302
      5.478    -0.773    -0.302
      5.484    -0.776    -0.302
      5.490    -0.780    -0.301
      5.497    -0.784    -0.301
      5.504    -0.788    -0.301
      5.511    -0.792    -0.301
      5.518    -0.796    -0.301
      5.525    -0.800    -0.300
      5.531    -0.804    -0.300
      5.538    -0.808    -0.300
      5.545    -0.812    -0.300
      5.552    -0.816    -0.299
      5.559    -0.820    -0.299
      5.566    -0.824    -0.299
      5.572    -0.828    -0.299
      5.579    -0.832    -0.298
      5.586    -0.836    -0.298
      5.593    -0.840    -0.298
      5.600    -0.844    -0.298
      5.607    -0.848    -0.297
      5.614    -0.852    -0.297
      5.621    -0.856    -0.297
      5.628    -0.860    -0.297
      5.635    -0.864    -0.296
      5.642    -0.868    -0.296
      5.649    -0.872    -0.296
      5.655    -0.875    -0.296
      5.661    -0.879    -0.295
      5.668    -0.883    -0.295
      5.674    -0.886    -0.295
      5.680    -0.890    -0.295
      5.687    -0.894    -0.294
      5.694    -0.898    -0.294
      5.701    -0.901    -0.294
      5.708    -0.905    -0.294
      5.715    -0.909    -0.293
      5.722    -0.913    -0.293
      5.729    -0.917    -0.293
      5.736    -0.921    -0.292
      5.742    -0.925    -0.292
      5.748    -0.928    -0.292
      5.755    -0.932    -0.292
      5.761    -0.935    -0.291
      5.768    -0.939    -0.291
      5.774    -0.942    -0.291
      5.780    -0.946    -0.291
      5.787    -0.949    -0.290
      5.793    -0.953    -0.290
      5.800    -0.957    -0.290
      5.806    -0.960    -0.289
      5.812    -0.964    -0.289
      5.819    -0.967    -0.289
      5.825    -0.970    -0.289
      5.831    -0.974    -0.288
      5.837    -0.977    -0.288
      5.843    -0.980    -0.288
      5.850    -0.984    -0.287
      5.857    -0.988    -0.287
      5.864    -0.992    -0.287
      5.871    -0.995    -0.286
      5.878    -0.999    -0.286
      5.885    -1.003    -0.286
      5.892    -1.007    -0.285
      5.898    -1.010    -0.285
      5.905    -1.014    -0.285
      5.911    -1.017    -0.285
      5.918    -1.021    -0.284
      5.924    -1.024    -0.284
      5.931    -1.027    -0.284
      5.937    -1.031    -0.283
      5.944    -1.034    -0.283
      5.950    -1.038    -0.283
      5.957    -1.041    -0.282
      5.963    -1.045    -0.282
      5.969    -1.048    -0.282
      5.976    -1.051    -0.281
      5.982    -1.054    -0.281
      5.988    -1.058    -0.281
      5.994    -1.061    -0.280
      6.000    -1.064    -0.280
      6.007    -1.067    -0.280
      6.013    -1.071    -0.279
      6.020    -1.074    -0.279
      6.026    -1.077    -0.279
      6.033    -1.081    -0.278
      6.039    -1.084    -0.278
      6.045    -1.087    -0.278
      6.051    -1.090    -0.277
      6.057    -1.094    -0.277
      6.064    -1.097    -0.277
      6.070    -1.100    -0.276
      6.077    -1.103    -0.276
      6.084    -1.107    -0.276
      6.090    -1.110    -0.275
      6.097    -1.114    -0.275
      6.104    -1.117    -0.274
      6.111    -1.121    -0.274
      6.118    -1.124    -0.274
      6.125    -1.127    -0.273
      6.132    -1.131    -0.273
      6.139    -1.135    -0.272
      6.146    -1.138    -0.272
      6.153    -1.142    -0.272
      6.160    -1.145    -0.271
      6.168    -1.149    -0.271
      6.175    -1.152    -0.270
      6.182    -1.155    -0.270
      6.189    -1.159    -0.270
      6.196    -1.162    -0.269
      6.203    -1.166    -0.269
      6.210    -1.169    -0.268
      6.217    -1.173    -0.268
      6.225    -1.176    -0.267
      6.232    -1.180    -0.267
      6.239    -1.183    -0.267
      6.246    -1.187    -0.266
      6.253    -1.190    -0.266
      6.261    -1.193    -0.265
      6.268    -1.197    -0.265
      6.275    -1.200    -0.264
      6.282    -1.204    -0.264
      6.289    -1.207    -0.264
      6.296    -1.210    -0.263
      6.303    -1.213    -0.263
      6.309    -1.216    -0.262
      6.316    -1.219    -0.262
      6.323    -1.222    -0.261
      6.329    -1.225    -0.261
      6.337    -1.229    -0.261
      6.344    -1.232    -0.260
      6.351    -1.235    -0.260
      6.358    -1.239    -0.259
      6.366    -1.242    -0.259
      6.373    -1.245    -0.258
      6.380    -1.249    -0.258
      6.387    -1.252    -0.257
      6.394    -1.255    -0.257
      6.400    -1.258    -0.257
      6.407    -1.260    -0.256
      6.414    -1.263    -0.256
      6.420    -1.266    -0.255
      6.427    -1.269    -0.255
      6.434    -1.272    -0.255
      6.440    -1.275    -0.254
      6.447    -1.278    -0.254
      6.454    -1.281    -0.253
      6.461    -1.284    -0.253
      6.467    -1.287    -0.252
      6.473    -1.289    -0.252
      6.480    -1.292    -0.252
      6.486    -1.295    -0.251
      6.492    -1.298    -0.251
      6.500    -1.301    -0.250
      6.507    -1.304    -0.250
      6.514    -1.307    -0.249
      6.522    -1.310    -0.249
      6.529    -1.313    -0.248
      6.536    -1.316    -0.248
      6.544    -1.319    -0.247
      6.551    -1.322    -0.247
      6.557    -1.325    -0.247
      6.564    -1.328    -0.246
      6.571    -1.330    -0.246
      6.578    -1.333    -0.245
      6.584    -1.336    -0.245
      6.591    -1.339    -0.244
      6.598    -1.341    -0.244
      6.605    -1.344    -0.244
      6.612    -1.347    -0.243
      6.618    -1.349    -0.243
      6.625    -1.352    -0.242
      6.632    -1.355    -0.242
      6.638    -1.357    -0.241
      6.644    -1.360    -0.241
      6.651    -1.362    -0.241
      6.657    -1.365    -0.240
      6.664    -1.367    -0.240
      6.671    -1.370    -0.239
      6.678    -1.373    -0.239
      6.685    -1.375    -0.238
      6.691    -1.378    -0.238
      6.698    -1.381    -0.238
      6.705    -1.383    -0.237
      6.711    -1.385    -0.237
      6.718    -1.388    -0.236
      6.724    -1.390    -0.236
      6.730    -1.393    -0.235
      6.738    -1.395    -0.235
      6.745    -1.398    -0.235
      6.752    -1.401    -0.234
      6.759    -1.403    -0.234
      6.767    -1.406    -0.233
      6.774    -1.409    -0.233
      6.781    -1.411    -0.232
      6.788    -1.414    -0.232
      6.796    -1.417    -0.231
      6.803    -1.419    -0.231
      6.811    -1.422    -0.230
      6.818    -1.425    -0.230
      6.826    -1.427    -0.229
      6.833    -1.430    -0.229
      6.841    -1.432    -0.228
      6.848    -1.435    -0.228
      6.855    -1.437    -0.228
      6.862    -1.440    -0.227
      6.869    -1.442    -0.227
      6.875    -1.444    -0.226
      6.882    -1.447    -0.226
      6.889    -1.449    -0.225
      6.896    -1.451    -0.225
      6.903    -1.454    -0.224
      6.910    -1.456    -0.224
      6.917    -1.458    -0.224
      6.924    -1.461    -0.223
      6.931    -1.463    -0.223
      6.937    -1.465    -0.222
      6.944    -1.467    -0.222
      6.950    -1.469    -0.222
      6.957    -1.471    -0.221
      6.964    -1.473    -0.221
      6.971    -1.476    -0.220
      6.978    -1.478    -0.220
      6.985    -1.480    -0.219
      6.992    -1.482    -0.219
      6.999    -1.484    -0.219
      7.005    -1.487    -0.218
      7.012    -1.489    -0.218
      7.018    -1.491    -0.217
      7.025    -1.493    -0.217
      7.032    -1.495    -0.217
      7.039    -1.497    -0.216
      7.046    -1.499    -0.216
      7.054    -1.501    -0.215
      7.061    -1.503    -0.215
      7.069    -1.506    -0.214
      7.076    -1.508    -0.214
      7.083    -1.510    -0.214
      7.091    -1.512    -0.213
      7.098    -1.514    -0.213
      7.105    -1.516    -0.212
      7.112    -1.518    -0.212
      7.119    -1.520    -0.212
      7.126    -1.522    -0.211
      7.133    -1.524    -0.211
      7.140    -1.526    -0.210
      7.146    -1.528    -0.210
      7.153    -1.530    -0.210
      7.160    -1.531    -0.209
      7.166    -1.533    -0.209
      7.174    -1.535    -0.208
      7.181    -1.537    -0.208
      7.189    -1.539    -0.208
      7.196    -1.541    -0.207
      7.203    -1.543    -0.207
      7.211    -1.545    -0.206
      7.218    -1.547    -0.206
      7.226    -1.549    -0.205
      7.233    -1.551    -0.205
      7.241    -1.553    -0.205
      7.248    -1.554    -0.204
      7.256    -1.556    -0.204
      7.263    -1.558    -0.203
      7.271    -1.560    -0.203
      7.278    -1.562    -0.203
      7.286    -1.564    -0.202
      7.293    -1.566    -0.202
      7.301    -1.567    -0.201
      7.309    -1.569    -0.201
      7.317    -1.571    -0.201
      7.325    -1.573    -0.200
      7.333    -1.575    -0.200
