Count of Points:66

WCS coordinates of Points:
      7.472     0.647    -1.185
      7.464     0.650    -1.186
      7.456     0.652    -1.188
      7.449     0.654    -1.190
      7.441     0.656    -1.191
      7.433     0.658    -1.193
      7.425     0.660    -1.195
      7.418     0.663    -1.196
      7.411     0.665    -1.198
      7.404     0.667    -1.200
      7.396     0.669    -1.202
      7.389     0.671    -1.203
      7.382     0.673    -1.205
      7.374     0.675    -1.207
      7.367     0.677    -1.209
      7.360     0.679    -1.210
      7.353     0.681    -1.212
      7.346     0.684    -1.214
      7.338     0.686    -1.216
      7.331     0.688    -1.217
      7.324     0.690    -1.219
      7.317     0.692    -1.221
      7.310     0.694    -1.223
      7.303     0.696    -1.225
      7.295     0.699    -1.227
      7.288     0.701    -1.229
      7.281     0.703    -1.230
      7.274     0.705    -1.232
      7.267     0.707    -1.234
      7.260     0.709    -1.236
      7.253     0.711    -1.238
      7.245     0.714    -1.240
      7.238     0.716    -1.242
      7.231     0.718    -1.244
      7.224     0.720    -1.246
      7.217     0.722    -1.248
      7.209     0.724    -1.250
      7.202     0.727    -1.252
      7.195     0.729    -1.254
      7.188     0.731    -1.256
      7.181     0.733    -1.258
      7.173     0.735    -1.260
      7.166     0.737    -1.262
      7.159     0.740    -1.265
      7.152     0.742    -1.267
      7.145     0.744    -1.269
      7.138     0.746    -1.271
      7.131     0.748    -1.273
      7.124     0.750    -1.275
      7.117     0.752    -1.277
      7.109     0.755    -1.279
      7.102     0.757    -1.282
      7.095     0.759    -1.284
      7.088     0.761    -1.286
      7.081     0.763    -1.288
      7.074     0.765    -1.290
      7.067     0.767    -1.293
      7.059     0.770    -1.295
      7.052     0.772    -1.297
      7.045     0.774    -1.299
      7.039     0.776    -1.301
      7.032     0.778    -1.304
      7.025     0.779    -1.306
      7.019     0.781    -1.308
      7.012     0.783    -1.310
      7.006     0.785    -1.312
