Count of Points:874

WCS coordinates of Points:
      1.181     0.000    -1.078
      1.187     0.004    -1.078
      1.193     0.008    -1.078
      1.199     0.012    -1.078
      1.205     0.016    -1.078
      1.211     0.020    -1.078
      1.217     0.024    -1.078
      1.222     0.028    -1.078
      1.228     0.032    -1.078
      1.234     0.036    -1.078
      1.240     0.040    -1.078
      1.246     0.044    -1.078
      1.252     0.048    -1.078
      1.258     0.051    -1.078
      1.264     0.055    -1.078
      1.270     0.059    -1.078
      1.276     0.063    -1.078
      1.283     0.067    -1.078
      1.289     0.071    -1.078
      1.295     0.074    -1.078
      1.301     0.078    -1.078
      1.307     0.082    -1.078
      1.313     0.085    -1.078
      1.319     0.089    -1.078
      1.326     0.093    -1.078
      1.333     0.097    -1.078
      1.340     0.101    -1.078
      1.347     0.105    -1.078
      1.353     0.109    -1.078
      1.360     0.113    -1.078
      1.366     0.116    -1.078
      1.372     0.120    -1.078
      1.378     0.123    -1.078
      1.385     0.127    -1.078
      1.391     0.130    -1.078
      1.397     0.134    -1.078
      1.404     0.138    -1.078
      1.411     0.141    -1.078
      1.418     0.145    -1.078
      1.425     0.149    -1.078
      1.432     0.153    -1.078
      1.439     0.156    -1.078
      1.446     0.160    -1.078
      1.453     0.164    -1.078
      1.460     0.167    -1.078
      1.467     0.171    -1.078
      1.474     0.175    -1.078
      1.481     0.178    -1.078
      1.488     0.182    -1.078
      1.495     0.185    -1.078
      1.501     0.188    -1.078
      1.507     0.191    -1.078
      1.514     0.195    -1.078
      1.520     0.198    -1.078
      1.527     0.201    -1.078
      1.533     0.204    -1.078
      1.540     0.207    -1.078
      1.547     0.210    -1.078
      1.554     0.214    -1.078
      1.561     0.217    -1.078
      1.568     0.220    -1.078
      1.576     0.224    -1.078
      1.583     0.227    -1.078
      1.590     0.230    -1.078
      1.597     0.233    -1.077
      1.604     0.237    -1.077
      1.612     0.240    -1.077
      1.619     0.243    -1.077
      1.626     0.246    -1.077
      1.633     0.249    -1.077
      1.640     0.252    -1.077
      1.647     0.255    -1.077
      1.655     0.258    -1.077
      1.662     0.261    -1.077
      1.669     0.264    -1.077
      1.677     0.267    -1.077
      1.684     0.270    -1.077
      1.691     0.273    -1.077
      1.698     0.276    -1.077
      1.705     0.279    -1.077
      1.713     0.282    -1.077
      1.720     0.285    -1.077
      1.727     0.288    -1.077
      1.735     0.290    -1.077
      1.742     0.293    -1.077
      1.750     0.296    -1.077
      1.757     0.299    -1.077
      1.764     0.301    -1.077
      1.771     0.304    -1.077
      1.777     0.306    -1.077
      1.784     0.309    -1.077
      1.791     0.311    -1.077
      1.798     0.314    -1.077
      1.804     0.316    -1.077
      1.812     0.319    -1.077
      1.819     0.321    -1.077
      1.827     0.324    -1.077
      1.834     0.326    -1.077
      1.842     0.329    -1.077
      1.849     0.331    -1.077
      1.857     0.334    -1.077
      1.864     0.336    -1.077
      1.872     0.339    -1.077
      1.879     0.341    -1.077
      1.887     0.344    -1.077
      1.894     0.346    -1.077
      1.901     0.348    -1.077
      1.909     0.351    -1.077
      1.916     0.353    -1.077
      1.924     0.355    -1.077
      1.931     0.357    -1.077
      1.939     0.360    -1.077
      1.947     0.362    -1.077
      1.954     0.364    -1.077
      1.961     0.366    -1.077
      1.969     0.368    -1.077
      1.976     0.371    -1.077
      1.984     0.373    -1.077
      1.992     0.375    -1.077
      1.999     0.377    -1.077
      2.007     0.379    -1.077
      2.015     0.381    -1.077
      2.022     0.383    -1.077
      2.030     0.385    -1.077
      2.038     0.387    -1.077
      2.045     0.389    -1.077
      2.053     0.391    -1.077
      2.061     0.393    -1.077
      2.068     0.395    -1.076
      2.076     0.396    -1.076
      2.083     0.398    -1.076
      2.091     0.400    -1.076
      2.098     0.402    -1.076
      2.106     0.404    -1.076
      2.114     0.405    -1.076
      2.122     0.407    -1.076
      2.129     0.409    -1.076
      2.137     0.411    -1.076
      2.145     0.412    -1.076
      2.152     0.414    -1.076
      2.160     0.415    -1.076
      2.168     0.417    -1.076
      2.176     0.419    -1.076
      2.183     0.420    -1.076
      2.191     0.422    -1.076
      2.199     0.423    -1.076
      2.207     0.425    -1.076
      2.214     0.426    -1.076
      2.221     0.427    -1.076
      2.228     0.429    -1.076
      2.235     0.430    -1.076
      2.242     0.431    -1.076
      2.250     0.433    -1.076
      2.257     0.434    -1.076
      2.264     0.435    -1.076
      2.271     0.436    -1.076
      2.278     0.437    -1.076
      2.285     0.438    -1.076
      2.292     0.440    -1.076
      2.299     0.441    -1.076
      2.307     0.442    -1.076
      2.315     0.443    -1.076
      2.323     0.444    -1.076
      2.330     0.445    -1.076
      2.338     0.446    -1.076
      2.346     0.448    -1.076
      2.354     0.449    -1.076
      2.362     0.450    -1.076
      2.370     0.451    -1.076
      2.377     0.452    -1.076
      2.385     0.453    -1.076
      2.393     0.454    -1.076
      2.401     0.454    -1.076
      2.408     0.455    -1.076
      2.416     0.456    -1.076
      2.424     0.457    -1.076
      2.432     0.458    -1.076
      2.440     0.459    -1.076
      2.448     0.459    -1.076
      2.455     0.460    -1.076
      2.463     0.461    -1.076
      2.471     0.462    -1.076
      2.479     0.462    -1.076
      2.486     0.463    -1.076
      2.494     0.464    -1.076
      2.502     0.464    -1.076
      2.510     0.465    -1.076
      2.518     0.466    -1.076
      2.526     0.466    -1.076
      2.534     0.467    -1.076
      2.542     0.467    -1.076
      2.550     0.468    -1.076
      2.557     0.468    -1.076
      2.565     0.469    -1.076
      2.573     0.469    -1.076
      2.581     0.469    -1.076
      2.589     0.470    -1.076
      2.596     0.470    -1.076
      2.604     0.471    -1.076
      2.612     0.471    -1.076
      2.620     0.471    -1.076
      2.628     0.471    -1.076
      2.636     0.472    -1.076
      2.644     0.472    -1.076
      2.652     0.472    -1.076
      2.660     0.472    -1.076
      2.667     0.472    -1.076
      2.675     0.473    -1.076
      2.683     0.473    -1.076
      2.691     0.473    -1.075
      2.699     0.473    -1.075
      2.707     0.473    -1.075
      2.715     0.473    -1.075
      2.722     0.473    -1.075
      2.729     0.473    -1.075
      2.737     0.473    -1.075
      2.744     0.473    -1.075
      2.751     0.473    -1.075
      2.758     0.473    -1.075
      2.766     0.473    -1.075
      2.774     0.473    -1.075
      2.782     0.472    -1.075
      2.790     0.472    -1.075
      2.798     0.472    -1.075
      2.806     0.472    -1.075
      2.813     0.472    -1.075
      2.821     0.471    -1.075
      2.829     0.471    -1.075
      2.837     0.471    -1.075
      2.845     0.471    -1.075
      2.853     0.470    -1.075
      2.861     0.470    -1.075
      2.868     0.469    -1.075
      2.876     0.469    -1.075
      2.884     0.469    -1.075
      2.892     0.468    -1.075
      2.900     0.468    -1.075
      2.908     0.467    -1.075
      2.916     0.467    -1.075
      2.924     0.466    -1.075
      2.932     0.466    -1.075
      2.940     0.465    -1.075
      2.947     0.465    -1.075
      2.954     0.464    -1.075
      2.961     0.463    -1.075
      2.969     0.463    -1.075
      2.976     0.462    -1.075
      2.983     0.462    -1.075
      2.991     0.461    -1.075
      2.999     0.460    -1.075
      3.007     0.460    -1.075
      3.015     0.459    -1.075
      3.023     0.458    -1.074
      3.030     0.457    -1.074
      3.038     0.456    -1.074
      3.046     0.456    -1.074
      3.053     0.455    -1.074
      3.060     0.454    -1.074
      3.067     0.453    -1.074
      3.074     0.452    -1.074
      3.082     0.452    -1.074
      3.089     0.451    -1.074
      3.096     0.450    -1.074
      3.103     0.449    -1.074
      3.110     0.448    -1.074
      3.118     0.447    -1.074
      3.125     0.446    -1.074
      3.132     0.445    -1.074
      3.138     0.445    -1.074
      3.145     0.444    -1.074
      3.152     0.443    -1.074
      3.159     0.442    -1.074
      3.166     0.441    -1.074
      3.173     0.440    -1.074
      3.180     0.439    -1.074
      3.187     0.438    -1.074
      3.194     0.437    -1.074
      3.201     0.435    -1.074
      3.208     0.434    -1.074
      3.216     0.433    -1.074
      3.224     0.432    -1.074
      3.232     0.431    -1.074
      3.240     0.429    -1.073
      3.247     0.428    -1.073
      3.255     0.427    -1.073
      3.263     0.426    -1.073
      3.271     0.424    -1.073
      3.278     0.423    -1.073
      3.286     0.421    -1.073
      3.294     0.420    -1.073
      3.302     0.419    -1.073
      3.309     0.417    -1.073
      3.317     0.416    -1.073
      3.325     0.414    -1.073
      3.332     0.413    -1.073
      3.340     0.412    -1.073
      3.348     0.410    -1.073
      3.356     0.409    -1.073
      3.363     0.407    -1.073
      3.371     0.406    -1.073
      3.378     0.404    -1.073
      3.386     0.402    -1.073
      3.394     0.401    -1.072
      3.401     0.399    -1.072
      3.409     0.398    -1.072
      3.417     0.396    -1.072
      3.425     0.394    -1.072
      3.432     0.393    -1.072
      3.440     0.391    -1.072
      3.448     0.389    -1.072
      3.456     0.388    -1.072
      3.463     0.386    -1.072
      3.471     0.384    -1.072
      3.479     0.383    -1.072
      3.486     0.381    -1.072
      3.494     0.379    -1.072
      3.501     0.377    -1.072
      3.509     0.376    -1.071
      3.517     0.374    -1.071
      3.524     0.372    -1.071
      3.532     0.370    -1.071
      3.540     0.368    -1.071
      3.547     0.366    -1.071
      3.555     0.365    -1.071
      3.563     0.363    -1.071
      3.571     0.361    -1.071
      3.578     0.359    -1.071
      3.586     0.357    -1.071
      3.594     0.355    -1.071
      3.601     0.353    -1.070
      3.609     0.351    -1.070
      3.617     0.349    -1.070
      3.624     0.347    -1.070
      3.631     0.346    -1.070
      3.638     0.344    -1.070
      3.645     0.342    -1.070
      3.652     0.340    -1.070
      3.659     0.338    -1.070
      3.666     0.336    -1.070
      3.674     0.334    -1.069
      3.682     0.332    -1.069
      3.689     0.330    -1.069
      3.697     0.328    -1.069
      3.704     0.326    -1.069
      3.712     0.324    -1.069
      3.719     0.322    -1.069
      3.727     0.320    -1.069
      3.734     0.317    -1.069
      3.742     0.315    -1.068
      3.750     0.313    -1.068
      3.757     0.311    -1.068
      3.765     0.309    -1.068
      3.773     0.307    -1.068
      3.780     0.304    -1.068
      3.788     0.302    -1.068
      3.795     0.300    -1.067
      3.803     0.298    -1.067
      3.811     0.296    -1.067
      3.818     0.293    -1.067
      3.826     0.291    -1.067
      3.833     0.289    -1.067
      3.840     0.287    -1.067
      3.847     0.285    -1.066
      3.854     0.283    -1.066
      3.861     0.280    -1.066
      3.868     0.278    -1.066
      3.875     0.276    -1.066
      3.883     0.274    -1.066
      3.890     0.272    -1.066
      3.898     0.269    -1.065
      3.905     0.267    -1.065
      3.913     0.265    -1.065
      3.921     0.262    -1.065
      3.928     0.260    -1.065
      3.935     0.258    -1.065
      3.942     0.256    -1.064
      3.949     0.253    -1.064
      3.956     0.251    -1.064
      3.963     0.249    -1.064
      3.970     0.247    -1.064
      3.977     0.245    -1.064
      3.983     0.242    -1.063
      3.990     0.240    -1.063
      3.997     0.238    -1.063
      4.004     0.236    -1.063
      4.011     0.233    -1.063
      4.018     0.231    -1.062
      4.024     0.229    -1.062
      4.031     0.227    -1.062
      4.037     0.225    -1.062
      4.044     0.223    -1.062
      4.051     0.220    -1.061
      4.059     0.218    -1.061
      4.066     0.215    -1.061
      4.074     0.213    -1.061
      4.081     0.210    -1.061
      4.088     0.208    -1.060
      4.096     0.205    -1.060
      4.103     0.203    -1.060
      4.111     0.201    -1.060
      4.118     0.198    -1.059
      4.126     0.195    -1.059
      4.133     0.193    -1.059
      4.140     0.190    -1.059
      4.148     0.188    -1.058
      4.155     0.185    -1.058
      4.163     0.183    -1.058
      4.170     0.180    -1.058
      4.178     0.178    -1.057
      4.185     0.175    -1.057
      4.193     0.173    -1.057
      4.200     0.170    -1.057
      4.208     0.167    -1.056
      4.215     0.165    -1.056
      4.222     0.162    -1.056
      4.229     0.160    -1.056
      4.236     0.158    -1.055
      4.243     0.155    -1.055
      4.249     0.153    -1.055
      4.256     0.151    -1.054
      4.264     0.148    -1.054
      4.271     0.145    -1.054
      4.279     0.143    -1.054
      4.286     0.140    -1.053
      4.294     0.138    -1.053
      4.301     0.135    -1.053
      4.308     0.132    -1.052
      4.315     0.130    -1.052
      4.322     0.127    -1.052
      4.329     0.125    -1.051
      4.336     0.123    -1.051
      4.343     0.120    -1.051
      4.349     0.118    -1.050
      4.356     0.115    -1.050
      4.363     0.113    -1.050
      4.370     0.110    -1.049
      4.377     0.108    -1.049
      4.384     0.106    -1.049
      4.390     0.103    -1.049
      4.397     0.101    -1.048
      4.403     0.099    -1.048
      4.410     0.096    -1.048
      4.416     0.094    -1.047
      4.423     0.092    -1.047
      4.430     0.089    -1.047
      4.438     0.086    -1.046
      4.445     0.084    -1.046
      4.452     0.081    -1.045
      4.460     0.078    -1.045
      4.467     0.076    -1.045
      4.475     0.073    -1.044
      4.482     0.070    -1.044
      4.488     0.068    -1.043
      4.495     0.065    -1.043
      4.502     0.063    -1.043
      4.509     0.060    -1.042
      4.516     0.058    -1.042
      4.522     0.056    -1.041
      4.529     0.053    -1.041
      4.536     0.051    -1.041
      4.543     0.048    -1.040
      4.550     0.046    -1.040
      4.556     0.043    -1.039
      4.563     0.041    -1.039
      4.569     0.039    -1.039
      4.576     0.036    -1.038
      4.582     0.034    -1.038
      4.589     0.032    -1.037
      4.595     0.029    -1.037
      4.602     0.027    -1.036
      4.609     0.024    -1.036
      4.616     0.022    -1.036
      4.623     0.019    -1.035
      4.629     0.017    -1.035
      4.636     0.014    -1.034
      4.642     0.012    -1.034
      4.649     0.010    -1.033
      4.655     0.007    -1.033
      4.661     0.005    -1.033
      4.669     0.002    -1.032
      4.676    -0.000    -1.032
      4.683    -0.003    -1.031
      4.690    -0.005    -1.031
      4.697    -0.008    -1.030
      4.704    -0.011    -1.030
      4.712    -0.013    -1.029
      4.719    -0.016    -1.029
      4.726    -0.018    -1.028
      4.732    -0.021    -1.028
      4.739    -0.023    -1.027
      4.746    -0.026    -1.027
      4.752    -0.028    -1.026
      4.759    -0.031    -1.026
      4.766    -0.033    -1.025
      4.773    -0.036    -1.024
      4.781    -0.038    -1.024
      4.788    -0.041    -1.023
      4.796    -0.044    -1.023
      4.803    -0.046    -1.022
      4.810    -0.049    -1.021
      4.818    -0.052    -1.021
      4.825    -0.054    -1.020
      4.833    -0.057    -1.020
      4.840    -0.060    -1.019
      4.847    -0.063    -1.018
      4.854    -0.065    -1.018
      4.862    -0.068    -1.017
      4.869    -0.070    -1.016
      4.876    -0.073    -1.016
      4.884    -0.076    -1.015
      4.891    -0.079    -1.014
      4.899    -0.081    -1.014
      4.906    -0.084    -1.013
      4.913    -0.087    -1.012
      4.920    -0.089    -1.012
      4.928    -0.092    -1.011
      4.935    -0.095    -1.010
      4.942    -0.097    -1.009
      4.950    -0.100    -1.009
      4.957    -0.103    -1.008
      4.965    -0.105    -1.007
      4.972    -0.108    -1.006
      4.979    -0.111    -1.006
      4.987    -0.113    -1.005
      4.994    -0.116    -1.004
      5.002    -0.119    -1.003
      5.009    -0.121    -1.002
      5.016    -0.124    -1.002
      5.024    -0.127    -1.001
      5.031    -0.130    -1.000
      5.038    -0.132    -0.999
      5.045    -0.135    -0.998
      5.053    -0.137    -0.998
      5.060    -0.140    -0.997
      5.068    -0.143    -0.996
      5.075    -0.145    -0.995
      5.082    -0.148    -0.994
      5.090    -0.151    -0.993
      5.097    -0.154    -0.992
      5.105    -0.156    -0.992
      5.112    -0.159    -0.991
      5.119    -0.162    -0.990
      5.127    -0.164    -0.989
      5.134    -0.167    -0.988
      5.141    -0.170    -0.987
      5.149    -0.172    -0.986
      5.156    -0.175    -0.985
      5.163    -0.177    -0.984
      5.170    -0.180    -0.984
      5.177    -0.182    -0.983
      5.183    -0.185    -0.982
      5.190    -0.187    -0.981
      5.197    -0.190    -0.980
      5.204    -0.192    -0.979
      5.212    -0.195    -0.978
      5.219    -0.198    -0.977
      5.226    -0.200    -0.976
      5.234    -0.203    -0.975
      5.241    -0.206    -0.974
      5.248    -0.208    -0.973
      5.256    -0.211    -0.972
      5.263    -0.213    -0.971
      5.270    -0.216    -0.970
      5.278    -0.219    -0.969
      5.285    -0.221    -0.968
      5.292    -0.224    -0.967
      5.300    -0.227    -0.966
      5.307    -0.229    -0.965
      5.314    -0.232    -0.964
      5.322    -0.235    -0.963
      5.329    -0.237    -0.962
      5.337    -0.240    -0.961
      5.344    -0.243    -0.960
      5.351    -0.245    -0.959
      5.359    -0.248    -0.958
      5.366    -0.251    -0.957
      5.373    -0.253    -0.956
      5.380    -0.255    -0.955
      5.386    -0.258    -0.954
      5.393    -0.260    -0.953
      5.400    -0.263    -0.952
      5.407    -0.265    -0.950
      5.414    -0.268    -0.949
      5.421    -0.270    -0.948
      5.429    -0.273    -0.947
      5.436    -0.276    -0.946
      5.444    -0.278    -0.945
      5.451    -0.281    -0.944
      5.458    -0.284    -0.942
      5.465    -0.286    -0.941
      5.472    -0.288    -0.940
      5.479    -0.291    -0.939
      5.485    -0.293    -0.938
      5.492    -0.296    -0.937
      5.499    -0.298    -0.936
      5.506    -0.301    -0.935
      5.512    -0.303    -0.934
      5.519    -0.305    -0.933
      5.526    -0.308    -0.932
      5.533    -0.310    -0.930
      5.539    -0.313    -0.929
      5.546    -0.315    -0.928
      5.552    -0.317    -0.927
      5.559    -0.319    -0.926
      5.565    -0.322    -0.925
      5.571    -0.324    -0.924
      5.579    -0.327    -0.923
      5.586    -0.329    -0.922
      5.593    -0.332    -0.920
      5.601    -0.334    -0.919
      5.608    -0.337    -0.918
      5.615    -0.340    -0.917
      5.622    -0.342    -0.915
      5.630    -0.345    -0.914
      5.637    -0.347    -0.913
      5.644    -0.350    -0.912
      5.652    -0.353    -0.910
      5.659    -0.355    -0.909
      5.666    -0.358    -0.908
      5.674    -0.360    -0.906
      5.681    -0.363    -0.905
      5.688    -0.366    -0.904
      5.696    -0.368    -0.902
      5.703    -0.371    -0.901
      5.710    -0.373    -0.900
      5.718    -0.376    -0.898
      5.725    -0.379    -0.897
      5.732    -0.381    -0.896
      5.740    -0.384    -0.894
      5.747    -0.386    -0.893
      5.753    -0.389    -0.892
      5.760    -0.391    -0.891
      5.767    -0.393    -0.890
      5.774    -0.396    -0.888
      5.780    -0.398    -0.887
      5.788    -0.401    -0.886
      5.795    -0.404    -0.884
      5.802    -0.406    -0.883
      5.810    -0.409    -0.882
      5.817    -0.411    -0.880
      5.824    -0.414    -0.879
      5.832    -0.417    -0.877
      5.838    -0.419    -0.876
      5.845    -0.421    -0.875
      5.852    -0.424    -0.874
      5.859    -0.426    -0.872
      5.865    -0.429    -0.871
      5.872    -0.431    -0.870
      5.879    -0.433    -0.868
      5.885    -0.436    -0.867
      5.892    -0.438    -0.866
      5.899    -0.441    -0.865
      5.906    -0.443    -0.863
      5.912    -0.445    -0.862
      5.919    -0.448    -0.861
      5.925    -0.450    -0.860
      5.931    -0.452    -0.858
      5.938    -0.454    -0.857
      5.944    -0.457    -0.856
      5.951    -0.459    -0.854
      5.959    -0.462    -0.853
      5.966    -0.465    -0.851
      5.973    -0.467    -0.850
      5.981    -0.470    -0.849
      5.988    -0.472    -0.847
      5.995    -0.475    -0.846
      6.002    -0.477    -0.844
      6.009    -0.480    -0.843
      6.016    -0.482    -0.842
      6.022    -0.485    -0.840
      6.029    -0.487    -0.839
      6.036    -0.489    -0.838
      6.042    -0.492    -0.836
      6.049    -0.494    -0.835
      6.056    -0.497    -0.834
      6.062    -0.499    -0.832
      6.069    -0.501    -0.831
      6.076    -0.504    -0.830
      6.082    -0.506    -0.828
      6.089    -0.508    -0.827
      6.095    -0.511    -0.826
      6.101    -0.513    -0.824
      6.108    -0.515    -0.823
      6.114    -0.518    -0.822
      6.121    -0.520    -0.820
      6.128    -0.522    -0.819
      6.134    -0.525    -0.818
      6.141    -0.527    -0.816
      6.148    -0.530    -0.815
      6.154    -0.532    -0.814
      6.160    -0.534    -0.812
      6.167    -0.537    -0.811
      6.173    -0.539    -0.810
      6.179    -0.541    -0.808
      6.186    -0.544    -0.807
      6.193    -0.546    -0.805
      6.201    -0.549    -0.804
      6.208    -0.551    -0.803
      6.215    -0.554    -0.801
      6.222    -0.556    -0.800
      6.229    -0.559    -0.798
      6.236    -0.561    -0.797
      6.243    -0.564    -0.795
      6.250    -0.567    -0.794
      6.258    -0.569    -0.792
      6.265    -0.572    -0.791
      6.272    -0.574    -0.789
      6.279    -0.577    -0.788
      6.287    -0.580    -0.786
      6.294    -0.582    -0.785
      6.301    -0.585    -0.783
      6.308    -0.587    -0.782
      6.316    -0.590    -0.780
      6.323    -0.593    -0.779
      6.330    -0.595    -0.777
      6.338    -0.598    -0.776
      6.345    -0.600    -0.774
      6.352    -0.603    -0.773
      6.360    -0.606    -0.771
      6.367    -0.608    -0.770
      6.374    -0.611    -0.768
      6.382    -0.614    -0.767
      6.389    -0.616    -0.765
      6.396    -0.619    -0.764
      6.403    -0.621    -0.762
      6.410    -0.624    -0.761
      6.417    -0.626    -0.760
      6.424    -0.628    -0.758
      6.430    -0.631    -0.757
      6.437    -0.633    -0.755
      6.444    -0.636    -0.754
      6.451    -0.638    -0.753
      6.458    -0.641    -0.751
      6.466    -0.643    -0.750
      6.473    -0.646    -0.748
      6.480    -0.649    -0.747
      6.488    -0.651    -0.745
      6.495    -0.654    -0.744
      6.502    -0.656    -0.742
      6.509    -0.659    -0.741
      6.515    -0.661    -0.740
      6.522    -0.663    -0.738
      6.529    -0.666    -0.737
      6.535    -0.668    -0.736
      6.542    -0.670    -0.734
      6.549    -0.673    -0.733
      6.556    -0.675    -0.732
      6.562    -0.677    -0.730
      6.569    -0.680    -0.729
      6.576    -0.682    -0.728
      6.582    -0.684    -0.726
      6.589    -0.687    -0.725
      6.595    -0.689    -0.724
      6.601    -0.691    -0.723
      6.608    -0.693    -0.721
      6.615    -0.696    -0.720
      6.622    -0.698    -0.719
      6.630    -0.701    -0.717
      6.637    -0.703    -0.716
      6.644    -0.706    -0.714
      6.652    -0.708    -0.713
      6.659    -0.711    -0.711
      6.666    -0.713    -0.710
      6.673    -0.715    -0.709
      6.679    -0.718    -0.708
      6.686    -0.720    -0.706
      6.693    -0.722    -0.705
      6.700    -0.725    -0.704
      6.707    -0.727    -0.702
      6.713    -0.729    -0.701
      6.720    -0.731    -0.700
      6.727    -0.734    -0.699
      6.734    -0.736    -0.697
      6.740    -0.738    -0.696
      6.747    -0.740    -0.695
      6.753    -0.742    -0.694
      6.760    -0.745    -0.692
      6.766    -0.747    -0.691
      6.772    -0.749    -0.690
      6.779    -0.751    -0.689
      6.786    -0.753    -0.687
      6.793    -0.756    -0.686
      6.800    -0.758    -0.685
      6.806    -0.760    -0.684
      6.813    -0.762    -0.683
      6.820    -0.764    -0.681
      6.826    -0.766    -0.680
      6.832    -0.768    -0.679
      6.839    -0.770    -0.678
      6.845    -0.773    -0.677
      6.852    -0.775    -0.675
      6.860    -0.777    -0.674
      6.867    -0.779    -0.673
      6.874    -0.782    -0.672
      6.881    -0.784    -0.670
      6.888    -0.786    -0.669
      6.895    -0.788    -0.668
      6.903    -0.791    -0.667
      6.910    -0.793    -0.665
      6.918    -0.795    -0.664
      6.925    -0.798    -0.663
      6.932    -0.800    -0.661
      6.940    -0.802    -0.660
      6.947    -0.804    -0.659
      6.955    -0.807    -0.657
      6.962    -0.809    -0.656
      6.969    -0.811    -0.655
      6.975    -0.813    -0.654
      6.982    -0.815    -0.653
      6.989    -0.817    -0.652
      6.996    -0.819    -0.651
      7.003    -0.821    -0.649
      7.010    -0.823    -0.648
      7.017    -0.825    -0.647
      7.024    -0.827    -0.646
      7.030    -0.829    -0.645
      7.037    -0.831    -0.644
      7.044    -0.833    -0.643
      7.050    -0.835    -0.642
      7.057    -0.837    -0.641
      7.063    -0.839    -0.639
      7.070    -0.841    -0.638
      7.077    -0.842    -0.637
      7.084    -0.844    -0.636
      7.091    -0.846    -0.635
      7.097    -0.848    -0.634
      7.104    -0.850    -0.633
      7.111    -0.852    -0.632
      7.118    -0.854    -0.631
      7.124    -0.856    -0.630
      7.131    -0.857    -0.629
      7.137    -0.859    -0.628
      7.144    -0.861    -0.627
      7.151    -0.863    -0.626
      7.159    -0.865    -0.625
      7.166    -0.867    -0.623
      7.173    -0.869    -0.622
      7.180    -0.871    -0.621
      7.188    -0.873    -0.620
      7.195    -0.874    -0.619
      7.202    -0.876    -0.618
      7.209    -0.878    -0.617
      7.216    -0.880    -0.616
      7.223    -0.882    -0.615
      7.230    -0.883    -0.614
      7.237    -0.885    -0.613
      7.244    -0.887    -0.612
      7.251    -0.888    -0.611
      7.257    -0.890    -0.610
      7.264    -0.892    -0.609
      7.271    -0.893    -0.608
      7.277    -0.895    -0.607
      7.285    -0.897    -0.606
      7.292    -0.898    -0.605
      7.299    -0.900    -0.604
      7.307    -0.902    -0.603
      7.314    -0.903    -0.602
      7.321    -0.905    -0.601
      7.329    -0.907    -0.600
      7.336    -0.908    -0.599
      7.344    -0.910    -0.598
      7.351    -0.912    -0.597
      7.358    -0.913    -0.596
      7.366    -0.915    -0.595
      7.373    -0.917    -0.594
      7.381    -0.918    -0.593
      7.388    -0.920    -0.592
      7.395    -0.921    -0.591
      7.403    -0.923    -0.590
      7.411    -0.924    -0.589
      7.419    -0.926    -0.588
      7.426    -0.928    -0.587
      7.434    -0.929    -0.586
      7.442    -0.931    -0.585
