Count of Points:808

WCS coordinates of Points:
      7.499     0.133    -1.032
      7.491     0.135    -1.033
      7.483     0.137    -1.035
      7.475     0.139    -1.036
      7.467     0.141    -1.037
      7.459     0.143    -1.039
      7.452     0.145    -1.040
      7.444     0.148    -1.042
      7.436     0.149    -1.043
      7.429     0.151    -1.044
      7.422     0.153    -1.046
      7.415     0.155    -1.047
      7.408     0.157    -1.048
      7.401     0.159    -1.050
      7.393     0.161    -1.051
      7.386     0.163    -1.052
      7.379     0.165    -1.054
      7.372     0.167    -1.055
      7.365     0.169    -1.057
      7.358     0.171    -1.058
      7.351     0.173    -1.059
      7.344     0.175    -1.061
      7.337     0.176    -1.062
      7.331     0.178    -1.064
      7.324     0.180    -1.065
      7.317     0.182    -1.067
      7.310     0.184    -1.068
      7.302     0.186    -1.070
      7.295     0.188    -1.071
      7.288     0.190    -1.073
      7.281     0.192    -1.074
      7.274     0.194    -1.076
      7.268     0.196    -1.077
      7.261     0.198    -1.079
      7.254     0.200    -1.080
      7.248     0.202    -1.082
      7.241     0.204    -1.083
      7.234     0.206    -1.085
      7.228     0.208    -1.087
      7.221     0.210    -1.088
      7.214     0.212    -1.090
      7.208     0.214    -1.091
      7.201     0.216    -1.093
      7.195     0.217    -1.095
      7.188     0.219    -1.096
      7.181     0.221    -1.098
      7.174     0.224    -1.100
      7.167     0.226    -1.101
      7.160     0.228    -1.103
      7.153     0.230    -1.105
      7.146     0.232    -1.107
      7.139     0.234    -1.109
      7.133     0.236    -1.110
      7.126     0.238    -1.112
      7.119     0.240    -1.114
      7.113     0.242    -1.115
      7.106     0.244    -1.117
      7.099     0.246    -1.119
      7.093     0.248    -1.121
      7.086     0.250    -1.123
      7.080     0.252    -1.124
      7.073     0.254    -1.126
      7.067     0.256    -1.128
      7.060     0.258    -1.130
      7.054     0.260    -1.131
      7.047     0.262    -1.133
      7.040     0.264    -1.135
      7.034     0.266    -1.137
      7.027     0.268    -1.139
      7.021     0.270    -1.141
      7.014     0.272    -1.143
      7.008     0.273    -1.144
      7.001     0.275    -1.146
      6.995     0.277    -1.148
      6.988     0.279    -1.150
      6.982     0.281    -1.152
      6.975     0.283    -1.154
      6.969     0.285    -1.156
      6.962     0.287    -1.158
      6.955     0.289    -1.160
      6.949     0.291    -1.162
      6.942     0.294    -1.164
      6.935     0.296    -1.166
      6.928     0.298    -1.168
      6.921     0.300    -1.170
      6.914     0.302    -1.172
      6.907     0.304    -1.174
      6.901     0.306    -1.176
      6.894     0.308    -1.178
      6.888     0.310    -1.181
      6.881     0.312    -1.183
      6.874     0.314    -1.185
      6.868     0.316    -1.187
      6.861     0.318    -1.189
      6.855     0.320    -1.191
      6.848     0.322    -1.193
      6.842     0.324    -1.195
      6.835     0.326    -1.197
      6.829     0.328    -1.199
      6.823     0.330    -1.201
      6.816     0.332    -1.203
      6.810     0.334    -1.205
      6.803     0.336    -1.207
      6.797     0.338    -1.210
      6.790     0.339    -1.212
      6.784     0.341    -1.214
      6.777     0.343    -1.216
      6.771     0.345    -1.218
      6.764     0.347    -1.220
      6.758     0.349    -1.222
      6.751     0.351    -1.224
      6.745     0.353    -1.227
      6.738     0.355    -1.229
      6.732     0.357    -1.231
      6.725     0.359    -1.233
      6.719     0.361    -1.235
      6.712     0.362    -1.237
      6.706     0.364    -1.240
      6.699     0.366    -1.242
      6.693     0.368    -1.244
      6.686     0.370    -1.246
      6.680     0.372    -1.249
      6.673     0.374    -1.251
      6.667     0.376    -1.253
      6.660     0.377    -1.255
      6.654     0.379    -1.257
      6.648     0.381    -1.260
      6.641     0.383    -1.262
      6.635     0.385    -1.264
      6.628     0.387    -1.266
      6.621     0.388    -1.269
      6.615     0.390    -1.271
      6.608     0.392    -1.273
      6.602     0.394    -1.275
      6.595     0.396    -1.278
      6.589     0.398    -1.280
      6.582     0.400    -1.282
      6.576     0.401    -1.285
      6.569     0.403    -1.287
      6.563     0.405    -1.289
      6.556     0.407    -1.292
      6.548     0.409    -1.294
      6.541     0.411    -1.297
      6.534     0.413    -1.299
      6.527     0.415    -1.302
      6.520     0.417    -1.304
      6.513     0.419    -1.307
      6.506     0.420    -1.309
      6.499     0.422    -1.312
      6.493     0.424    -1.314
      6.486     0.426    -1.317
      6.479     0.428    -1.319
      6.473     0.430    -1.321
      6.466     0.431    -1.324
      6.460     0.433    -1.326
      6.453     0.435    -1.329
      6.447     0.436    -1.331
      6.440     0.438    -1.333
      6.434     0.440    -1.336
      6.427     0.442    -1.338
      6.421     0.443    -1.340
      6.414     0.445    -1.343
      6.408     0.447    -1.345
      6.401     0.448    -1.347
      6.395     0.450    -1.350
      6.389     0.452    -1.352
      6.382     0.453    -1.354
      6.375     0.455    -1.357
      6.369     0.457    -1.359
      6.362     0.458    -1.362
      6.356     0.460    -1.364
      6.350     0.462    -1.366
      6.343     0.463    -1.369
      6.337     0.465    -1.371
      6.330     0.466    -1.374
      6.324     0.468    -1.376
      6.317     0.470    -1.378
      6.311     0.471    -1.381
      6.304     0.473    -1.383
      6.298     0.474    -1.386
      6.291     0.476    -1.388
      6.285     0.478    -1.390
      6.278     0.479    -1.393
      6.272     0.481    -1.395
      6.265     0.482    -1.398
      6.259     0.484    -1.400
      6.252     0.486    -1.403
      6.246     0.487    -1.405
      6.239     0.489    -1.407
      6.233     0.490    -1.410
      6.226     0.492    -1.412
      6.220     0.493    -1.415
      6.213     0.495    -1.417
      6.207     0.496    -1.419
      6.200     0.498    -1.422
      6.194     0.499    -1.424
      6.187     0.501    -1.427
      6.181     0.502    -1.429
      6.174     0.504    -1.432
      6.168     0.505    -1.434
      6.161     0.507    -1.437
      6.155     0.509    -1.439
      6.148     0.510    -1.441
      6.141     0.511    -1.444
      6.134     0.513    -1.447
      6.127     0.515    -1.449
      6.120     0.516    -1.452
      6.113     0.518    -1.455
      6.105     0.520    -1.457
      6.099     0.521    -1.460
      6.092     0.523    -1.462
      6.086     0.524    -1.465
      6.079     0.525    -1.467
      6.073     0.527    -1.470
      6.066     0.528    -1.472
      6.060     0.530    -1.474
      6.053     0.531    -1.477
      6.047     0.532    -1.479
      6.040     0.534    -1.482
      6.034     0.535    -1.484
      6.027     0.537    -1.487
      6.021     0.538    -1.489
      6.014     0.540    -1.491
      6.008     0.541    -1.494
      6.001     0.542    -1.496
      5.995     0.544    -1.499
      5.988     0.545    -1.501
      5.981     0.546    -1.504
      5.975     0.548    -1.506
      5.968     0.549    -1.509
      5.962     0.551    -1.511
      5.955     0.552    -1.514
      5.948     0.553    -1.516
      5.941     0.555    -1.519
      5.933     0.556    -1.522
      5.926     0.558    -1.524
      5.919     0.559    -1.527
      5.912     0.561    -1.529
      5.906     0.562    -1.532
      5.899     0.563    -1.534
      5.893     0.565    -1.537
      5.886     0.566    -1.539
      5.879     0.567    -1.542
      5.873     0.569    -1.544
      5.866     0.570    -1.547
      5.858     0.571    -1.549
      5.851     0.573    -1.552
      5.844     0.574    -1.555
      5.837     0.576    -1.557
      5.829     0.577    -1.560
      5.822     0.578    -1.563
      5.815     0.580    -1.565
      5.808     0.581    -1.568
      5.800     0.583    -1.571
      5.793     0.584    -1.573
      5.786     0.585    -1.576
      5.779     0.587    -1.579
      5.772     0.588    -1.581
      5.765     0.589    -1.584
      5.758     0.591    -1.586
      5.751     0.592    -1.589
      5.744     0.593    -1.591
      5.737     0.595    -1.594
      5.730     0.596    -1.596
      5.723     0.597    -1.599
      5.716     0.598    -1.601
      5.710     0.599    -1.604
      5.703     0.601    -1.606
      5.697     0.602    -1.608
      5.690     0.603    -1.611
      5.683     0.604    -1.613
      5.677     0.605    -1.616
      5.670     0.607    -1.618
      5.664     0.608    -1.620
      5.657     0.609    -1.623
      5.651     0.610    -1.625
      5.644     0.611    -1.627
      5.638     0.612    -1.630
      5.631     0.614    -1.632
      5.624     0.615    -1.634
      5.618     0.616    -1.637
      5.611     0.617    -1.639
      5.604     0.618    -1.641
      5.598     0.619    -1.644
      5.591     0.620    -1.646
      5.585     0.621    -1.648
      5.578     0.623    -1.651
      5.572     0.624    -1.653
      5.565     0.625    -1.655
      5.558     0.626    -1.658
      5.552     0.627    -1.660
      5.545     0.628    -1.662
      5.538     0.629    -1.665
      5.532     0.630    -1.667
      5.525     0.631    -1.669
      5.518     0.632    -1.672
      5.512     0.634    -1.674
      5.505     0.635    -1.676
      5.498     0.636    -1.678
      5.492     0.637    -1.681
      5.485     0.638    -1.683
      5.479     0.639    -1.685
      5.472     0.640    -1.687
      5.465     0.641    -1.690
      5.459     0.642    -1.692
      5.452     0.643    -1.694
      5.445     0.644    -1.697
      5.439     0.645    -1.699
      5.432     0.646    -1.701
      5.425     0.647    -1.703
      5.419     0.648    -1.706
      5.412     0.649    -1.708
      5.405     0.650    -1.710
      5.398     0.651    -1.712
      5.392     0.652    -1.715
      5.385     0.653    -1.717
      5.378     0.654    -1.719
      5.371     0.655    -1.721
      5.364     0.656    -1.724
      5.356     0.657    -1.726
      5.349     0.658    -1.729
      5.341     0.659    -1.731
      5.335     0.660    -1.733
      5.328     0.661    -1.736
      5.321     0.662    -1.738
      5.314     0.663    -1.740
      5.308     0.664    -1.742
      5.301     0.665    -1.744
      5.295     0.666    -1.746
      5.288     0.667    -1.749
      5.281     0.668    -1.751
      5.275     0.669    -1.753
      5.268     0.670    -1.755
      5.261     0.671    -1.757
      5.254     0.672    -1.759
      5.248     0.673    -1.761
      5.241     0.674    -1.764
      5.234     0.674    -1.766
      5.227     0.675    -1.768
      5.220     0.676    -1.770
      5.214     0.677    -1.772
      5.207     0.678    -1.774
      5.200     0.679    -1.776
      5.193     0.680    -1.778
      5.187     0.681    -1.780
      5.179     0.682    -1.783
      5.172     0.683    -1.785
      5.164     0.684    -1.787
      5.157     0.685    -1.790
      5.149     0.686    -1.792
      5.143     0.687    -1.794
      5.136     0.687    -1.796
      5.129     0.688    -1.798
      5.122     0.689    -1.800
      5.115     0.690    -1.802
      5.109     0.691    -1.804
      5.102     0.692    -1.806
      5.094     0.693    -1.808
      5.087     0.694    -1.811
      5.079     0.695    -1.813
      5.072     0.695    -1.815
      5.064     0.696    -1.817
      5.057     0.697    -1.819
      5.049     0.698    -1.821
      5.042     0.699    -1.824
      5.034     0.700    -1.826
      5.027     0.701    -1.828
      5.020     0.702    -1.830
      5.012     0.703    -1.832
      5.005     0.704    -1.834
      4.997     0.705    -1.836
      4.991     0.705    -1.838
      4.984     0.706    -1.840
      4.977     0.707    -1.842
      4.970     0.708    -1.844
      4.963     0.709    -1.846
      4.957     0.709    -1.848
      4.950     0.710    -1.850
      4.943     0.711    -1.852
      4.936     0.712    -1.853
      4.930     0.713    -1.855
      4.923     0.713    -1.857
      4.916     0.714    -1.859
      4.909     0.715    -1.861
      4.902     0.716    -1.863
      4.895     0.717    -1.865
      4.888     0.717    -1.866
      4.882     0.718    -1.868
      4.875     0.719    -1.870
      4.868     0.720    -1.872
      4.861     0.720    -1.874
      4.854     0.721    -1.876
      4.847     0.722    -1.877
      4.840     0.723    -1.879
      4.833     0.724    -1.881
      4.825     0.724    -1.883
      4.818     0.725    -1.885
      4.810     0.726    -1.887
      4.803     0.727    -1.889
      4.796     0.728    -1.891
      4.789     0.729    -1.892
      4.782     0.729    -1.894
      4.775     0.730    -1.896
      4.768     0.731    -1.898
      4.761     0.732    -1.899
      4.754     0.732    -1.901
      4.747     0.733    -1.903
      4.739     0.734    -1.905
      4.732     0.735    -1.907
      4.724     0.736    -1.908
      4.716     0.737    -1.910
      4.709     0.737    -1.912
      4.701     0.738    -1.914
      4.694     0.739    -1.916
      4.686     0.740    -1.918
      4.678     0.741    -1.919
      4.671     0.742    -1.921
      4.663     0.742    -1.923
      4.656     0.743    -1.925
      4.648     0.744    -1.927
      4.642     0.745    -1.928
      4.635     0.745    -1.930
      4.628     0.746    -1.931
      4.621     0.747    -1.933
      4.614     0.748    -1.935
      4.607     0.748    -1.936
      4.600     0.749    -1.938
      4.592     0.750    -1.939
      4.585     0.751    -1.941
      4.577     0.752    -1.943
      4.569     0.752    -1.944
      4.562     0.753    -1.946
      4.554     0.754    -1.948
      4.547     0.755    -1.950
      4.539     0.756    -1.951
      4.531     0.756    -1.953
      4.524     0.757    -1.954
      4.516     0.758    -1.956
      4.509     0.759    -1.958
      4.501     0.760    -1.959
      4.494     0.760    -1.961
      4.486     0.761    -1.962
      4.478     0.762    -1.964
      4.471     0.763    -1.966
      4.463     0.763    -1.967
      4.455     0.764    -1.969
      4.448     0.765    -1.970
      4.440     0.766    -1.972
      4.433     0.767    -1.973
      4.425     0.767    -1.975
      4.418     0.768    -1.976
      4.410     0.769    -1.978
      4.402     0.770    -1.980
      4.394     0.770    -1.981
      4.387     0.771    -1.983
      4.379     0.772    -1.984
      4.371     0.773    -1.986
      4.364     0.774    -1.987
      4.357     0.774    -1.988
      4.349     0.775    -1.990
      4.342     0.776    -1.991
      4.334     0.777    -1.993
      4.327     0.777    -1.994
      4.320     0.778    -1.995
      4.313     0.779    -1.997
      4.306     0.779    -1.998
      4.299     0.780    -1.999
      4.292     0.781    -2.000
      4.285     0.781    -2.002
      4.278     0.782    -2.003
      4.271     0.783    -2.004
      4.264     0.783    -2.005
      4.257     0.784    -2.007
      4.250     0.785    -2.008
      4.243     0.785    -2.009
      4.237     0.786    -2.010
      4.230     0.787    -2.011
      4.223     0.787    -2.013
      4.216     0.788    -2.014
      4.209     0.789    -2.015
      4.202     0.790    -2.016
      4.195     0.790    -2.017
      4.188     0.791    -2.018
      4.181     0.791    -2.020
      4.174     0.792    -2.021
      4.167     0.793    -2.022
      4.160     0.793    -2.023
      4.153     0.794    -2.024
      4.146     0.795    -2.025
      4.139     0.795    -2.026
      4.132     0.796    -2.027
      4.125     0.797    -2.029
      4.118     0.797    -2.030
      4.111     0.798    -2.031
      4.104     0.799    -2.032
      4.097     0.799    -2.033
      4.090     0.800    -2.034
      4.083     0.801    -2.035
      4.076     0.801    -2.036
      4.069     0.802    -2.037
      4.062     0.802    -2.038
      4.055     0.803    -2.039
      4.048     0.804    -2.040
      4.041     0.804    -2.041
      4.034     0.805    -2.042
      4.027     0.806    -2.043
      4.020     0.806    -2.044
      4.013     0.807    -2.045
      4.006     0.807    -2.046
      3.999     0.808    -2.047
      3.992     0.809    -2.048
      3.985     0.809    -2.049
      3.978     0.810    -2.050
      3.971     0.810    -2.051
      3.964     0.811    -2.052
      3.957     0.812    -2.053
      3.949     0.812    -2.054
      3.941     0.813    -2.055
      3.933     0.814    -2.056
      3.926     0.814    -2.057
      3.918     0.815    -2.058
      3.911     0.815    -2.059
      3.904     0.816    -2.060
      3.897     0.817    -2.061
      3.890     0.817    -2.062
      3.882     0.818    -2.063
      3.876     0.818    -2.064
      3.869     0.819    -2.064
      3.862     0.819    -2.065
      3.855     0.820    -2.066
      3.848     0.820    -2.067
      3.841     0.821    -2.068
      3.834     0.822    -2.069
      3.826     0.822    -2.069
      3.819     0.823    -2.070
      3.812     0.823    -2.071
      3.805     0.824    -2.072
      3.798     0.824    -2.073
      3.791     0.825    -2.074
      3.784     0.825    -2.074
      3.777     0.826    -2.075
      3.770     0.826    -2.076
      3.763     0.827    -2.077
      3.756     0.827    -2.077
      3.748     0.828    -2.078
      3.740     0.828    -2.079
      3.732     0.829    -2.080
      3.724     0.830    -2.081
      3.717     0.830    -2.082
      3.710     0.831    -2.082
      3.702     0.831    -2.083
      3.695     0.832    -2.084
      3.688     0.832    -2.085
      3.681     0.832    -2.085
      3.674     0.833    -2.086
      3.667     0.833    -2.087
      3.659     0.834    -2.087
      3.651     0.834    -2.088
      3.644     0.835    -2.089
      3.636     0.835    -2.090
      3.628     0.836    -2.090
      3.620     0.836    -2.091
      3.612     0.837    -2.092
      3.605     0.837    -2.093
      3.597     0.838    -2.093
      3.589     0.838    -2.094
      3.581     0.839    -2.095
      3.574     0.839    -2.095
      3.566     0.839    -2.096
      3.558     0.840    -2.097
      3.551     0.840    -2.097
      3.544     0.841    -2.098
      3.537     0.841    -2.099
      3.530     0.841    -2.099
      3.523     0.842    -2.100
      3.516     0.842    -2.101
      3.509     0.842    -2.101
      3.502     0.843    -2.102
      3.495     0.843    -2.102
      3.488     0.843    -2.103
      3.481     0.844    -2.103
      3.473     0.844    -2.104
      3.466     0.844    -2.105
      3.459     0.845    -2.105
      3.452     0.845    -2.106
      3.445     0.845    -2.106
      3.438     0.845    -2.107
      3.431     0.846    -2.107
      3.424     0.846    -2.108
      3.417     0.846    -2.108
      3.409     0.846    -2.109
      3.402     0.847    -2.109
      3.395     0.847    -2.110
      3.387     0.847    -2.111
      3.380     0.848    -2.111
      3.372     0.848    -2.112
      3.364     0.848    -2.112
      3.356     0.848    -2.113
      3.349     0.848    -2.113
      3.342     0.849    -2.114
      3.335     0.849    -2.114
      3.327     0.849    -2.115
      3.320     0.849    -2.115
      3.313     0.849    -2.116
      3.306     0.849    -2.116
      3.298     0.850    -2.117
      3.290     0.850    -2.117
      3.283     0.850    -2.118
      3.275     0.850    -2.118
      3.267     0.850    -2.119
      3.259     0.850    -2.119
      3.251     0.850    -2.120
      3.243     0.851    -2.120
      3.236     0.851    -2.121
      3.228     0.851    -2.121
      3.220     0.851    -2.122
      3.212     0.851    -2.122
      3.205     0.851    -2.123
      3.197     0.851    -2.123
      3.190     0.851    -2.124
      3.183     0.851    -2.124
      3.175     0.851    -2.124
      3.168     0.851    -2.125
      3.161     0.851    -2.125
      3.154     0.851    -2.126
      3.147     0.851    -2.126
      3.139     0.851    -2.126
      3.131     0.851    -2.127
      3.123     0.851    -2.127
      3.116     0.851    -2.128
      3.108     0.851    -2.128
      3.100     0.851    -2.129
      3.092     0.850    -2.129
      3.084     0.850    -2.129
      3.076     0.850    -2.130
      3.068     0.850    -2.130
      3.061     0.850    -2.131
      3.053     0.850    -2.131
      3.045     0.850    -2.132
      3.038     0.849    -2.132
      3.030     0.849    -2.132
      3.022     0.849    -2.133
      3.014     0.849    -2.133
      3.006     0.848    -2.134
      2.998     0.848    -2.134
      2.991     0.848    -2.134
      2.983     0.848    -2.135
      2.975     0.847    -2.135
      2.967     0.847    -2.135
      2.960     0.847    -2.136
      2.952     0.846    -2.136
      2.944     0.846    -2.137
      2.936     0.846    -2.137
      2.928     0.845    -2.137
      2.920     0.845    -2.138
      2.912     0.845    -2.138
      2.905     0.844    -2.138
      2.898     0.844    -2.139
      2.891     0.843    -2.139
      2.884     0.843    -2.139
      2.877     0.843    -2.140
      2.870     0.842    -2.140
      2.863     0.842    -2.140
      2.856     0.841    -2.141
      2.849     0.841    -2.141
      2.842     0.840    -2.141
      2.835     0.840    -2.141
      2.828     0.839    -2.142
      2.820     0.839    -2.142
      2.813     0.838    -2.142
      2.806     0.838    -2.143
      2.799     0.837    -2.143
      2.792     0.837    -2.143
      2.785     0.836    -2.143
      2.778     0.835    -2.144
      2.771     0.835    -2.144
      2.764     0.834    -2.144
      2.756     0.834    -2.145
      2.749     0.833    -2.145
      2.741     0.832    -2.145
      2.734     0.831    -2.145
      2.726     0.831    -2.146
      2.718     0.830    -2.146
      2.710     0.829    -2.146
      2.703     0.828    -2.147
      2.696     0.828    -2.147
      2.689     0.827    -2.147
      2.682     0.826    -2.147
      2.675     0.825    -2.148
      2.668     0.825    -2.148
      2.661     0.824    -2.148
      2.653     0.823    -2.148
      2.645     0.822    -2.149
      2.637     0.821    -2.149
      2.629     0.820    -2.149
      2.622     0.819    -2.150
      2.614     0.818    -2.150
      2.606     0.817    -2.150
      2.598     0.816    -2.150
      2.590     0.815    -2.151
      2.583     0.814    -2.151
      2.575     0.813    -2.151
      2.567     0.811    -2.151
      2.560     0.810    -2.152
      2.552     0.809    -2.152
      2.545     0.808    -2.152
      2.538     0.807    -2.152
      2.531     0.806    -2.153
      2.524     0.805    -2.153
      2.517     0.804    -2.153
      2.510     0.802    -2.153
      2.503     0.801    -2.153
      2.495     0.800    -2.154
      2.487     0.799    -2.154
      2.480     0.797    -2.154
      2.472     0.796    -2.154
      2.464     0.795    -2.155
      2.456     0.793    -2.155
      2.449     0.792    -2.155
      2.441     0.790    -2.155
      2.433     0.789    -2.156
      2.425     0.787    -2.156
      2.418     0.786    -2.156
      2.410     0.784    -2.156
      2.403     0.783    -2.156
      2.395     0.781    -2.157
      2.387     0.780    -2.157
      2.380     0.778    -2.157
      2.372     0.777    -2.157
      2.364     0.775    -2.158
      2.357     0.773    -2.158
      2.349     0.772    -2.158
      2.342     0.770    -2.158
      2.334     0.768    -2.159
      2.327     0.767    -2.159
      2.319     0.765    -2.159
      2.311     0.763    -2.159
      2.304     0.761    -2.159
      2.296     0.759    -2.160
      2.288     0.758    -2.160
      2.281     0.756    -2.160
      2.273     0.754    -2.160
      2.266     0.752    -2.161
      2.259     0.750    -2.161
      2.252     0.749    -2.161
      2.245     0.747    -2.161
      2.238     0.745    -2.162
      2.231     0.743    -2.162
      2.225     0.741    -2.162
      2.217     0.739    -2.162
      2.209     0.737    -2.162
      2.202     0.735    -2.163
      2.194     0.733    -2.163
      2.187     0.731    -2.163
      2.179     0.729    -2.163
      2.172     0.726    -2.164
      2.164     0.724    -2.164
      2.156     0.722    -2.164
      2.149     0.720    -2.164
      2.142     0.717    -2.165
      2.134     0.715    -2.165
      2.127     0.713    -2.165
      2.120     0.710    -2.165
      2.112     0.708    -2.166
      2.105     0.706    -2.166
      2.097     0.703    -2.166
      2.090     0.701    -2.166
      2.082     0.698    -2.167
      2.075     0.696    -2.167
      2.068     0.693    -2.167
      2.060     0.691    -2.167
      2.053     0.688    -2.168
      2.046     0.686    -2.168
      2.038     0.683    -2.168
      2.031     0.680    -2.169
      2.023     0.678    -2.169
      2.016     0.675    -2.169
      2.009     0.672    -2.169
      2.001     0.669    -2.170
      1.994     0.666    -2.170
      1.987     0.664    -2.170
      1.979     0.661    -2.171
      1.972     0.658    -2.171
      1.965     0.655    -2.171
      1.958     0.652    -2.171
      1.950     0.649    -2.172
      1.943     0.646    -2.172
      1.936     0.643    -2.172
      1.929     0.640    -2.173
      1.922     0.637    -2.173
      1.914     0.634    -2.173
      1.907     0.631    -2.174
      1.900     0.628    -2.174
      1.893     0.625    -2.174
      1.886     0.621    -2.174
      1.879     0.618    -2.175
      1.871     0.615    -2.175
      1.864     0.611    -2.175
      1.857     0.608    -2.176
      1.850     0.605    -2.176
      1.843     0.601    -2.176
      1.836     0.598    -2.177
      1.829     0.595    -2.177
      1.823     0.592    -2.177
      1.816     0.588    -2.178
      1.810     0.585    -2.178
      1.803     0.582    -2.178
      1.797     0.579    -2.179
