Count of Points:809

WCS coordinates of Points:
      7.500     0.007    -0.994
      7.493     0.009    -0.995
      7.486     0.011    -0.996
      7.478     0.013    -0.997
      7.471     0.015    -0.998
      7.464     0.017    -0.999
      7.457     0.018    -1.000
      7.450     0.020    -1.001
      7.442     0.022    -1.003
      7.435     0.024    -1.004
      7.427     0.026    -1.005
      7.420     0.028    -1.006
      7.412     0.030    -1.008
      7.405     0.032    -1.009
      7.397     0.034    -1.010
      7.390     0.036    -1.012
      7.382     0.038    -1.013
      7.375     0.040    -1.014
      7.367     0.042    -1.016
      7.360     0.044    -1.017
      7.352     0.046    -1.018
      7.345     0.048    -1.020
      7.338     0.050    -1.021
      7.331     0.052    -1.022
      7.324     0.054    -1.024
      7.317     0.056    -1.025
      7.310     0.058    -1.027
      7.302     0.060    -1.028
      7.295     0.062    -1.030
      7.287     0.064    -1.031
      7.280     0.067    -1.033
      7.273     0.069    -1.034
      7.266     0.071    -1.036
      7.259     0.073    -1.037
      7.252     0.075    -1.039
      7.245     0.077    -1.040
      7.238     0.079    -1.042
      7.231     0.081    -1.043
      7.224     0.083    -1.045
      7.217     0.085    -1.046
      7.210     0.087    -1.048
      7.203     0.089    -1.050
      7.196     0.091    -1.051
      7.189     0.093    -1.053
      7.182     0.095    -1.054
      7.175     0.097    -1.056
      7.168     0.099    -1.058
      7.161     0.101    -1.059
      7.153     0.103    -1.061
      7.146     0.105    -1.063
      7.139     0.108    -1.065
      7.131     0.110    -1.067
      7.124     0.112    -1.068
      7.117     0.114    -1.070
      7.110     0.116    -1.072
      7.104     0.118    -1.073
      7.097     0.120    -1.075
      7.090     0.122    -1.077
      7.083     0.124    -1.079
      7.076     0.126    -1.081
      7.069     0.128    -1.082
      7.062     0.131    -1.084
      7.055     0.133    -1.086
      7.049     0.135    -1.088
      7.042     0.137    -1.089
      7.035     0.139    -1.091
      7.028     0.141    -1.093
      7.021     0.143    -1.095
      7.014     0.145    -1.097
      7.008     0.147    -1.099
      7.001     0.149    -1.101
      6.994     0.151    -1.102
      6.987     0.153    -1.104
      6.980     0.155    -1.106
      6.974     0.157    -1.108
      6.967     0.160    -1.110
      6.960     0.162    -1.112
      6.953     0.164    -1.114
      6.946     0.166    -1.116
      6.939     0.168    -1.118
      6.932     0.170    -1.120
      6.926     0.172    -1.122
      6.918     0.174    -1.124
      6.911     0.177    -1.126
      6.904     0.179    -1.128
      6.897     0.181    -1.130
      6.889     0.183    -1.132
      6.882     0.185    -1.135
      6.875     0.188    -1.137
      6.868     0.190    -1.139
      6.862     0.192    -1.141
      6.855     0.194    -1.143
      6.848     0.196    -1.145
      6.841     0.198    -1.147
      6.834     0.200    -1.149
      6.828     0.202    -1.151
      6.821     0.204    -1.153
      6.814     0.206    -1.155
      6.807     0.208    -1.157
      6.801     0.210    -1.160
      6.794     0.212    -1.162
      6.787     0.214    -1.164
      6.780     0.216    -1.166
      6.774     0.219    -1.168
      6.767     0.221    -1.170
      6.760     0.223    -1.172
      6.753     0.225    -1.175
      6.746     0.227    -1.177
      6.740     0.229    -1.179
      6.733     0.231    -1.181
      6.726     0.233    -1.183
      6.720     0.235    -1.185
      6.713     0.237    -1.187
      6.706     0.239    -1.190
      6.699     0.241    -1.192
      6.692     0.243    -1.194
      6.686     0.245    -1.196
      6.679     0.247    -1.199
      6.672     0.249    -1.201
      6.665     0.251    -1.203
      6.658     0.253    -1.205
      6.652     0.255    -1.208
      6.645     0.257    -1.210
      6.638     0.259    -1.212
      6.631     0.261    -1.214
      6.625     0.263    -1.216
      6.618     0.264    -1.219
      6.611     0.266    -1.221
      6.604     0.268    -1.223
      6.598     0.270    -1.226
      6.591     0.272    -1.228
      6.584     0.274    -1.230
      6.577     0.276    -1.233
      6.570     0.278    -1.235
      6.564     0.280    -1.237
      6.557     0.282    -1.239
      6.550     0.284    -1.242
      6.543     0.286    -1.244
      6.536     0.288    -1.246
      6.530     0.290    -1.249
      6.523     0.292    -1.251
      6.515     0.294    -1.254
      6.508     0.296    -1.256
      6.500     0.298    -1.259
      6.493     0.300    -1.262
      6.485     0.302    -1.264
      6.478     0.304    -1.267
      6.471     0.306    -1.269
      6.464     0.308    -1.272
      6.457     0.310    -1.274
      6.449     0.312    -1.277
      6.442     0.314    -1.279
      6.435     0.316    -1.282
      6.429     0.318    -1.284
      6.422     0.319    -1.286
      6.415     0.321    -1.289
      6.408     0.323    -1.291
      6.402     0.325    -1.294
      6.395     0.327    -1.296
      6.388     0.329    -1.298
      6.381     0.330    -1.301
      6.374     0.332    -1.303
      6.368     0.334    -1.306
      6.361     0.336    -1.308
      6.354     0.337    -1.310
      6.348     0.339    -1.313
      6.341     0.341    -1.315
      6.334     0.343    -1.318
      6.327     0.344    -1.320
      6.321     0.346    -1.322
      6.314     0.348    -1.325
      6.307     0.350    -1.327
      6.300     0.351    -1.330
      6.294     0.353    -1.332
      6.287     0.355    -1.334
      6.280     0.356    -1.337
      6.273     0.358    -1.339
      6.267     0.360    -1.342
      6.260     0.362    -1.344
      6.253     0.363    -1.347
      6.246     0.365    -1.349
      6.239     0.367    -1.352
      6.233     0.368    -1.354
      6.226     0.370    -1.356
      6.219     0.372    -1.359
      6.212     0.373    -1.361
      6.205     0.375    -1.364
      6.199     0.377    -1.366
      6.192     0.378    -1.369
      6.185     0.380    -1.371
      6.179     0.382    -1.374
      6.172     0.383    -1.376
      6.165     0.385    -1.378
      6.158     0.387    -1.381
      6.151     0.388    -1.383
      6.144     0.390    -1.386
      6.138     0.391    -1.388
      6.131     0.393    -1.391
      6.124     0.395    -1.393
      6.117     0.396    -1.396
      6.110     0.398    -1.398
      6.103     0.399    -1.401
      6.097     0.401    -1.403
      6.090     0.403    -1.406
      6.083     0.404    -1.408
      6.075     0.406    -1.411
      6.068     0.408    -1.414
      6.060     0.409    -1.416
      6.053     0.411    -1.419
      6.045     0.413    -1.422
      6.038     0.414    -1.424
      6.032     0.416    -1.427
      6.025     0.417    -1.429
      6.018     0.419    -1.432
      6.011     0.420    -1.434
      6.004     0.422    -1.436
      5.998     0.423    -1.439
      5.991     0.425    -1.441
      5.984     0.426    -1.444
      5.977     0.428    -1.446
      5.970     0.429    -1.449
      5.964     0.431    -1.451
      5.957     0.432    -1.454
      5.950     0.434    -1.456
      5.943     0.435    -1.459
      5.936     0.437    -1.461
      5.929     0.438    -1.463
      5.922     0.440    -1.466
      5.916     0.441    -1.468
      5.909     0.443    -1.471
      5.902     0.444    -1.473
      5.895     0.446    -1.476
      5.888     0.447    -1.478
      5.880     0.449    -1.481
      5.873     0.450    -1.484
      5.865     0.452    -1.486
      5.858     0.453    -1.489
      5.850     0.455    -1.492
      5.843     0.456    -1.494
      5.836     0.458    -1.497
      5.830     0.459    -1.499
      5.823     0.461    -1.501
      5.816     0.462    -1.504
      5.809     0.463    -1.506
      5.802     0.465    -1.509
      5.794     0.466    -1.511
      5.787     0.468    -1.514
      5.779     0.469    -1.517
      5.772     0.471    -1.519
      5.764     0.472    -1.522
      5.756     0.474    -1.525
      5.749     0.475    -1.527
      5.741     0.477    -1.530
      5.734     0.478    -1.533
      5.726     0.480    -1.535
      5.719     0.481    -1.538
      5.711     0.483    -1.541
      5.704     0.484    -1.543
      5.696     0.485    -1.546
      5.689     0.487    -1.548
      5.681     0.488    -1.551
      5.674     0.490    -1.553
      5.667     0.491    -1.556
      5.659     0.492    -1.558
      5.652     0.494    -1.561
      5.645     0.495    -1.563
      5.638     0.496    -1.566
      5.631     0.498    -1.568
      5.624     0.499    -1.570
      5.617     0.500    -1.573
      5.611     0.502    -1.575
      5.604     0.503    -1.577
      5.597     0.504    -1.580
      5.590     0.505    -1.582
      5.583     0.507    -1.584
      5.576     0.508    -1.587
      5.569     0.509    -1.589
      5.562     0.510    -1.591
      5.556     0.512    -1.594
      5.549     0.513    -1.596
      5.542     0.514    -1.598
      5.535     0.515    -1.601
      5.528     0.516    -1.603
      5.521     0.518    -1.605
      5.514     0.519    -1.607
      5.507     0.520    -1.610
      5.500     0.521    -1.612
      5.494     0.522    -1.614
      5.487     0.524    -1.617
      5.480     0.525    -1.619
      5.473     0.526    -1.621
      5.466     0.527    -1.623
      5.459     0.528    -1.626
      5.452     0.530    -1.628
      5.445     0.531    -1.630
      5.438     0.532    -1.632
      5.431     0.533    -1.635
      5.424     0.534    -1.637
      5.417     0.535    -1.639
      5.410     0.537    -1.641
      5.403     0.538    -1.644
      5.396     0.539    -1.646
      5.389     0.540    -1.648
      5.382     0.541    -1.650
      5.375     0.542    -1.652
      5.368     0.543    -1.655
      5.361     0.545    -1.657
      5.354     0.546    -1.659
      5.347     0.547    -1.661
      5.340     0.548    -1.663
      5.333     0.549    -1.665
      5.326     0.550    -1.668
      5.319     0.551    -1.670
      5.312     0.552    -1.672
      5.305     0.553    -1.674
      5.298     0.555    -1.676
      5.291     0.556    -1.678
      5.284     0.557    -1.681
      5.276     0.558    -1.683
      5.268     0.559    -1.685
      5.261     0.560    -1.688
      5.253     0.562    -1.690
      5.245     0.563    -1.692
      5.238     0.564    -1.694
      5.231     0.565    -1.696
      5.224     0.566    -1.698
      5.217     0.567    -1.701
      5.210     0.568    -1.703
      5.203     0.569    -1.705
      5.196     0.570    -1.707
      5.189     0.571    -1.709
      5.182     0.572    -1.711
      5.175     0.573    -1.713
      5.168     0.574    -1.715
      5.161     0.575    -1.717
      5.154     0.576    -1.719
      5.147     0.577    -1.721
      5.140     0.578    -1.723
      5.132     0.579    -1.725
      5.125     0.580    -1.727
      5.118     0.581    -1.729
      5.111     0.582    -1.731
      5.104     0.583    -1.733
      5.097     0.584    -1.735
      5.090     0.585    -1.737
      5.083     0.586    -1.739
      5.075     0.588    -1.741
      5.067     0.589    -1.743
      5.059     0.590    -1.745
      5.051     0.591    -1.747
      5.044     0.592    -1.749
      5.036     0.593    -1.751
      5.029     0.594    -1.753
      5.022     0.595    -1.755
      5.015     0.596    -1.757
      5.008     0.597    -1.759
      5.001     0.598    -1.761
      4.994     0.599    -1.763
      4.986     0.600    -1.765
      4.978     0.601    -1.767
      4.970     0.602    -1.769
      4.962     0.603    -1.771
      4.954     0.604    -1.773
      4.947     0.605    -1.775
      4.939     0.606    -1.777
      4.931     0.607    -1.779
      4.923     0.608    -1.781
      4.915     0.609    -1.783
      4.907     0.610    -1.785
      4.900     0.611    -1.787
      4.892     0.613    -1.789
      4.884     0.614    -1.791
      4.877     0.614    -1.792
      4.870     0.615    -1.794
      4.863     0.616    -1.796
      4.855     0.617    -1.798
      4.848     0.618    -1.799
      4.841     0.619    -1.801
      4.834     0.620    -1.803
      4.827     0.621    -1.804
      4.820     0.622    -1.806
      4.813     0.623    -1.808
      4.806     0.624    -1.809
      4.799     0.625    -1.811
      4.791     0.626    -1.813
      4.784     0.627    -1.814
      4.777     0.628    -1.816
      4.770     0.629    -1.818
      4.763     0.629    -1.819
      4.755     0.630    -1.821
      4.748     0.631    -1.823
      4.741     0.632    -1.824
      4.734     0.633    -1.826
      4.727     0.634    -1.828
      4.719     0.635    -1.829
      4.711     0.636    -1.831
      4.704     0.637    -1.833
      4.696     0.638    -1.834
      4.688     0.639    -1.836
      4.680     0.640    -1.838
      4.673     0.641    -1.839
      4.665     0.642    -1.841
      4.658     0.643    -1.842
      4.651     0.644    -1.844
      4.644     0.645    -1.846
      4.636     0.646    -1.847
      4.629     0.647    -1.849
      4.621     0.648    -1.850
      4.613     0.649    -1.852
      4.605     0.650    -1.854
      4.597     0.651    -1.855
      4.589     0.652    -1.857
      4.581     0.653    -1.858
      4.573     0.654    -1.860
      4.565     0.655    -1.862
      4.558     0.656    -1.863
      4.550     0.657    -1.865
      4.542     0.658    -1.866
      4.534     0.659    -1.868
      4.526     0.660    -1.869
      4.518     0.661    -1.871
      4.511     0.662    -1.872
      4.504     0.662    -1.874
      4.496     0.663    -1.875
      4.489     0.664    -1.877
      4.482     0.665    -1.878
      4.475     0.666    -1.879
      4.467     0.667    -1.881
      4.459     0.668    -1.882
      4.451     0.669    -1.884
      4.443     0.670    -1.885
      4.435     0.671    -1.887
      4.427     0.672    -1.888
      4.419     0.673    -1.889
      4.411     0.674    -1.891
      4.403     0.675    -1.892
      4.395     0.676    -1.894
      4.387     0.677    -1.895
      4.380     0.678    -1.897
      4.372     0.679    -1.898
      4.364     0.680    -1.899
      4.356     0.681    -1.901
      4.348     0.682    -1.902
      4.340     0.683    -1.903
      4.332     0.684    -1.905
      4.324     0.685    -1.906
      4.316     0.686    -1.907
      4.308     0.687    -1.909
      4.300     0.688    -1.910
      4.292     0.689    -1.911
      4.284     0.689    -1.912
      4.276     0.690    -1.914
      4.268     0.691    -1.915
      4.260     0.692    -1.916
      4.252     0.693    -1.917
      4.244     0.694    -1.919
      4.236     0.695    -1.920
      4.228     0.696    -1.921
      4.220     0.697    -1.922
      4.213     0.698    -1.924
      4.205     0.699    -1.925
      4.197     0.700    -1.926
      4.189     0.701    -1.927
      4.182     0.702    -1.928
      4.174     0.702    -1.929
      4.167     0.703    -1.930
      4.160     0.704    -1.931
      4.152     0.705    -1.932
      4.145     0.706    -1.933
      4.138     0.707    -1.934
      4.130     0.707    -1.935
      4.123     0.708    -1.936
      4.116     0.709    -1.937
      4.109     0.710    -1.938
      4.101     0.711    -1.939
      4.094     0.712    -1.940
      4.087     0.712    -1.941
      4.080     0.713    -1.942
      4.072     0.714    -1.943
      4.065     0.715    -1.944
      4.058     0.716    -1.945
      4.050     0.716    -1.946
      4.043     0.717    -1.947
      4.036     0.718    -1.948
      4.029     0.719    -1.949
      4.022     0.720    -1.950
      4.014     0.720    -1.951
      4.007     0.721    -1.952
      4.000     0.722    -1.952
      3.992     0.723    -1.953
      3.985     0.724    -1.954
      3.978     0.724    -1.955
      3.970     0.725    -1.956
      3.963     0.726    -1.957
      3.956     0.727    -1.958
      3.948     0.728    -1.959
      3.941     0.728    -1.959
      3.934     0.729    -1.960
      3.926     0.730    -1.961
      3.919     0.731    -1.962
      3.912     0.731    -1.963
      3.905     0.732    -1.964
      3.897     0.733    -1.964
      3.890     0.734    -1.965
      3.883     0.735    -1.966
      3.875     0.735    -1.967
      3.868     0.736    -1.968
      3.861     0.737    -1.968
      3.853     0.738    -1.969
      3.846     0.738    -1.970
      3.839     0.739    -1.971
      3.831     0.740    -1.972
      3.824     0.740    -1.972
      3.816     0.741    -1.973
      3.809     0.742    -1.974
      3.802     0.743    -1.975
      3.794     0.743    -1.975
      3.786     0.744    -1.976
      3.778     0.745    -1.977
      3.770     0.746    -1.978
      3.762     0.746    -1.978
      3.754     0.747    -1.979
      3.746     0.748    -1.980
      3.739     0.749    -1.981
      3.732     0.749    -1.981
      3.724     0.750    -1.982
      3.717     0.751    -1.983
      3.710     0.751    -1.983
      3.702     0.752    -1.984
      3.695     0.753    -1.984
      3.688     0.753    -1.985
      3.681     0.754    -1.986
      3.673     0.754    -1.986
      3.666     0.755    -1.987
      3.658     0.756    -1.988
      3.651     0.756    -1.988
      3.644     0.757    -1.989
      3.636     0.758    -1.989
      3.629     0.758    -1.990
      3.622     0.759    -1.991
      3.614     0.759    -1.991
      3.607     0.760    -1.992
      3.599     0.761    -1.992
      3.592     0.761    -1.993
      3.585     0.762    -1.994
      3.576     0.762    -1.994
      3.568     0.763    -1.995
      3.560     0.764    -1.995
      3.552     0.764    -1.996
      3.544     0.765    -1.997
      3.536     0.765    -1.997
      3.529     0.766    -1.998
      3.522     0.766    -1.998
      3.514     0.767    -1.999
      3.507     0.767    -1.999
      3.499     0.768    -2.000
      3.492     0.768    -2.000
      3.484     0.769    -2.001
      3.476     0.769    -2.001
      3.468     0.770    -2.002
      3.459     0.770    -2.003
      3.451     0.771    -2.003
      3.443     0.771    -2.004
      3.435     0.772    -2.004
      3.427     0.772    -2.005
      3.419     0.773    -2.005
      3.410     0.773    -2.006
      3.402     0.774    -2.006
      3.394     0.774    -2.007
      3.386     0.775    -2.007
      3.378     0.775    -2.008
      3.371     0.775    -2.008
      3.364     0.776    -2.009
      3.356     0.776    -2.009
      3.349     0.776    -2.009
      3.341     0.777    -2.010
      3.334     0.777    -2.010
      3.327     0.777    -2.011
      3.320     0.778    -2.011
      3.312     0.778    -2.011
      3.305     0.778    -2.012
      3.297     0.779    -2.012
      3.290     0.779    -2.013
      3.283     0.779    -2.013
      3.275     0.779    -2.013
      3.268     0.780    -2.014
      3.260     0.780    -2.014
      3.253     0.780    -2.015
      3.245     0.780    -2.015
      3.238     0.781    -2.015
      3.231     0.781    -2.016
      3.223     0.781    -2.016
      3.216     0.781    -2.017
      3.208     0.781    -2.017
      3.200     0.782    -2.017
      3.192     0.782    -2.018
      3.184     0.782    -2.018
      3.176     0.782    -2.019
      3.167     0.782    -2.019
      3.160     0.782    -2.019
      3.152     0.782    -2.020
      3.145     0.783    -2.020
      3.138     0.783    -2.020
      3.130     0.783    -2.021
      3.123     0.783    -2.021
      3.115     0.783    -2.021
      3.107     0.783    -2.022
      3.099     0.783    -2.022
      3.091     0.783    -2.022
      3.083     0.783    -2.023
      3.074     0.783    -2.023
      3.066     0.783    -2.023
      3.058     0.783    -2.024
      3.050     0.783    -2.024
      3.042     0.783    -2.024
      3.034     0.783    -2.025
      3.025     0.783    -2.025
      3.017     0.783    -2.025
      3.009     0.782    -2.026
      3.001     0.782    -2.026
      2.994     0.782    -2.026
      2.987     0.782    -2.027
      2.979     0.782    -2.027
      2.972     0.782    -2.027
      2.964     0.782    -2.028
      2.957     0.781    -2.028
      2.949     0.781    -2.028
      2.941     0.781    -2.028
      2.933     0.781    -2.029
      2.925     0.780    -2.029
      2.917     0.780    -2.029
      2.908     0.780    -2.030
      2.900     0.779    -2.030
      2.892     0.779    -2.030
      2.884     0.779    -2.030
      2.876     0.778    -2.031
      2.868     0.778    -2.031
      2.860     0.778    -2.031
      2.852     0.777    -2.032
      2.843     0.777    -2.032
      2.835     0.776    -2.032
      2.827     0.776    -2.032
      2.819     0.775    -2.033
      2.811     0.775    -2.033
      2.803     0.774    -2.033
      2.795     0.774    -2.033
      2.787     0.773    -2.034
      2.779     0.773    -2.034
      2.771     0.772    -2.034
      2.763     0.772    -2.034
      2.754     0.771    -2.035
      2.746     0.770    -2.035
      2.738     0.770    -2.035
      2.730     0.769    -2.036
      2.722     0.768    -2.036
      2.714     0.768    -2.036
      2.705     0.767    -2.036
      2.698     0.766    -2.036
      2.691     0.765    -2.037
      2.683     0.765    -2.037
      2.676     0.764    -2.037
      2.668     0.763    -2.037
      2.661     0.762    -2.038
      2.654     0.762    -2.038
      2.647     0.761    -2.038
      2.639     0.760    -2.038
      2.632     0.759    -2.038
      2.625     0.758    -2.039
      2.617     0.758    -2.039
      2.610     0.757    -2.039
      2.602     0.756    -2.039
      2.595     0.755    -2.039
      2.588     0.754    -2.040
      2.580     0.753    -2.040
      2.573     0.752    -2.040
      2.566     0.751    -2.040
      2.558     0.750    -2.040
      2.551     0.749    -2.041
      2.543     0.748    -2.041
      2.536     0.747    -2.041
      2.528     0.746    -2.041
      2.520     0.745    -2.041
      2.512     0.744    -2.042
      2.504     0.742    -2.042
      2.496     0.741    -2.042
      2.488     0.740    -2.042
      2.481     0.739    -2.042
      2.474     0.738    -2.042
      2.466     0.736    -2.043
      2.459     0.735    -2.043
      2.452     0.734    -2.043
      2.444     0.733    -2.043
      2.436     0.731    -2.043
      2.428     0.730    -2.044
      2.420     0.728    -2.044
      2.412     0.727    -2.044
      2.404     0.725    -2.044
      2.396     0.724    -2.044
      2.388     0.722    -2.044
      2.380     0.721    -2.045
      2.372     0.719    -2.045
      2.364     0.718    -2.045
      2.356     0.716    -2.045
      2.348     0.714    -2.045
      2.340     0.713    -2.046
      2.332     0.711    -2.046
      2.325     0.710    -2.046
      2.318     0.708    -2.046
      2.310     0.706    -2.046
      2.303     0.705    -2.046
      2.296     0.703    -2.047
      2.289     0.701    -2.047
      2.281     0.700    -2.047
      2.273     0.698    -2.047
      2.265     0.696    -2.047
      2.258     0.694    -2.047
      2.250     0.692    -2.048
      2.242     0.690    -2.048
      2.234     0.688    -2.048
      2.226     0.686    -2.048
      2.218     0.684    -2.048
      2.210     0.682    -2.048
      2.202     0.680    -2.049
      2.194     0.678    -2.049
      2.186     0.676    -2.049
      2.179     0.674    -2.049
      2.171     0.671    -2.049
      2.163     0.669    -2.049
      2.155     0.667    -2.050
      2.147     0.665    -2.050
      2.139     0.662    -2.050
      2.132     0.660    -2.050
      2.124     0.658    -2.050
      2.116     0.655    -2.051
      2.109     0.653    -2.051
      2.101     0.651    -2.051
      2.093     0.648    -2.051
      2.085     0.646    -2.051
      2.077     0.643    -2.052
      2.070     0.641    -2.052
      2.062     0.638    -2.052
      2.054     0.636    -2.052
      2.046     0.633    -2.052
      2.039     0.631    -2.053
      2.032     0.628    -2.053
      2.025     0.626    -2.053
      2.018     0.623    -2.053
      2.011     0.621    -2.053
      2.004     0.618    -2.054
      1.997     0.616    -2.054
      1.989     0.613    -2.054
      1.982     0.610    -2.054
      1.974     0.607    -2.054
      1.966     0.604    -2.055
      1.959     0.601    -2.055
      1.951     0.598    -2.055
      1.944     0.595    -2.055
      1.936     0.592    -2.056
      1.928     0.589    -2.056
      1.921     0.586    -2.056
      1.913     0.583    -2.056
      1.906     0.580    -2.057
      1.898     0.577    -2.057
      1.891     0.574    -2.057
      1.884     0.571    -2.058
      1.876     0.568    -2.058
      1.868     0.564    -2.058
      1.861     0.561    -2.058
      1.854     0.558    -2.059
      1.846     0.554    -2.059
      1.839     0.551    -2.059
      1.832     0.548    -2.059
      1.824     0.544    -2.060
      1.817     0.541    -2.060
      1.809     0.537    -2.060
      1.802     0.534    -2.061
      1.795     0.530    -2.061
      1.787     0.527    -2.061
      1.780     0.523    -2.062
      1.773     0.519    -2.062
      1.765     0.516    -2.062
      1.758     0.512    -2.062
      1.751     0.508    -2.063
      1.744     0.504    -2.063
      1.736     0.500    -2.063
      1.729     0.497    -2.064
      1.722     0.493    -2.064
      1.715     0.489    -2.064
      1.708     0.485    -2.065
      1.701     0.481    -2.065
      1.694     0.477    -2.065
      1.687     0.473    -2.066
      1.680     0.469    -2.066
      1.673     0.465    -2.066
      1.666     0.460    -2.067
      1.659     0.456    -2.067
      1.652     0.452    -2.067
      1.645     0.448    -2.068
      1.638     0.443    -2.068
      1.631     0.439    -2.068
      1.624     0.435    -2.069
      1.617     0.430    -2.069
      1.610     0.426    -2.069
      1.604     0.422    -2.070
      1.597     0.417    -2.070
      1.591     0.413    -2.070
      1.585     0.409    -2.071
      1.579     0.405    -2.071
      1.573     0.400    -2.071
