Count of Points:53

WCS coordinates of Points:
      7.466     0.713    -1.203
      7.459     0.715    -1.205
      7.452     0.717    -1.207
      7.445     0.719    -1.208
      7.437     0.721    -1.210
      7.430     0.723    -1.211
      7.423     0.725    -1.213
      7.416     0.727    -1.215
      7.409     0.729    -1.216
      7.402     0.731    -1.218
      7.395     0.734    -1.220
      7.388     0.736    -1.221
      7.381     0.738    -1.223
      7.373     0.740    -1.225
      7.366     0.742    -1.227
      7.359     0.744    -1.228
      7.352     0.746    -1.230
      7.345     0.748    -1.232
      7.338     0.750    -1.234
      7.331     0.753    -1.236
      7.323     0.755    -1.238
      7.316     0.757    -1.239
      7.309     0.759    -1.241
      7.302     0.761    -1.243
      7.296     0.763    -1.245
      7.289     0.765    -1.247
      7.283     0.767    -1.248
      7.276     0.769    -1.250
      7.270     0.771    -1.252
      7.263     0.773    -1.254
      7.256     0.775    -1.255
      7.249     0.777    -1.257
      7.242     0.779    -1.259
      7.235     0.781    -1.261
      7.228     0.783    -1.263
      7.221     0.785    -1.265
      7.213     0.788    -1.267
      7.207     0.789    -1.269
      7.201     0.791    -1.271
      7.194     0.793    -1.273
      7.188     0.795    -1.275
      7.181     0.797    -1.277
      7.175     0.799    -1.279
      7.168     0.801    -1.280
      7.162     0.803    -1.282
      7.155     0.805    -1.284
      7.149     0.807    -1.286
      7.142     0.809    -1.288
      7.136     0.811    -1.290
      7.128     0.813    -1.292
      7.121     0.816    -1.295
      7.113     0.818    -1.297
      7.105     0.820    -1.299
