Count of Points:120

WCS coordinates of Points:
      7.486     0.452    -1.128
      7.480     0.454    -1.129
      7.473     0.456    -1.130
      7.466     0.458    -1.132
      7.459     0.460    -1.133
      7.452     0.462    -1.135
      7.446     0.463    -1.136
      7.439     0.465    -1.137
      7.431     0.467    -1.139
      7.424     0.470    -1.141
      7.417     0.472    -1.142
      7.409     0.474    -1.144
      7.402     0.476    -1.146
      7.394     0.478    -1.147
      7.387     0.480    -1.149
      7.379     0.482    -1.151
      7.372     0.484    -1.152
      7.365     0.486    -1.154
      7.357     0.489    -1.156
      7.350     0.491    -1.157
      7.343     0.493    -1.159
      7.336     0.495    -1.161
      7.328     0.497    -1.163
      7.321     0.499    -1.164
      7.313     0.501    -1.166
      7.306     0.503    -1.168
      7.299     0.506    -1.170
      7.291     0.508    -1.172
      7.284     0.510    -1.173
      7.277     0.512    -1.175
      7.270     0.514    -1.177
      7.262     0.516    -1.179
      7.255     0.518    -1.181
      7.248     0.521    -1.183
      7.240     0.523    -1.185
      7.233     0.525    -1.187
      7.226     0.527    -1.189
      7.218     0.529    -1.191
      7.211     0.532    -1.193
      7.204     0.534    -1.195
      7.196     0.536    -1.197
      7.189     0.538    -1.199
      7.182     0.540    -1.201
      7.174     0.542    -1.203
      7.167     0.545    -1.205
      7.160     0.547    -1.207
      7.153     0.549    -1.209
      7.146     0.551    -1.211
      7.138     0.553    -1.213
      7.131     0.555    -1.215
      7.124     0.558    -1.217
      7.116     0.560    -1.219
      7.109     0.562    -1.221
      7.102     0.564    -1.223
      7.095     0.566    -1.225
      7.087     0.569    -1.228
      7.080     0.571    -1.230
      7.073     0.573    -1.232
      7.065     0.575    -1.234
      7.058     0.577    -1.236
      7.051     0.579    -1.239
      7.044     0.581    -1.241
      7.037     0.583    -1.243
      7.031     0.585    -1.245
      7.024     0.587    -1.247
      7.017     0.589    -1.249
      7.011     0.591    -1.251
      7.004     0.594    -1.253
      6.996     0.596    -1.256
      6.989     0.598    -1.258
      6.982     0.600    -1.260
      6.975     0.602    -1.262
      6.968     0.604    -1.265
      6.960     0.606    -1.267
      6.953     0.609    -1.269
      6.946     0.611    -1.272
      6.939     0.613    -1.274
      6.932     0.615    -1.276
      6.924     0.617    -1.279
      6.917     0.619    -1.281
      6.910     0.621    -1.283
      6.903     0.623    -1.286
      6.896     0.626    -1.288
      6.888     0.628    -1.291
      6.881     0.630    -1.293
      6.874     0.632    -1.296
      6.867     0.634    -1.298
      6.859     0.636    -1.300
      6.852     0.638    -1.303
      6.845     0.640    -1.305
      6.838     0.642    -1.308
      6.832     0.644    -1.310
      6.825     0.646    -1.312
      6.819     0.648    -1.314
      6.812     0.650    -1.317
      6.805     0.652    -1.319
      6.798     0.654    -1.322
      6.791     0.656    -1.324
      6.784     0.658    -1.327
      6.776     0.660    -1.329
      6.769     0.662    -1.332
      6.762     0.664    -1.334
      6.755     0.666    -1.337
      6.748     0.668    -1.339
      6.742     0.670    -1.342
      6.735     0.672    -1.344
      6.728     0.674    -1.346
      6.722     0.675    -1.349
      6.715     0.677    -1.351
      6.709     0.679    -1.353
      6.702     0.681    -1.356
      6.695     0.683    -1.358
      6.689     0.685    -1.361
      6.682     0.686    -1.363
      6.676     0.688    -1.365
      6.669     0.690    -1.368
      6.663     0.692    -1.370
      6.657     0.693    -1.372
      6.651     0.695    -1.374
      6.645     0.697    -1.377
