Count of Points:867

WCS coordinates of Points:
      7.497    -0.209    -0.923
      7.489    -0.207    -0.924
      7.481    -0.205    -0.925
      7.473    -0.204    -0.926
      7.466    -0.202    -0.928
      7.458    -0.200    -0.929
      7.450    -0.198    -0.930
      7.442    -0.196    -0.931
      7.435    -0.194    -0.932
      7.428    -0.192    -0.933
      7.420    -0.190    -0.934
      7.413    -0.188    -0.935
      7.406    -0.187    -0.936
      7.399    -0.185    -0.937
      7.392    -0.183    -0.938
      7.385    -0.181    -0.939
      7.377    -0.179    -0.940
      7.370    -0.177    -0.942
      7.363    -0.175    -0.943
      7.356    -0.173    -0.944
      7.349    -0.172    -0.945
      7.343    -0.170    -0.946
      7.336    -0.168    -0.947
      7.329    -0.166    -0.948
      7.322    -0.164    -0.949
      7.315    -0.162    -0.951
      7.308    -0.161    -0.952
      7.301    -0.159    -0.953
      7.294    -0.157    -0.954
      7.287    -0.155    -0.956
      7.280    -0.153    -0.957
      7.273    -0.151    -0.958
      7.266    -0.149    -0.959
      7.260    -0.147    -0.961
      7.253    -0.145    -0.962
      7.246    -0.143    -0.963
      7.240    -0.141    -0.964
      7.233    -0.139    -0.966
      7.226    -0.137    -0.967
      7.220    -0.136    -0.968
      7.213    -0.134    -0.969
      7.206    -0.132    -0.971
      7.200    -0.130    -0.972
      7.193    -0.128    -0.973
      7.187    -0.126    -0.975
      7.180    -0.124    -0.976
      7.173    -0.122    -0.978
      7.166    -0.120    -0.979
      7.159    -0.118    -0.980
      7.151    -0.116    -0.982
      7.144    -0.114    -0.983
      7.138    -0.112    -0.985
      7.131    -0.110    -0.986
      7.125    -0.108    -0.988
      7.118    -0.106    -0.989
      7.111    -0.104    -0.991
      7.105    -0.102    -0.992
      7.098    -0.100    -0.993
      7.091    -0.098    -0.995
      7.085    -0.096    -0.996
      7.078    -0.094    -0.998
      7.072    -0.092    -0.999
      7.065    -0.090    -1.001
      7.059    -0.088    -1.002
      7.052    -0.086    -1.004
      7.046    -0.084    -1.005
      7.039    -0.082    -1.007
      7.033    -0.080    -1.009
      7.026    -0.078    -1.010
      7.019    -0.076    -1.012
      7.013    -0.074    -1.013
      7.007    -0.072    -1.015
      7.000    -0.070    -1.016
      6.994    -0.068    -1.018
      6.986    -0.066    -1.020
      6.978    -0.063    -1.022
      6.971    -0.061    -1.024
      6.963    -0.059    -1.026
      6.955    -0.056    -1.028
      6.948    -0.054    -1.030
      6.941    -0.052    -1.031
      6.934    -0.050    -1.033
      6.927    -0.048    -1.035
      6.920    -0.045    -1.037
      6.913    -0.043    -1.039
      6.906    -0.041    -1.040
      6.899    -0.039    -1.042
      6.893    -0.037    -1.044
      6.886    -0.035    -1.046
      6.880    -0.033    -1.047
      6.873    -0.031    -1.049
      6.867    -0.029    -1.051
      6.860    -0.027    -1.053
      6.854    -0.025    -1.055
      6.847    -0.023    -1.056
      6.841    -0.021    -1.058
      6.834    -0.019    -1.060
      6.828    -0.017    -1.062
      6.822    -0.015    -1.063
      6.815    -0.013    -1.065
      6.809    -0.011    -1.067
      6.802    -0.009    -1.069
      6.796    -0.007    -1.071
      6.789    -0.005    -1.073
      6.783    -0.003    -1.074
      6.776    -0.001    -1.076
      6.770     0.001    -1.078
      6.763     0.003    -1.080
      6.757     0.005    -1.082
      6.749     0.007    -1.084
      6.742     0.010    -1.086
      6.734     0.012    -1.089
      6.727     0.014    -1.091
      6.719     0.017    -1.093
      6.712     0.019    -1.095
      6.705     0.021    -1.097
      6.699     0.023    -1.099
      6.692     0.025    -1.101
      6.686     0.027    -1.103
      6.679     0.029    -1.105
      6.673     0.031    -1.107
      6.666     0.033    -1.109
      6.660     0.035    -1.111
      6.654     0.037    -1.113
      6.646     0.039    -1.115
      6.638     0.041    -1.117
      6.631     0.044    -1.120
      6.623     0.046    -1.122
      6.616     0.048    -1.124
      6.608     0.051    -1.127
      6.601     0.053    -1.129
      6.593     0.055    -1.131
      6.585     0.057    -1.134
      6.578     0.060    -1.136
      6.570     0.062    -1.138
      6.563     0.064    -1.141
      6.556     0.066    -1.143
      6.548     0.068    -1.145
      6.541     0.070    -1.148
      6.534     0.073    -1.150
      6.527     0.075    -1.152
      6.520     0.077    -1.154
      6.513     0.079    -1.156
      6.506     0.081    -1.159
      6.500     0.083    -1.161
      6.493     0.085    -1.163
      6.486     0.087    -1.165
      6.479     0.089    -1.167
      6.473     0.091    -1.169
      6.466     0.093    -1.171
      6.460     0.094    -1.174
      6.453     0.096    -1.176
      6.447     0.098    -1.178
      6.441     0.100    -1.180
      6.434     0.102    -1.182
      6.428     0.104    -1.184
      6.421     0.106    -1.186
      6.415     0.107    -1.188
      6.408     0.109    -1.190
      6.402     0.111    -1.192
      6.396     0.113    -1.194
      6.389     0.115    -1.197
      6.383     0.117    -1.199
      6.376     0.118    -1.201
      6.370     0.120    -1.203
      6.363     0.122    -1.205
      6.357     0.124    -1.207
      6.351     0.126    -1.209
      6.344     0.127    -1.211
      6.338     0.129    -1.214
      6.330     0.131    -1.216
      6.323     0.133    -1.219
      6.315     0.135    -1.221
      6.308     0.137    -1.224
      6.300     0.140    -1.226
      6.292     0.142    -1.229
      6.286     0.143    -1.231
      6.279     0.145    -1.233
      6.273     0.147    -1.235
      6.266     0.149    -1.237
      6.260     0.150    -1.239
      6.254     0.152    -1.241
      6.247     0.154    -1.244
      6.241     0.156    -1.246
      6.234     0.157    -1.248
      6.227     0.159    -1.250
      6.219     0.161    -1.253
      6.212     0.163    -1.255
      6.204     0.165    -1.258
      6.196     0.167    -1.261
      6.189     0.169    -1.263
      6.181     0.171    -1.266
      6.174     0.173    -1.268
      6.166     0.175    -1.271
      6.159     0.177    -1.273
      6.151     0.179    -1.276
      6.143     0.181    -1.278
      6.136     0.183    -1.281
      6.129     0.185    -1.283
      6.122     0.187    -1.285
      6.115     0.189    -1.288
      6.107     0.190    -1.290
      6.101     0.192    -1.292
      6.094     0.194    -1.295
      6.088     0.195    -1.297
      6.081     0.197    -1.299
      6.075     0.199    -1.301
      6.069     0.200    -1.303
      6.062     0.202    -1.305
      6.056     0.203    -1.308
      6.049     0.205    -1.310
      6.042     0.207    -1.312
      6.034     0.209    -1.315
      6.026     0.211    -1.317
      6.019     0.213    -1.320
      6.011     0.214    -1.322
      6.004     0.216    -1.325
      5.996     0.218    -1.327
      5.988     0.220    -1.330
      5.981     0.222    -1.332
      5.973     0.224    -1.335
      5.965     0.225    -1.338
      5.958     0.227    -1.340
      5.951     0.229    -1.342
      5.943     0.231    -1.345
      5.936     0.232    -1.347
      5.929     0.234    -1.350
      5.922     0.236    -1.352
      5.914     0.238    -1.354
      5.906     0.239    -1.357
      5.899     0.241    -1.360
      5.891     0.243    -1.362
      5.883     0.245    -1.365
      5.876     0.247    -1.367
      5.869     0.248    -1.369
      5.861     0.250    -1.372
      5.854     0.252    -1.374
      5.847     0.253    -1.376
      5.840     0.255    -1.379
      5.832     0.256    -1.381
      5.825     0.258    -1.384
      5.818     0.260    -1.386
      5.811     0.261    -1.388
      5.803     0.263    -1.391
      5.796     0.265    -1.393
      5.789     0.266    -1.395
      5.782     0.268    -1.397
      5.775     0.269    -1.400
      5.768     0.271    -1.402
      5.761     0.272    -1.404
      5.754     0.274    -1.406
      5.747     0.276    -1.409
      5.740     0.277    -1.411
      5.733     0.279    -1.413
      5.727     0.280    -1.415
      5.720     0.281    -1.417
      5.713     0.283    -1.419
      5.707     0.284    -1.421
      5.700     0.286    -1.423
      5.694     0.287    -1.426
      5.687     0.289    -1.428
      5.680     0.290    -1.430
      5.674     0.291    -1.432
      5.667     0.293    -1.434
      5.661     0.294    -1.436
      5.654     0.296    -1.438
      5.648     0.297    -1.440
      5.641     0.298    -1.442
      5.635     0.300    -1.444
      5.628     0.301    -1.446
      5.621     0.303    -1.448
      5.615     0.304    -1.450
      5.608     0.305    -1.452
      5.602     0.307    -1.454
      5.595     0.308    -1.456
      5.589     0.309    -1.458
      5.582     0.311    -1.460
      5.575     0.312    -1.462
      5.567     0.314    -1.465
      5.559     0.316    -1.467
      5.551     0.317    -1.470
      5.544     0.319    -1.472
      5.536     0.320    -1.474
      5.529     0.322    -1.476
      5.522     0.323    -1.478
      5.516     0.324    -1.480
      5.509     0.326    -1.482
      5.503     0.327    -1.484
      5.496     0.328    -1.486
      5.490     0.330    -1.488
      5.483     0.331    -1.490
      5.476     0.332    -1.492
      5.469     0.334    -1.494
      5.461     0.335    -1.496
      5.453     0.337    -1.499
      5.445     0.339    -1.501
      5.438     0.340    -1.503
      5.430     0.342    -1.506
      5.422     0.343    -1.508
      5.414     0.345    -1.510
      5.406     0.346    -1.512
      5.399     0.348    -1.515
      5.391     0.349    -1.517
      5.383     0.351    -1.519
      5.376     0.352    -1.521
      5.368     0.354    -1.523
      5.361     0.355    -1.525
      5.354     0.356    -1.527
      5.346     0.358    -1.529
      5.340     0.359    -1.531
      5.333     0.360    -1.533
      5.326     0.362    -1.535
      5.319     0.363    -1.537
      5.313     0.364    -1.539
      5.306     0.365    -1.540
      5.300     0.367    -1.542
      5.293     0.368    -1.544
      5.286     0.369    -1.546
      5.279     0.371    -1.548
      5.271     0.372    -1.550
      5.263     0.374    -1.552
      5.255     0.375    -1.554
      5.247     0.377    -1.556
      5.239     0.378    -1.558
      5.232     0.379    -1.560
      5.224     0.381    -1.563
      5.216     0.382    -1.565
      5.208     0.384    -1.567
      5.200     0.385    -1.569
      5.192     0.387    -1.571
      5.185     0.388    -1.573
      5.177     0.389    -1.574
      5.170     0.391    -1.576
      5.163     0.392    -1.578
      5.155     0.393    -1.580
      5.147     0.395    -1.582
      5.139     0.396    -1.584
      5.131     0.398    -1.586
      5.124     0.399    -1.588
      5.116     0.401    -1.590
      5.108     0.402    -1.592
      5.100     0.403    -1.594
      5.093     0.405    -1.596
      5.085     0.406    -1.597
      5.078     0.407    -1.599
      5.071     0.409    -1.601
      5.063     0.410    -1.603
      5.056     0.411    -1.604
      5.048     0.412    -1.606
      5.041     0.414    -1.608
      5.033     0.415    -1.610
      5.026     0.416    -1.611
      5.019     0.418    -1.613
      5.011     0.419    -1.615
      5.004     0.420    -1.617
      4.997     0.421    -1.618
      4.990     0.423    -1.620
      4.983     0.424    -1.621
      4.977     0.425    -1.623
      4.970     0.426    -1.624
      4.963     0.427    -1.626
      4.957     0.428    -1.627
      4.950     0.430    -1.629
      4.943     0.431    -1.630
      4.935     0.432    -1.632
      4.927     0.433    -1.634
      4.919     0.435    -1.635
      4.911     0.436    -1.637
      4.903     0.437    -1.639
      4.895     0.439    -1.641
      4.888     0.440    -1.642
      4.880     0.442    -1.644
      4.872     0.443    -1.646
      4.864     0.444    -1.647
      4.856     0.446    -1.649
      4.848     0.447    -1.651
      4.840     0.448    -1.652
      4.833     0.449    -1.654
      4.825     0.451    -1.655
      4.818     0.452    -1.657
      4.810     0.453    -1.658
      4.802     0.455    -1.660
      4.794     0.456    -1.661
      4.786     0.457    -1.663
      4.778     0.459    -1.664
      4.770     0.460    -1.666
      4.762     0.461    -1.668
      4.755     0.463    -1.669
      4.747     0.464    -1.670
      4.740     0.465    -1.672
      4.732     0.466    -1.673
      4.724     0.468    -1.675
      4.717     0.469    -1.676
      4.709     0.470    -1.677
      4.702     0.471    -1.679
      4.694     0.473    -1.680
      4.687     0.474    -1.682
      4.679     0.475    -1.683
      4.672     0.476    -1.684
      4.664     0.478    -1.686
      4.657     0.479    -1.687
      4.649     0.480    -1.688
      4.641     0.481    -1.690
      4.633     0.483    -1.691
      4.625     0.484    -1.693
      4.617     0.485    -1.694
      4.609     0.487    -1.695
      4.601     0.488    -1.697
      4.594     0.489    -1.698
      4.586     0.491    -1.699
      4.579     0.492    -1.700
      4.571     0.493    -1.702
      4.563     0.494    -1.703
      4.556     0.496    -1.704
      4.548     0.497    -1.705
      4.541     0.498    -1.707
      4.533     0.499    -1.708
      4.526     0.501    -1.709
      4.518     0.502    -1.710
      4.511     0.503    -1.711
      4.503     0.504    -1.713
      4.496     0.505    -1.714
      4.488     0.507    -1.715
      4.481     0.508    -1.716
      4.473     0.509    -1.717
      4.465     0.510    -1.718
      4.458     0.512    -1.720
      4.450     0.513    -1.721
      4.443     0.514    -1.722
      4.436     0.515    -1.723
      4.428     0.517    -1.724
      4.420     0.518    -1.725
      4.413     0.519    -1.726
      4.405     0.520    -1.727
      4.397     0.522    -1.728
      4.390     0.523    -1.730
      4.382     0.524    -1.731
      4.375     0.525    -1.732
      4.368     0.526    -1.733
      4.361     0.528    -1.734
      4.354     0.529    -1.735
      4.347     0.530    -1.736
      4.339     0.531    -1.737
      4.332     0.532    -1.738
      4.324     0.534    -1.739
      4.317     0.535    -1.740
      4.309     0.536    -1.741
      4.301     0.537    -1.742
      4.293     0.539    -1.743
      4.285     0.540    -1.744
      4.277     0.541    -1.745
      4.269     0.542    -1.746
      4.262     0.544    -1.747
      4.254     0.545    -1.748
      4.246     0.546    -1.749
      4.238     0.547    -1.750
      4.231     0.549    -1.751
      4.223     0.550    -1.752
      4.215     0.551    -1.753
      4.207     0.552    -1.754
      4.199     0.554    -1.755
      4.191     0.555    -1.756
      4.184     0.556    -1.756
      4.176     0.557    -1.757
      4.168     0.559    -1.758
      4.160     0.560    -1.759
      4.153     0.561    -1.760
      4.145     0.562    -1.761
      4.137     0.564    -1.762
      4.129     0.565    -1.763
      4.121     0.566    -1.764
      4.113     0.567    -1.764
      4.105     0.569    -1.765
      4.097     0.570    -1.766
      4.090     0.571    -1.767
      4.082     0.572    -1.768
      4.074     0.573    -1.769
      4.066     0.575    -1.770
      4.058     0.576    -1.770
      4.050     0.577    -1.771
      4.043     0.578    -1.772
      4.035     0.580    -1.773
      4.027     0.581    -1.774
      4.019     0.582    -1.774
      4.011     0.583    -1.775
      4.003     0.584    -1.776
      3.995     0.585    -1.777
      3.987     0.587    -1.777
      3.980     0.588    -1.778
      3.972     0.589    -1.779
      3.964     0.590    -1.780
      3.956     0.591    -1.780
      3.948     0.593    -1.781
      3.940     0.594    -1.782
      3.932     0.595    -1.783
      3.924     0.596    -1.783
      3.916     0.597    -1.784
      3.909     0.598    -1.785
      3.902     0.599    -1.785
      3.894     0.600    -1.786
      3.887     0.601    -1.786
      3.880     0.603    -1.787
      3.873     0.604    -1.788
      3.865     0.605    -1.788
      3.857     0.606    -1.789
      3.849     0.607    -1.790
      3.841     0.608    -1.790
      3.833     0.609    -1.791
      3.825     0.610    -1.792
      3.818     0.611    -1.792
      3.810     0.612    -1.793
      3.802     0.613    -1.793
      3.794     0.615    -1.794
      3.786     0.616    -1.795
      3.778     0.617    -1.795
      3.770     0.618    -1.796
      3.762     0.619    -1.796
      3.754     0.620    -1.797
      3.746     0.621    -1.797
      3.738     0.622    -1.798
      3.730     0.623    -1.799
      3.722     0.624    -1.799
      3.715     0.625    -1.800
      3.707     0.626    -1.800
      3.699     0.627    -1.801
      3.691     0.628    -1.801
      3.683     0.629    -1.802
      3.676     0.630    -1.802
      3.669     0.631    -1.803
      3.661     0.632    -1.803
      3.654     0.633    -1.804
      3.647     0.634    -1.804
      3.639     0.635    -1.804
      3.631     0.636    -1.805
      3.623     0.637    -1.805
      3.615     0.637    -1.806
      3.607     0.638    -1.806
      3.599     0.639    -1.807
      3.591     0.640    -1.807
      3.584     0.641    -1.808
      3.577     0.642    -1.808
      3.569     0.643    -1.808
      3.562     0.644    -1.809
      3.555     0.644    -1.809
      3.547     0.645    -1.810
      3.540     0.646    -1.810
      3.533     0.647    -1.810
      3.525     0.648    -1.811
      3.518     0.648    -1.811
      3.511     0.649    -1.812
      3.503     0.650    -1.812
      3.496     0.651    -1.812
      3.490     0.651    -1.813
      3.483     0.652    -1.813
      3.476     0.653    -1.813
      3.469     0.653    -1.814
      3.461     0.654    -1.814
      3.453     0.655    -1.814
      3.445     0.656    -1.815
      3.437     0.657    -1.815
      3.429     0.657    -1.816
      3.421     0.658    -1.816
      3.413     0.659    -1.816
      3.405     0.659    -1.817
      3.398     0.660    -1.817
      3.390     0.661    -1.817
      3.382     0.662    -1.818
      3.374     0.662    -1.818
      3.366     0.663    -1.818
      3.358     0.664    -1.819
      3.350     0.664    -1.819
      3.342     0.665    -1.819
      3.334     0.665    -1.820
      3.326     0.666    -1.820
      3.318     0.667    -1.820
      3.310     0.667    -1.820
      3.302     0.668    -1.821
      3.294     0.668    -1.821
      3.286     0.669    -1.821
      3.278     0.669    -1.822
      3.271     0.670    -1.822
      3.264     0.670    -1.822
      3.256     0.671    -1.822
      3.249     0.671    -1.823
      3.241     0.672    -1.823
      3.233     0.672    -1.823
      3.225     0.673    -1.823
      3.217     0.673    -1.824
      3.209     0.674    -1.824
      3.201     0.674    -1.824
      3.193     0.675    -1.825
      3.185     0.675    -1.825
      3.178     0.675    -1.825
      3.171     0.676    -1.825
      3.163     0.676    -1.825
      3.156     0.676    -1.826
      3.149     0.677    -1.826
      3.141     0.677    -1.826
      3.134     0.677    -1.826
      3.126     0.678    -1.827
      3.119     0.678    -1.827
      3.112     0.678    -1.827
      3.104     0.678    -1.827
      3.097     0.679    -1.827
      3.090     0.679    -1.828
      3.083     0.679    -1.828
      3.076     0.679    -1.828
      3.069     0.679    -1.828
      3.062     0.680    -1.828
      3.054     0.680    -1.829
      3.046     0.680    -1.829
      3.038     0.680    -1.829
      3.030     0.680    -1.829
      3.022     0.680    -1.830
      3.014     0.680    -1.830
      3.006     0.681    -1.830
      2.999     0.681    -1.830
      2.991     0.681    -1.830
      2.984     0.681    -1.831
      2.977     0.681    -1.831
      2.969     0.681    -1.831
      2.962     0.681    -1.831
      2.955     0.681    -1.831
      2.947     0.681    -1.832
      2.940     0.681    -1.832
      2.932     0.681    -1.832
      2.925     0.681    -1.832
      2.918     0.681    -1.832
      2.911     0.681    -1.832
      2.904     0.680    -1.833
      2.897     0.680    -1.833
      2.890     0.680    -1.833
      2.883     0.680    -1.833
      2.876     0.680    -1.833
      2.868     0.680    -1.833
      2.861     0.680    -1.834
      2.854     0.679    -1.834
      2.846     0.679    -1.834
      2.839     0.679    -1.834
      2.832     0.679    -1.834
      2.825     0.679    -1.834
      2.818     0.678    -1.834
      2.811     0.678    -1.835
      2.804     0.678    -1.835
      2.796     0.677    -1.835
      2.789     0.677    -1.835
      2.781     0.677    -1.835
      2.773     0.676    -1.835
      2.765     0.676    -1.836
      2.758     0.676    -1.836
      2.750     0.675    -1.836
      2.742     0.675    -1.836
      2.735     0.674    -1.836
      2.728     0.674    -1.836
      2.720     0.673    -1.836
      2.713     0.673    -1.837
      2.706     0.672    -1.837
      2.699     0.672    -1.837
      2.691     0.671    -1.837
      2.683     0.671    -1.837
      2.675     0.670    -1.837
      2.667     0.670    -1.837
      2.659     0.669    -1.837
      2.651     0.668    -1.838
      2.643     0.668    -1.838
      2.635     0.667    -1.838
      2.627     0.666    -1.838
      2.619     0.665    -1.838
      2.611     0.665    -1.838
      2.604     0.664    -1.838
      2.596     0.663    -1.839
      2.588     0.662    -1.839
      2.580     0.661    -1.839
      2.572     0.660    -1.839
      2.564     0.660    -1.839
      2.556     0.659    -1.839
      2.548     0.658    -1.839
      2.540     0.657    -1.839
      2.532     0.656    -1.839
      2.525     0.655    -1.840
      2.517     0.654    -1.840
      2.509     0.653    -1.840
      2.501     0.652    -1.840
      2.493     0.651    -1.840
      2.485     0.650    -1.840
      2.477     0.648    -1.840
      2.469     0.647    -1.840
      2.461     0.646    -1.841
      2.453     0.645    -1.841
      2.445     0.644    -1.841
      2.437     0.643    -1.841
      2.429     0.641    -1.841
      2.422     0.640    -1.841
      2.414     0.639    -1.841
      2.406     0.638    -1.841
      2.398     0.636    -1.841
      2.390     0.635    -1.841
      2.383     0.634    -1.842
      2.375     0.632    -1.842
      2.367     0.631    -1.842
      2.359     0.629    -1.842
      2.351     0.628    -1.842
      2.343     0.626    -1.842
      2.335     0.625    -1.842
      2.327     0.623    -1.842
      2.319     0.622    -1.842
      2.311     0.620    -1.842
      2.304     0.619    -1.843
      2.296     0.617    -1.843
      2.288     0.615    -1.843
      2.280     0.614    -1.843
      2.272     0.612    -1.843
      2.265     0.610    -1.843
      2.258     0.609    -1.843
      2.251     0.607    -1.843
      2.243     0.606    -1.843
      2.236     0.604    -1.843
      2.229     0.602    -1.844
      2.221     0.600    -1.844
      2.213     0.599    -1.844
      2.206     0.597    -1.844
      2.198     0.595    -1.844
      2.190     0.593    -1.844
      2.182     0.591    -1.844
      2.175     0.589    -1.844
      2.167     0.587    -1.844
      2.160     0.585    -1.844
      2.152     0.583    -1.845
      2.144     0.581    -1.845
      2.136     0.579    -1.845
      2.128     0.577    -1.845
      2.121     0.575    -1.845
      2.113     0.572    -1.845
      2.105     0.570    -1.845
      2.098     0.568    -1.845
      2.090     0.566    -1.845
      2.082     0.564    -1.846
      2.074     0.561    -1.846
      2.067     0.559    -1.846
      2.059     0.557    -1.846
      2.051     0.554    -1.846
      2.044     0.552    -1.846
      2.037     0.550    -1.846
      2.030     0.548    -1.846
      2.023     0.545    -1.846
      2.016     0.543    -1.847
      2.009     0.541    -1.847
      2.002     0.538    -1.847
      1.994     0.536    -1.847
      1.986     0.533    -1.847
      1.979     0.531    -1.847
      1.971     0.528    -1.847
      1.964     0.525    -1.847
      1.956     0.523    -1.848
      1.949     0.520    -1.848
      1.942     0.518    -1.848
      1.935     0.515    -1.848
      1.928     0.513    -1.848
      1.921     0.510    -1.848
      1.914     0.507    -1.848
      1.908     0.505    -1.848
      1.901     0.502    -1.849
      1.894     0.500    -1.849
      1.887     0.497    -1.849
      1.880     0.494    -1.849
      1.873     0.491    -1.849
      1.867     0.489    -1.849
      1.860     0.486    -1.849
      1.854     0.484    -1.850
      1.848     0.481    -1.850
      1.841     0.478    -1.850
      1.834     0.475    -1.850
      1.826     0.472    -1.850
      1.819     0.469    -1.850
      1.812     0.466    -1.850
      1.804     0.463    -1.851
      1.797     0.459    -1.851
      1.790     0.456    -1.851
      1.783     0.453    -1.851
      1.775     0.450    -1.851
      1.768     0.446    -1.851
      1.761     0.443    -1.852
      1.754     0.440    -1.852
      1.746     0.436    -1.852
      1.739     0.433    -1.852
      1.732     0.429    -1.852
      1.725     0.426    -1.853
      1.717     0.422    -1.853
      1.710     0.418    -1.853
      1.703     0.415    -1.853
      1.696     0.411    -1.853
      1.689     0.407    -1.853
      1.682     0.404    -1.854
      1.675     0.400    -1.854
      1.668     0.397    -1.854
      1.662     0.393    -1.854
      1.655     0.390    -1.854
      1.649     0.386    -1.855
      1.642     0.383    -1.855
      1.636     0.379    -1.855
      1.629     0.375    -1.855
      1.622     0.371    -1.855
      1.615     0.367    -1.855
      1.608     0.363    -1.856
      1.601     0.359    -1.856
      1.594     0.355    -1.856
      1.587     0.351    -1.856
      1.581     0.347    -1.856
      1.575     0.343    -1.857
      1.568     0.339    -1.857
      1.562     0.335    -1.857
      1.556     0.331    -1.857
      1.550     0.327    -1.857
      1.543     0.323    -1.858
      1.537     0.319    -1.858
      1.531     0.315    -1.858
      1.525     0.311    -1.858
      1.519     0.307    -1.858
      1.513     0.303    -1.858
      1.507     0.299    -1.859
      1.501     0.295    -1.859
      1.495     0.291    -1.859
      1.490     0.287    -1.859
      1.484     0.283    -1.859
      1.478     0.279    -1.859
      1.471     0.274    -1.860
      1.465     0.269    -1.860
      1.458     0.264    -1.860
      1.452     0.260    -1.860
      1.445     0.255    -1.860
      1.439     0.250    -1.861
      1.433     0.245    -1.861
      1.427     0.241    -1.861
      1.421     0.236    -1.861
      1.416     0.232    -1.861
      1.410     0.227    -1.861
      1.404     0.223    -1.862
      1.398     0.218    -1.862
      1.393     0.213    -1.862
      1.387     0.209    -1.862
      1.381     0.204    -1.862
      1.376     0.199    -1.862
      1.370     0.194    -1.863
      1.365     0.190    -1.863
      1.360     0.185    -1.863
      1.354     0.181    -1.863
      1.349     0.176    -1.863
      1.344     0.171    -1.863
      1.339     0.167    -1.863
      1.333     0.162    -1.863
      1.328     0.157    -1.864
      1.322     0.152    -1.864
      1.317     0.147    -1.864
      1.312     0.141    -1.864
      1.307     0.137    -1.864
      1.302     0.132    -1.864
      1.297     0.127    -1.864
      1.292     0.122    -1.864
      1.287     0.117    -1.865
      1.281     0.112    -1.865
      1.276     0.106    -1.865
      1.270     0.101    -1.865
      1.265     0.095    -1.865
      1.260     0.089    -1.865
      1.254     0.084    -1.865
      1.249     0.078    -1.865
      1.244     0.072    -1.865
