Count of Points:874

WCS coordinates of Points:
      7.469    -0.680    -0.720
      7.462    -0.679    -0.721
      7.455    -0.677    -0.722
      7.448    -0.676    -0.723
      7.441    -0.674    -0.724
      7.434    -0.673    -0.725
      7.427    -0.671    -0.726
      7.421    -0.670    -0.727
      7.414    -0.668    -0.728
      7.407    -0.667    -0.729
      7.400    -0.665    -0.730
      7.393    -0.663    -0.731
      7.386    -0.662    -0.732
      7.379    -0.660    -0.733
      7.372    -0.659    -0.734
      7.365    -0.657    -0.735
      7.358    -0.655    -0.736
      7.351    -0.654    -0.737
      7.345    -0.652    -0.738
      7.338    -0.651    -0.739
      7.331    -0.649    -0.740
      7.324    -0.647    -0.741
      7.317    -0.646    -0.742
      7.310    -0.644    -0.743
      7.302    -0.642    -0.744
      7.295    -0.640    -0.745
      7.287    -0.638    -0.746
      7.280    -0.636    -0.747
      7.272    -0.634    -0.749
      7.265    -0.633    -0.750
      7.258    -0.631    -0.751
      7.251    -0.629    -0.752
      7.244    -0.627    -0.753
      7.238    -0.625    -0.754
      7.231    -0.624    -0.755
      7.224    -0.622    -0.756
      7.216    -0.620    -0.758
      7.209    -0.618    -0.759
      7.201    -0.616    -0.760
      7.194    -0.614    -0.761
      7.186    -0.612    -0.763
      7.178    -0.610    -0.764
      7.171    -0.608    -0.765
      7.163    -0.606    -0.766
      7.156    -0.604    -0.768
      7.148    -0.601    -0.769
      7.141    -0.599    -0.770
      7.134    -0.597    -0.772
      7.126    -0.595    -0.773
      7.119    -0.593    -0.774
      7.112    -0.591    -0.775
      7.105    -0.589    -0.777
      7.098    -0.587    -0.778
      7.092    -0.585    -0.779
      7.085    -0.583    -0.780
      7.078    -0.581    -0.781
      7.071    -0.579    -0.783
      7.064    -0.577    -0.784
      7.056    -0.575    -0.785
      7.049    -0.573    -0.787
      7.041    -0.571    -0.788
      7.034    -0.568    -0.789
      7.026    -0.566    -0.791
      7.019    -0.564    -0.792
      7.011    -0.562    -0.794
      7.004    -0.559    -0.795
      6.996    -0.557    -0.797
      6.989    -0.555    -0.798
      6.982    -0.553    -0.799
      6.975    -0.551    -0.801
      6.967    -0.548    -0.802
      6.960    -0.546    -0.804
      6.952    -0.544    -0.805
      6.945    -0.541    -0.807
      6.937    -0.539    -0.808
      6.930    -0.537    -0.809
      6.923    -0.535    -0.811
      6.915    -0.532    -0.812
      6.908    -0.530    -0.814
      6.901    -0.528    -0.815
      6.893    -0.525    -0.817
      6.886    -0.523    -0.818
      6.879    -0.521    -0.820
      6.871    -0.518    -0.821
      6.864    -0.516    -0.823
      6.856    -0.514    -0.824
      6.849    -0.511    -0.826
      6.842    -0.509    -0.827
      6.836    -0.507    -0.829
      6.829    -0.505    -0.830
      6.822    -0.503    -0.832
      6.815    -0.500    -0.833
      6.809    -0.498    -0.835
      6.802    -0.496    -0.836
      6.795    -0.494    -0.838
      6.787    -0.491    -0.839
      6.780    -0.489    -0.841
      6.772    -0.487    -0.842
      6.765    -0.484    -0.844
      6.758    -0.482    -0.846
      6.750    -0.479    -0.847
      6.743    -0.477    -0.849
      6.736    -0.475    -0.850
      6.728    -0.472    -0.852
      6.721    -0.470    -0.854
      6.714    -0.467    -0.855
      6.707    -0.465    -0.857
      6.699    -0.463    -0.858
      6.692    -0.460    -0.860
      6.685    -0.458    -0.862
      6.677    -0.455    -0.863
      6.670    -0.453    -0.865
      6.663    -0.450    -0.867
      6.655    -0.448    -0.868
      6.648    -0.446    -0.870
      6.641    -0.443    -0.872
      6.634    -0.441    -0.873
      6.626    -0.438    -0.875
      6.619    -0.436    -0.877
      6.612    -0.434    -0.878
      6.604    -0.431    -0.880
      6.597    -0.429    -0.882
      6.590    -0.426    -0.884
      6.582    -0.424    -0.885
      6.575    -0.421    -0.887
      6.568    -0.419    -0.889
      6.560    -0.416    -0.891
      6.553    -0.414    -0.892
      6.546    -0.412    -0.894
      6.539    -0.409    -0.896
      6.531    -0.407    -0.897
      6.524    -0.404    -0.899
      6.517    -0.402    -0.901
      6.510    -0.400    -0.903
      6.502    -0.397    -0.904
      6.495    -0.395    -0.906
      6.488    -0.392    -0.908
      6.480    -0.390    -0.910
      6.473    -0.387    -0.912
      6.466    -0.385    -0.913
      6.458    -0.382    -0.915
      6.451    -0.380    -0.917
      6.444    -0.378    -0.919
      6.436    -0.375    -0.920
      6.429    -0.373    -0.922
      6.422    -0.370    -0.924
      6.414    -0.368    -0.926
      6.408    -0.366    -0.928
      6.401    -0.363    -0.929
      6.394    -0.361    -0.931
      6.387    -0.359    -0.933
      6.381    -0.357    -0.934
      6.374    -0.354    -0.936
      6.367    -0.352    -0.938
      6.361    -0.350    -0.939
      6.354    -0.348    -0.941
      6.347    -0.346    -0.942
      6.341    -0.344    -0.944
      6.334    -0.341    -0.946
      6.327    -0.339    -0.947
      6.320    -0.337    -0.949
      6.313    -0.334    -0.951
      6.306    -0.332    -0.953
      6.298    -0.330    -0.955
      6.291    -0.327    -0.957
      6.284    -0.325    -0.958
      6.276    -0.322    -0.960
      6.269    -0.320    -0.962
      6.262    -0.318    -0.964
      6.254    -0.315    -0.966
      6.247    -0.313    -0.968
      6.240    -0.311    -0.969
      6.233    -0.308    -0.971
      6.226    -0.306    -0.973
      6.218    -0.303    -0.975
      6.211    -0.301    -0.977
      6.204    -0.299    -0.979
      6.196    -0.296    -0.980
      6.189    -0.294    -0.982
      6.182    -0.292    -0.984
      6.175    -0.289    -0.986
      6.167    -0.287    -0.988
      6.160    -0.285    -0.990
      6.153    -0.282    -0.991
      6.145    -0.280    -0.993
      6.138    -0.278    -0.995
      6.131    -0.275    -0.997
      6.123    -0.273    -0.999
      6.116    -0.271    -1.001
      6.109    -0.268    -1.003
      6.101    -0.266    -1.004
      6.094    -0.264    -1.006
      6.087    -0.261    -1.008
      6.079    -0.259    -1.010
      6.072    -0.257    -1.012
      6.065    -0.254    -1.014
      6.058    -0.252    -1.015
      6.050    -0.250    -1.017
      6.043    -0.248    -1.019
      6.036    -0.245    -1.021
      6.029    -0.243    -1.023
      6.021    -0.241    -1.025
      6.014    -0.238    -1.026
      6.006    -0.236    -1.028
      5.999    -0.234    -1.030
      5.992    -0.231    -1.032
      5.984    -0.229    -1.034
      5.977    -0.227    -1.036
      5.970    -0.225    -1.037
      5.962    -0.222    -1.039
      5.955    -0.220    -1.041
      5.947    -0.218    -1.043
      5.940    -0.215    -1.045
      5.933    -0.213    -1.046
      5.927    -0.211    -1.048
      5.920    -0.209    -1.050
      5.913    -0.207    -1.051
      5.906    -0.205    -1.053
      5.900    -0.203    -1.055
      5.892    -0.201    -1.057
      5.885    -0.198    -1.058
      5.877    -0.196    -1.060
      5.870    -0.194    -1.062
      5.863    -0.192    -1.064
      5.855    -0.189    -1.066
      5.848    -0.187    -1.067
      5.841    -0.185    -1.069
      5.834    -0.183    -1.071
      5.826    -0.181    -1.073
      5.819    -0.178    -1.074
      5.812    -0.176    -1.076
      5.804    -0.174    -1.078
      5.797    -0.172    -1.080
      5.789    -0.169    -1.081
      5.782    -0.167    -1.083
      5.775    -0.165    -1.085
      5.767    -0.163    -1.087
      5.760    -0.160    -1.088
      5.752    -0.158    -1.090
      5.745    -0.156    -1.092
      5.737    -0.154    -1.094
      5.730    -0.152    -1.095
      5.723    -0.150    -1.097
      5.716    -0.147    -1.099
      5.710    -0.145    -1.100
      5.703    -0.143    -1.102
      5.696    -0.141    -1.103
      5.689    -0.139    -1.105
      5.682    -0.137    -1.107
      5.674    -0.135    -1.108
      5.667    -0.133    -1.110
      5.660    -0.131    -1.112
      5.652    -0.128    -1.113
      5.645    -0.126    -1.115
      5.637    -0.124    -1.117
      5.630    -0.122    -1.118
      5.624    -0.120    -1.120
      5.617    -0.118    -1.121
      5.610    -0.116    -1.123
      5.603    -0.114    -1.125
      5.596    -0.112    -1.126
      5.590    -0.110    -1.128
      5.583    -0.108    -1.129
      5.576    -0.106    -1.131
      5.569    -0.104    -1.132
      5.562    -0.102    -1.134
      5.555    -0.100    -1.135
      5.549    -0.098    -1.136
      5.543    -0.096    -1.138
      5.536    -0.094    -1.139
      5.530    -0.092    -1.141
      5.523    -0.090    -1.142
      5.516    -0.088    -1.144
      5.510    -0.086    -1.145
      5.503    -0.084    -1.146
      5.496    -0.082    -1.148
      5.489    -0.080    -1.149
      5.483    -0.079    -1.151
      5.476    -0.077    -1.152
      5.468    -0.074    -1.154
      5.461    -0.072    -1.155
      5.454    -0.070    -1.157
      5.446    -0.068    -1.158
      5.439    -0.066    -1.160
      5.431    -0.064    -1.162
      5.424    -0.061    -1.163
      5.416    -0.059    -1.165
      5.409    -0.057    -1.166
      5.401    -0.055    -1.168
      5.394    -0.053    -1.169
      5.387    -0.051    -1.171
      5.379    -0.048    -1.172
      5.372    -0.046    -1.174
      5.365    -0.044    -1.175
      5.357    -0.042    -1.176
      5.350    -0.040    -1.178
      5.342    -0.038    -1.179
      5.335    -0.036    -1.181
      5.327    -0.033    -1.182
      5.320    -0.031    -1.184
      5.313    -0.029    -1.185
      5.305    -0.027    -1.187
      5.298    -0.025    -1.188
      5.290    -0.023    -1.189
      5.283    -0.021    -1.191
      5.275    -0.018    -1.192
      5.268    -0.016    -1.194
      5.260    -0.014    -1.195
      5.253    -0.012    -1.196
      5.245    -0.010    -1.198
      5.238    -0.008    -1.199
      5.230    -0.005    -1.201
      5.223    -0.003    -1.202
      5.215    -0.001    -1.203
      5.208     0.001    -1.205
      5.201     0.003    -1.206
      5.193     0.005    -1.207
      5.186     0.007    -1.208
      5.178     0.009    -1.210
      5.171     0.012    -1.211
      5.163     0.014    -1.212
      5.156     0.016    -1.214
      5.148     0.018    -1.215
      5.141     0.020    -1.216
      5.133     0.022    -1.217
      5.126     0.024    -1.219
      5.118     0.027    -1.220
      5.111     0.029    -1.221
      5.103     0.031    -1.222
      5.095     0.033    -1.224
      5.088     0.035    -1.225
      5.080     0.037    -1.226
      5.073     0.039    -1.227
      5.067     0.041    -1.228
      5.060     0.043    -1.229
      5.053     0.045    -1.231
      5.046     0.047    -1.232
      5.039     0.049    -1.233
      5.031     0.051    -1.234
      5.024     0.053    -1.235
      5.016     0.055    -1.236
      5.009     0.057    -1.237
      5.001     0.060    -1.238
      4.994     0.062    -1.240
      4.986     0.064    -1.241
      4.979     0.066    -1.242
      4.972     0.068    -1.243
      4.964     0.070    -1.244
      4.956     0.072    -1.245
      4.949     0.074    -1.246
      4.941     0.077    -1.247
      4.934     0.079    -1.248
      4.926     0.081    -1.249
      4.919     0.083    -1.250
      4.911     0.085    -1.251
      4.904     0.087    -1.252
      4.896     0.089    -1.253
      4.888     0.092    -1.254
      4.881     0.094    -1.255
      4.873     0.096    -1.256
      4.866     0.098    -1.257
      4.859     0.100    -1.258
      4.852     0.102    -1.259
      4.845     0.104    -1.260
      4.838     0.106    -1.261
      4.831     0.108    -1.262
      4.824     0.110    -1.263
      4.816     0.112    -1.264
      4.809     0.114    -1.265
      4.801     0.116    -1.266
      4.794     0.118    -1.267
      4.786     0.121    -1.267
      4.779     0.123    -1.268
      4.771     0.125    -1.269
      4.764     0.127    -1.270
      4.757     0.129    -1.271
      4.750     0.131    -1.272
      4.743     0.133    -1.273
      4.736     0.135    -1.273
      4.729     0.137    -1.274
      4.722     0.139    -1.275
      4.715     0.141    -1.276
      4.708     0.143    -1.276
      4.701     0.145    -1.277
      4.695     0.147    -1.278
      4.688     0.149    -1.279
      4.681     0.150    -1.279
      4.674     0.152    -1.280
      4.668     0.154    -1.281
      4.661     0.156    -1.282
      4.655     0.158    -1.282
      4.647     0.160    -1.283
      4.640     0.162    -1.284
      4.632     0.164    -1.285
      4.624     0.166    -1.285
      4.617     0.169    -1.286
      4.609     0.171    -1.287
      4.602     0.173    -1.288
      4.595     0.175    -1.288
      4.587     0.177    -1.289
      4.579     0.179    -1.290
      4.572     0.181    -1.291
      4.564     0.183    -1.291
      4.557     0.186    -1.292
      4.549     0.188    -1.293
      4.541     0.190    -1.293
      4.534     0.192    -1.294
      4.526     0.194    -1.295
      4.519     0.196    -1.296
      4.511     0.198    -1.296
      4.503     0.201    -1.297
      4.496     0.203    -1.298
      4.488     0.205    -1.298
      4.481     0.207    -1.299
      4.474     0.209    -1.300
      4.467     0.211    -1.300
      4.460     0.213    -1.301
      4.453     0.215    -1.301
      4.446     0.217    -1.302
      4.439     0.219    -1.302
      4.431     0.221    -1.303
      4.424     0.223    -1.304
      4.416     0.225    -1.304
      4.408     0.227    -1.305
      4.401     0.229    -1.306
      4.393     0.232    -1.306
      4.385     0.234    -1.307
      4.378     0.236    -1.307
      4.371     0.238    -1.308
      4.364     0.239    -1.308
      4.357     0.241    -1.309
      4.351     0.243    -1.309
      4.344     0.245    -1.310
      4.337     0.247    -1.310
      4.330     0.249    -1.311
      4.323     0.251    -1.311
      4.316     0.253    -1.312
      4.309     0.255    -1.312
      4.302     0.257    -1.313
      4.295     0.259    -1.313
      4.288     0.261    -1.314
      4.282     0.263    -1.314
      4.275     0.264    -1.315
      4.269     0.266    -1.315
      4.261     0.268    -1.316
      4.253     0.270    -1.316
      4.246     0.273    -1.317
      4.238     0.275    -1.317
      4.231     0.277    -1.318
      4.223     0.279    -1.318
      4.215     0.281    -1.319
      4.208     0.283    -1.319
      4.201     0.285    -1.320
      4.194     0.287    -1.320
      4.187     0.289    -1.320
      4.180     0.291    -1.321
      4.173     0.293    -1.321
      4.166     0.294    -1.322
      4.159     0.296    -1.322
      4.152     0.298    -1.323
      4.145     0.300    -1.323
      4.138     0.302    -1.323
      4.131     0.304    -1.324
      4.125     0.306    -1.324
      4.118     0.308    -1.325
      4.111     0.309    -1.325
      4.105     0.311    -1.325
      4.098     0.313    -1.326
      4.091     0.315    -1.326
      4.084     0.317    -1.326
      4.077     0.319    -1.327
      4.070     0.320    -1.327
      4.063     0.322    -1.328
      4.056     0.324    -1.328
      4.049     0.326    -1.328
      4.043     0.328    -1.329
      4.036     0.329    -1.329
      4.030     0.331    -1.329
      4.023     0.333    -1.330
      4.016     0.335    -1.330
      4.008     0.337    -1.330
      4.001     0.339    -1.331
      3.993     0.341    -1.331
      3.986     0.342    -1.331
      3.979     0.344    -1.332
      3.971     0.346    -1.332
      3.964     0.348    -1.332
      3.957     0.350    -1.333
      3.950     0.352    -1.333
      3.943     0.354    -1.333
      3.936     0.355    -1.334
      3.929     0.357    -1.334
      3.922     0.359    -1.334
      3.915     0.361    -1.334
      3.907     0.363    -1.335
      3.900     0.364    -1.335
      3.892     0.366    -1.335
      3.884     0.368    -1.336
      3.877     0.370    -1.336
      3.869     0.372    -1.336
      3.861     0.374    -1.337
      3.854     0.376    -1.337
      3.846     0.378    -1.337
      3.838     0.380    -1.337
      3.831     0.381    -1.338
      3.823     0.383    -1.338
      3.816     0.385    -1.338
      3.808     0.387    -1.338
      3.800     0.389    -1.339
      3.793     0.390    -1.339
      3.785     0.392    -1.339
      3.777     0.394    -1.339
      3.770     0.396    -1.340
      3.762     0.398    -1.340
      3.754     0.399    -1.340
      3.747     0.401    -1.340
      3.739     0.403    -1.341
      3.732     0.405    -1.341
      3.724     0.406    -1.341
      3.716     0.408    -1.341
      3.708     0.410    -1.342
      3.701     0.412    -1.342
      3.693     0.413    -1.342
      3.685     0.415    -1.342
      3.677     0.417    -1.342
      3.670     0.419    -1.343
      3.662     0.420    -1.343
      3.654     0.422    -1.343
      3.646     0.424    -1.343
      3.639     0.425    -1.343
      3.631     0.427    -1.344
      3.624     0.428    -1.344
      3.616     0.430    -1.344
      3.608     0.432    -1.344
      3.601     0.433    -1.344
      3.593     0.435    -1.344
      3.585     0.436    -1.345
      3.577     0.438    -1.345
      3.569     0.440    -1.345
      3.562     0.441    -1.345
      3.554     0.443    -1.345
      3.546     0.444    -1.345
      3.538     0.446    -1.346
      3.531     0.447    -1.346
      3.523     0.449    -1.346
      3.515     0.450    -1.346
      3.507     0.452    -1.346
      3.500     0.453    -1.346
      3.493     0.455    -1.346
      3.486     0.456    -1.347
      3.479     0.457    -1.347
      3.472     0.459    -1.347
      3.464     0.460    -1.347
      3.457     0.461    -1.347
      3.449     0.463    -1.347
      3.441     0.464    -1.347
      3.433     0.465    -1.348
      3.425     0.467    -1.348
      3.418     0.468    -1.348
      3.410     0.469    -1.348
      3.402     0.471    -1.348
      3.395     0.472    -1.348
      3.387     0.473    -1.348
      3.379     0.475    -1.348
      3.371     0.476    -1.349
      3.363     0.477    -1.349
      3.356     0.478    -1.349
      3.348     0.480    -1.349
      3.340     0.481    -1.349
      3.332     0.482    -1.349
      3.324     0.483    -1.349
      3.316     0.484    -1.349
      3.309     0.486    -1.350
      3.301     0.487    -1.350
      3.293     0.488    -1.350
      3.285     0.489    -1.350
      3.278     0.490    -1.350
      3.271     0.491    -1.350
      3.263     0.492    -1.350
      3.256     0.493    -1.350
      3.249     0.494    -1.350
      3.242     0.495    -1.350
      3.234     0.496    -1.351
      3.226     0.497    -1.351
      3.218     0.498    -1.351
      3.210     0.499    -1.351
      3.202     0.500    -1.351
      3.195     0.501    -1.351
      3.187     0.502    -1.351
      3.180     0.503    -1.351
      3.172     0.504    -1.351
      3.165     0.504    -1.351
      3.158     0.505    -1.351
      3.151     0.506    -1.351
      3.143     0.507    -1.351
      3.136     0.507    -1.352
      3.129     0.508    -1.352
      3.122     0.509    -1.352
      3.114     0.510    -1.352
      3.107     0.510    -1.352
      3.100     0.511    -1.352
      3.093     0.512    -1.352
      3.086     0.512    -1.352
      3.080     0.513    -1.352
      3.073     0.514    -1.352
      3.066     0.514    -1.352
      3.058     0.515    -1.352
      3.050     0.515    -1.352
      3.042     0.516    -1.352
      3.034     0.517    -1.352
      3.026     0.517    -1.352
      3.019     0.518    -1.352
      3.011     0.518    -1.353
      3.003     0.519    -1.353
      2.995     0.519    -1.353
      2.987     0.520    -1.353
      2.980     0.520    -1.353
      2.972     0.521    -1.353
      2.964     0.521    -1.353
      2.956     0.522    -1.353
      2.948     0.522    -1.353
      2.940     0.523    -1.353
      2.932     0.523    -1.353
      2.924     0.523    -1.353
      2.916     0.524    -1.353
      2.908     0.524    -1.353
      2.900     0.524    -1.353
      2.892     0.524    -1.353
      2.884     0.525    -1.353
      2.877     0.525    -1.353
      2.870     0.525    -1.353
      2.863     0.525    -1.353
      2.855     0.526    -1.353
      2.848     0.526    -1.353
      2.841     0.526    -1.353
      2.833     0.526    -1.354
      2.825     0.526    -1.354
      2.817     0.526    -1.354
      2.809     0.526    -1.354
      2.801     0.526    -1.354
      2.793     0.526    -1.354
      2.785     0.526    -1.354
      2.778     0.526    -1.354
      2.771     0.526    -1.354
      2.764     0.526    -1.354
      2.756     0.526    -1.354
      2.749     0.526    -1.354
      2.742     0.526    -1.354
      2.734     0.526    -1.354
      2.727     0.526    -1.354
      2.720     0.526    -1.354
      2.713     0.526    -1.354
      2.705     0.525    -1.354
      2.698     0.525    -1.354
      2.691     0.525    -1.354
      2.684     0.525    -1.354
      2.678     0.525    -1.354
      2.671     0.524    -1.354
      2.664     0.524    -1.354
      2.656     0.524    -1.354
      2.648     0.523    -1.354
      2.640     0.523    -1.354
      2.632     0.523    -1.355
      2.624     0.522    -1.355
      2.616     0.522    -1.355
      2.608     0.521    -1.355
      2.601     0.521    -1.355
      2.594     0.521    -1.355
      2.587     0.520    -1.355
      2.579     0.520    -1.355
      2.572     0.519    -1.355
      2.565     0.519    -1.355
      2.558     0.518    -1.355
      2.550     0.517    -1.355
      2.543     0.517    -1.355
      2.536     0.516    -1.355
      2.529     0.516    -1.355
      2.521     0.515    -1.355
      2.515     0.514    -1.355
      2.508     0.514    -1.355
      2.501     0.513    -1.355
      2.494     0.512    -1.355
      2.487     0.512    -1.355
      2.480     0.511    -1.355
      2.473     0.510    -1.355
      2.466     0.510    -1.355
      2.458     0.509    -1.355
      2.451     0.508    -1.355
      2.444     0.507    -1.355
      2.437     0.506    -1.355
      2.430     0.505    -1.355
      2.423     0.505    -1.355
      2.417     0.504    -1.355
      2.410     0.503    -1.356
      2.402     0.502    -1.356
      2.395     0.501    -1.356
      2.387     0.500    -1.356
      2.380     0.499    -1.356
      2.372     0.498    -1.356
      2.364     0.497    -1.356
      2.357     0.496    -1.356
      2.349     0.494    -1.356
      2.341     0.493    -1.356
      2.334     0.492    -1.356
      2.326     0.491    -1.356
      2.318     0.490    -1.356
      2.310     0.488    -1.356
      2.303     0.487    -1.356
      2.295     0.486    -1.356
      2.287     0.484    -1.356
      2.280     0.483    -1.356
      2.272     0.482    -1.356
      2.264     0.480    -1.356
      2.256     0.479    -1.356
      2.248     0.477    -1.356
      2.241     0.476    -1.356
      2.233     0.474    -1.356
      2.225     0.473    -1.356
      2.217     0.471    -1.356
      2.209     0.470    -1.356
      2.202     0.468    -1.356
      2.194     0.466    -1.357
      2.186     0.465    -1.357
      2.178     0.463    -1.357
      2.171     0.461    -1.357
      2.164     0.460    -1.357
      2.156     0.458    -1.357
      2.149     0.457    -1.357
      2.142     0.455    -1.357
      2.135     0.453    -1.357
      2.128     0.452    -1.357
      2.120     0.450    -1.357
      2.113     0.448    -1.357
      2.105     0.446    -1.357
      2.097     0.444    -1.357
      2.090     0.442    -1.357
      2.082     0.440    -1.357
      2.074     0.438    -1.357
      2.067     0.436    -1.357
      2.060     0.435    -1.357
      2.053     0.433    -1.357
      2.046     0.431    -1.357
      2.039     0.429    -1.357
      2.032     0.427    -1.357
      2.025     0.425    -1.357
      2.018     0.423    -1.357
      2.011     0.421    -1.357
      2.004     0.419    -1.357
      1.997     0.417    -1.357
      1.990     0.415    -1.357
      1.984     0.413    -1.357
      1.977     0.411    -1.357
      1.970     0.409    -1.358
      1.964     0.407    -1.358
      1.957     0.405    -1.358
      1.950     0.403    -1.358
      1.942     0.400    -1.358
      1.935     0.398    -1.358
      1.927     0.396    -1.358
      1.919     0.393    -1.358
      1.912     0.391    -1.358
      1.904     0.388    -1.358
      1.898     0.386    -1.358
      1.891     0.383    -1.358
      1.884     0.381    -1.358
      1.877     0.379    -1.358
      1.870     0.376    -1.358
      1.863     0.374    -1.358
      1.856     0.372    -1.358
      1.849     0.369    -1.358
      1.843     0.367    -1.358
      1.836     0.364    -1.358
      1.829     0.362    -1.358
      1.822     0.359    -1.358
      1.816     0.357    -1.358
      1.809     0.354    -1.358
      1.803     0.352    -1.358
      1.796     0.349    -1.358
      1.790     0.347    -1.358
      1.783     0.344    -1.358
      1.777     0.342    -1.358
      1.770     0.339    -1.358
      1.763     0.336    -1.359
      1.756     0.334    -1.359
      1.750     0.331    -1.359
      1.743     0.328    -1.359
      1.737     0.326    -1.359
      1.730     0.323    -1.359
      1.724     0.320    -1.359
      1.718     0.318    -1.359
      1.711     0.315    -1.359
      1.704     0.312    -1.359
      1.697     0.309    -1.359
      1.690     0.306    -1.359
      1.683     0.303    -1.359
      1.676     0.300    -1.359
      1.669     0.296    -1.359
      1.662     0.293    -1.359
      1.655     0.290    -1.359
      1.647     0.287    -1.359
      1.640     0.283    -1.359
      1.633     0.280    -1.359
      1.626     0.277    -1.359
      1.619     0.273    -1.359
      1.611     0.270    -1.359
      1.605     0.267    -1.359
      1.598     0.264    -1.359
      1.592     0.260    -1.359
      1.585     0.257    -1.359
      1.579     0.254    -1.360
      1.572     0.251    -1.360
      1.566     0.247    -1.360
      1.559     0.244    -1.360
      1.553     0.241    -1.360
      1.546     0.237    -1.360
      1.540     0.234    -1.360
      1.533     0.231    -1.360
      1.527     0.228    -1.360
      1.521     0.224    -1.360
      1.515     0.221    -1.360
      1.509     0.218    -1.360
      1.503     0.215    -1.360
      1.497     0.211    -1.360
      1.490     0.208    -1.360
      1.484     0.204    -1.360
      1.478     0.201    -1.360
      1.471     0.197    -1.360
      1.465     0.193    -1.360
      1.459     0.190    -1.360
      1.453     0.187    -1.360
      1.447     0.183    -1.360
      1.441     0.180    -1.360
      1.435     0.176    -1.360
      1.429     0.172    -1.360
      1.422     0.168    -1.360
      1.416     0.164    -1.361
      1.409     0.161    -1.361
      1.403     0.157    -1.361
      1.396     0.153    -1.361
      1.390     0.149    -1.361
      1.383     0.144    -1.361
      1.377     0.141    -1.361
      1.371     0.137    -1.361
      1.365     0.133    -1.361
      1.359     0.129    -1.361
      1.352     0.125    -1.361
      1.346     0.121    -1.361
      1.341     0.117    -1.361
      1.335     0.113    -1.361
      1.329     0.110    -1.361
      1.324     0.106    -1.361
      1.318     0.102    -1.361
      1.312     0.098    -1.361
      1.305     0.093    -1.361
      1.299     0.089    -1.361
      1.293     0.084    -1.361
      1.286     0.080    -1.361
      1.280     0.076    -1.361
      1.274     0.071    -1.361
      1.268     0.067    -1.361
      1.262     0.062    -1.361
      1.255     0.058    -1.361
      1.249     0.053    -1.361
      1.243     0.049    -1.361
      1.237     0.044    -1.362
      1.231     0.039    -1.362
      1.225     0.035    -1.362
      1.219     0.030    -1.362
      1.213     0.025    -1.362
      1.206     0.020    -1.362
      1.200     0.015    -1.362
      1.194     0.010    -1.362
      1.187     0.005    -1.362
      1.181     0.000    -1.362
