Count of Points:272

WCS coordinates of Points:
      4.385     0.923    -2.103
      4.378     0.923    -2.104
      4.371     0.924    -2.106
      4.364     0.924    -2.107
      4.357     0.925    -2.109
      4.349     0.925    -2.110
      4.342     0.926    -2.112
      4.335     0.926    -2.114
      4.328     0.927    -2.115
      4.321     0.927    -2.117
      4.314     0.928    -2.118
      4.307     0.928    -2.120
      4.299     0.928    -2.121
      4.292     0.929    -2.123
      4.285     0.929    -2.124
      4.278     0.930    -2.126
      4.270     0.930    -2.127
      4.263     0.931    -2.129
      4.256     0.931    -2.131
      4.249     0.932    -2.132
      4.241     0.932    -2.134
      4.234     0.933    -2.135
      4.227     0.933    -2.137
      4.220     0.934    -2.138
      4.212     0.934    -2.140
      4.204     0.935    -2.141
      4.196     0.935    -2.143
      4.188     0.936    -2.144
      4.180     0.936    -2.146
      4.172     0.937    -2.147
      4.165     0.937    -2.149
      4.158     0.937    -2.150
      4.150     0.938    -2.152
      4.143     0.938    -2.153
      4.136     0.939    -2.154
      4.129     0.939    -2.156
      4.121     0.940    -2.157
      4.113     0.940    -2.159
      4.105     0.941    -2.160
      4.097     0.941    -2.162
      4.089     0.942    -2.163
      4.081     0.942    -2.165
      4.073     0.943    -2.166
      4.064     0.943    -2.168
      4.056     0.944    -2.169
      4.048     0.944    -2.170
      4.041     0.944    -2.172
      4.033     0.945    -2.173
      4.025     0.945    -2.175
      4.017     0.946    -2.176
      4.010     0.946    -2.177
      4.002     0.947    -2.178
      3.995     0.947    -2.180
      3.988     0.947    -2.181
      3.980     0.948    -2.182
      3.973     0.948    -2.183
      3.966     0.949    -2.184
      3.958     0.949    -2.186
      3.950     0.949    -2.187
      3.942     0.950    -2.188
      3.933     0.950    -2.190
      3.925     0.951    -2.191
      3.917     0.951    -2.192
      3.909     0.951    -2.193
      3.901     0.952    -2.195
      3.893     0.952    -2.196
      3.885     0.953    -2.197
      3.877     0.953    -2.198
      3.869     0.953    -2.200
      3.861     0.954    -2.201
      3.853     0.954    -2.202
      3.845     0.955    -2.203
      3.837     0.955    -2.204
      3.829     0.955    -2.206
      3.821     0.956    -2.207
      3.813     0.956    -2.208
      3.805     0.956    -2.209
      3.797     0.957    -2.210
      3.789     0.957    -2.211
      3.781     0.957    -2.212
      3.773     0.958    -2.213
      3.765     0.958    -2.215
      3.757     0.958    -2.216
      3.749     0.959    -2.217
      3.741     0.959    -2.218
      3.733     0.959    -2.219
      3.725     0.960    -2.220
      3.717     0.960    -2.221
      3.710     0.960    -2.222
      3.703     0.960    -2.223
      3.695     0.961    -2.224
      3.688     0.961    -2.225
      3.680     0.961    -2.226
      3.673     0.961    -2.227
      3.665     0.962    -2.228
      3.657     0.962    -2.229
      3.649     0.962    -2.230
      3.641     0.962    -2.231
      3.633     0.963    -2.232
      3.625     0.963    -2.233
      3.616     0.963    -2.234
      3.608     0.963    -2.235
      3.600     0.964    -2.236
      3.592     0.964    -2.237
      3.584     0.964    -2.237
      3.576     0.964    -2.238
      3.568     0.964    -2.239
      3.560     0.964    -2.240
      3.552     0.965    -2.241
      3.544     0.965    -2.242
      3.536     0.965    -2.243
      3.528     0.965    -2.244
      3.520     0.965    -2.245
      3.512     0.965    -2.245
      3.504     0.966    -2.246
      3.496     0.966    -2.247
      3.488     0.966    -2.248
      3.480     0.966    -2.249
      3.471     0.966    -2.250
      3.463     0.966    -2.251
      3.455     0.966    -2.251
      3.447     0.966    -2.252
      3.439     0.966    -2.253
      3.431     0.967    -2.254
      3.423     0.967    -2.255
      3.415     0.967    -2.255
      3.406     0.967    -2.256
      3.398     0.967    -2.257
      3.390     0.967    -2.258
      3.382     0.967    -2.259
      3.374     0.967    -2.259
      3.366     0.967    -2.260
      3.358     0.967    -2.261
      3.350     0.967    -2.262
      3.342     0.967    -2.262
      3.334     0.967    -2.263
      3.326     0.967    -2.264
      3.317     0.967    -2.264
      3.309     0.967    -2.265
      3.301     0.967    -2.266
      3.293     0.967    -2.267
      3.285     0.967    -2.267
      3.277     0.966    -2.268
      3.268     0.966    -2.269
      3.260     0.966    -2.269
      3.252     0.966    -2.270
      3.244     0.966    -2.271
      3.237     0.966    -2.271
      3.229     0.966    -2.272
      3.222     0.966    -2.272
      3.214     0.966    -2.273
      3.207     0.965    -2.274
      3.199     0.965    -2.274
      3.192     0.965    -2.275
      3.184     0.965    -2.275
      3.177     0.965    -2.276
      3.170     0.965    -2.277
      3.162     0.964    -2.277
      3.155     0.964    -2.278
      3.147     0.964    -2.278
      3.139     0.964    -2.279
      3.131     0.963    -2.279
      3.123     0.963    -2.280
      3.115     0.963    -2.281
      3.107     0.963    -2.281
      3.099     0.962    -2.282
      3.090     0.962    -2.282
      3.082     0.962    -2.283
      3.074     0.961    -2.283
      3.066     0.961    -2.284
      3.058     0.961    -2.285
      3.050     0.960    -2.285
      3.042     0.960    -2.286
      3.034     0.959    -2.286
      3.026     0.959    -2.287
      3.018     0.959    -2.287
      3.010     0.958    -2.288
      3.001     0.958    -2.288
      2.993     0.957    -2.289
      2.985     0.957    -2.289
      2.977     0.956    -2.290
      2.969     0.956    -2.290
      2.961     0.955    -2.291
      2.953     0.955    -2.291
      2.945     0.954    -2.292
      2.937     0.954    -2.292
      2.929     0.953    -2.293
      2.921     0.952    -2.293
      2.912     0.952    -2.294
      2.904     0.951    -2.294
      2.896     0.951    -2.295
      2.888     0.950    -2.295
      2.880     0.949    -2.296
      2.872     0.949    -2.296
      2.864     0.948    -2.297
      2.856     0.947    -2.297
      2.848     0.947    -2.298
      2.840     0.946    -2.298
      2.832     0.945    -2.299
      2.824     0.944    -2.299
      2.816     0.944    -2.299
      2.807     0.943    -2.300
      2.799     0.942    -2.300
      2.791     0.941    -2.301
      2.783     0.940    -2.301
      2.775     0.939    -2.302
      2.767     0.938    -2.302
      2.759     0.938    -2.303
      2.751     0.937    -2.303
      2.742     0.936    -2.303
      2.734     0.935    -2.304
      2.726     0.934    -2.304
      2.718     0.933    -2.305
      2.711     0.932    -2.305
      2.703     0.931    -2.306
      2.696     0.930    -2.306
      2.688     0.929    -2.306
      2.681     0.928    -2.307
      2.673     0.927    -2.307
      2.665     0.926    -2.307
      2.657     0.925    -2.308
      2.649     0.924    -2.308
      2.641     0.923    -2.309
      2.633     0.922    -2.309
      2.625     0.920    -2.310
      2.617     0.919    -2.310
      2.609     0.918    -2.310
      2.601     0.917    -2.311
      2.593     0.916    -2.311
      2.585     0.914    -2.311
      2.577     0.913    -2.312
      2.569     0.912    -2.312
      2.561     0.910    -2.313
      2.553     0.909    -2.313
      2.545     0.908    -2.313
      2.537     0.906    -2.314
      2.529     0.905    -2.314
      2.521     0.903    -2.315
      2.513     0.902    -2.315
      2.505     0.900    -2.315
      2.497     0.899    -2.316
      2.489     0.897    -2.316
      2.481     0.896    -2.316
      2.474     0.895    -2.317
      2.467     0.893    -2.317
      2.459     0.892    -2.317
      2.452     0.890    -2.318
      2.444     0.889    -2.318
      2.436     0.887    -2.319
      2.428     0.885    -2.319
      2.420     0.884    -2.319
      2.412     0.882    -2.320
      2.404     0.880    -2.320
      2.397     0.878    -2.320
      2.389     0.877    -2.321
      2.381     0.875    -2.321
      2.374     0.873    -2.321
      2.367     0.872    -2.322
      2.359     0.870    -2.322
      2.352     0.868    -2.322
      2.345     0.866    -2.323
      2.337     0.865    -2.323
      2.330     0.863    -2.323
      2.323     0.861    -2.324
      2.316     0.859    -2.324
      2.308     0.857    -2.324
      2.301     0.856    -2.325
      2.294     0.854    -2.325
      2.287     0.852    -2.325
      2.281     0.850    -2.326
      2.274     0.848    -2.326
      2.267     0.847    -2.326
