Count of Points:867

WCS coordinates of Points:
      1.181     0.000    -1.645
      1.186     0.005    -1.645
      1.192     0.011    -1.645
      1.197     0.016    -1.645
      1.202     0.021    -1.645
      1.207     0.026    -1.645
      1.213     0.031    -1.645
      1.218     0.036    -1.645
      1.224     0.042    -1.645
      1.230     0.047    -1.645
      1.235     0.053    -1.645
      1.241     0.058    -1.645
      1.247     0.064    -1.645
      1.253     0.069    -1.645
      1.259     0.075    -1.645
      1.265     0.080    -1.645
      1.272     0.085    -1.644
      1.278     0.091    -1.644
      1.284     0.096    -1.644
      1.290     0.101    -1.644
      1.296     0.106    -1.644
      1.302     0.111    -1.644
      1.308     0.116    -1.644
      1.314     0.121    -1.644
      1.321     0.126    -1.644
      1.327     0.131    -1.644
      1.333     0.136    -1.644
      1.340     0.141    -1.644
      1.346     0.146    -1.643
      1.352     0.151    -1.643
      1.358     0.156    -1.643
      1.365     0.160    -1.643
      1.371     0.165    -1.643
      1.378     0.170    -1.643
      1.384     0.175    -1.643
      1.391     0.180    -1.643
      1.398     0.184    -1.643
      1.404     0.189    -1.643
      1.411     0.194    -1.642
      1.418     0.198    -1.642
      1.424     0.203    -1.642
      1.431     0.207    -1.642
      1.438     0.212    -1.642
      1.444     0.216    -1.642
      1.451     0.221    -1.642
      1.457     0.225    -1.642
      1.464     0.229    -1.642
      1.471     0.234    -1.642
      1.478     0.238    -1.641
      1.485     0.242    -1.641
      1.491     0.246    -1.641
      1.498     0.251    -1.641
      1.505     0.255    -1.641
      1.512     0.259    -1.641
      1.519     0.263    -1.641
      1.526     0.267    -1.641
      1.533     0.271    -1.641
      1.540     0.276    -1.640
      1.547     0.280    -1.640
      1.554     0.284    -1.640
      1.561     0.288    -1.640
      1.568     0.291    -1.640
      1.574     0.295    -1.640
      1.581     0.298    -1.640
      1.587     0.302    -1.640
      1.594     0.305    -1.640
      1.600     0.309    -1.640
      1.607     0.313    -1.640
      1.614     0.317    -1.639
      1.622     0.320    -1.639
      1.629     0.324    -1.639
      1.636     0.328    -1.639
      1.643     0.331    -1.639
      1.650     0.335    -1.639
      1.657     0.338    -1.639
      1.664     0.342    -1.639
      1.672     0.345    -1.639
      1.679     0.349    -1.639
      1.686     0.352    -1.639
      1.694     0.356    -1.638
      1.701     0.359    -1.638
      1.708     0.363    -1.638
      1.716     0.366    -1.638
      1.723     0.369    -1.638
      1.730     0.373    -1.638
      1.738     0.376    -1.638
      1.745     0.379    -1.638
      1.752     0.383    -1.638
      1.760     0.386    -1.638
      1.767     0.389    -1.638
      1.774     0.392    -1.638
      1.781     0.395    -1.637
      1.788     0.398    -1.637
      1.795     0.401    -1.637
      1.802     0.403    -1.637
      1.808     0.406    -1.637
      1.816     0.409    -1.637
      1.823     0.412    -1.637
      1.831     0.415    -1.637
      1.838     0.418    -1.637
      1.846     0.421    -1.637
      1.854     0.424    -1.637
      1.861     0.427    -1.637
      1.868     0.430    -1.637
      1.875     0.432    -1.637
      1.882     0.435    -1.636
      1.889     0.437    -1.636
      1.896     0.440    -1.636
      1.903     0.442    -1.636
      1.910     0.445    -1.636
      1.917     0.447    -1.636
      1.924     0.450    -1.636
      1.931     0.452    -1.636
      1.938     0.455    -1.636
      1.945     0.457    -1.636
      1.952     0.459    -1.636
      1.958     0.462    -1.636
      1.965     0.464    -1.636
      1.971     0.466    -1.636
      1.978     0.468    -1.636
      1.986     0.471    -1.636
      1.993     0.473    -1.636
      2.001     0.475    -1.636
      2.009     0.478    -1.635
      2.017     0.480    -1.635
      2.024     0.483    -1.635
      2.032     0.485    -1.635
      2.039     0.487    -1.635
      2.047     0.489    -1.635
      2.055     0.492    -1.635
      2.063     0.494    -1.635
      2.070     0.496    -1.635
      2.078     0.498    -1.635
      2.086     0.500    -1.635
      2.094     0.503    -1.635
      2.101     0.505    -1.635
      2.109     0.507    -1.635
      2.117     0.509    -1.635
      2.125     0.511    -1.635
      2.133     0.513    -1.635
      2.141     0.515    -1.634
      2.148     0.517    -1.634
      2.156     0.519    -1.634
      2.164     0.521    -1.634
      2.171     0.522    -1.634
      2.178     0.524    -1.634
      2.185     0.526    -1.634
      2.192     0.528    -1.634
      2.200     0.529    -1.634
      2.208     0.531    -1.634
      2.215     0.533    -1.634
      2.223     0.535    -1.634
      2.231     0.536    -1.634
      2.239     0.538    -1.634
      2.247     0.540    -1.634
      2.255     0.541    -1.634
      2.262     0.543    -1.633
      2.270     0.544    -1.633
      2.277     0.546    -1.633
      2.284     0.547    -1.633
      2.291     0.549    -1.633
      2.299     0.550    -1.633
      2.306     0.551    -1.633
      2.313     0.553    -1.633
      2.321     0.554    -1.633
      2.328     0.555    -1.633
      2.335     0.557    -1.633
      2.342     0.558    -1.633
      2.349     0.559    -1.633
      2.356     0.560    -1.633
      2.363     0.562    -1.633
      2.370     0.563    -1.633
      2.377     0.564    -1.632
      2.385     0.565    -1.632
      2.393     0.566    -1.632
      2.401     0.568    -1.632
      2.409     0.569    -1.632
      2.417     0.570    -1.632
      2.425     0.571    -1.632
      2.433     0.572    -1.632
      2.440     0.573    -1.632
      2.448     0.574    -1.632
      2.455     0.575    -1.632
      2.462     0.576    -1.632
      2.470     0.577    -1.632
      2.477     0.578    -1.631
      2.484     0.579    -1.631
      2.492     0.580    -1.631
      2.499     0.581    -1.631
      2.507     0.582    -1.631
      2.514     0.582    -1.631
      2.521     0.583    -1.631
      2.528     0.584    -1.631
      2.535     0.585    -1.631
      2.542     0.585    -1.631
      2.549     0.586    -1.631
      2.556     0.587    -1.631
      2.563     0.588    -1.631
      2.571     0.588    -1.630
      2.578     0.589    -1.630
      2.586     0.590    -1.630
      2.593     0.590    -1.630
      2.600     0.591    -1.630
      2.607     0.591    -1.630
      2.614     0.592    -1.630
      2.621     0.593    -1.630
      2.628     0.593    -1.630
      2.635     0.594    -1.630
      2.643     0.594    -1.630
      2.651     0.595    -1.630
      2.659     0.595    -1.630
      2.666     0.596    -1.629
      2.674     0.596    -1.629
      2.682     0.597    -1.629
      2.690     0.597    -1.629
      2.698     0.597    -1.629
      2.705     0.598    -1.629
      2.712     0.598    -1.629
      2.720     0.599    -1.629
      2.727     0.599    -1.629
      2.734     0.599    -1.629
      2.742     0.599    -1.629
      2.749     0.600    -1.628
      2.757     0.600    -1.628
      2.765     0.600    -1.628
      2.773     0.600    -1.628
      2.781     0.601    -1.628
      2.789     0.601    -1.628
      2.797     0.601    -1.628
      2.805     0.601    -1.628
      2.813     0.601    -1.628
      2.821     0.601    -1.628
      2.830     0.602    -1.627
      2.838     0.602    -1.627
      2.845     0.602    -1.627
      2.853     0.602    -1.627
      2.861     0.602    -1.627
      2.869     0.602    -1.627
      2.877     0.602    -1.627
      2.886     0.602    -1.627
      2.894     0.602    -1.627
      2.902     0.602    -1.627
      2.910     0.602    -1.626
      2.918     0.601    -1.626
      2.926     0.601    -1.626
      2.933     0.601    -1.626
      2.942     0.601    -1.626
      2.950     0.601    -1.626
      2.958     0.601    -1.626
      2.966     0.600    -1.626
      2.974     0.600    -1.626
      2.982     0.600    -1.625
      2.990     0.600    -1.625
      2.998     0.599    -1.625
      3.006     0.599    -1.625
      3.014     0.599    -1.625
      3.022     0.599    -1.625
      3.030     0.598    -1.625
      3.038     0.598    -1.625
      3.046     0.597    -1.624
      3.054     0.597    -1.624
      3.062     0.597    -1.624
      3.070     0.596    -1.624
      3.078     0.596    -1.624
      3.086     0.595    -1.624
      3.094     0.595    -1.624
      3.103     0.594    -1.623
      3.111     0.594    -1.623
      3.119     0.593    -1.623
      3.127     0.593    -1.623
      3.135     0.592    -1.623
      3.143     0.592    -1.623
      3.151     0.591    -1.623
      3.159     0.591    -1.622
      3.167     0.590    -1.622
      3.175     0.589    -1.622
      3.183     0.589    -1.622
      3.190     0.588    -1.622
      3.197     0.587    -1.622
      3.205     0.587    -1.621
      3.212     0.586    -1.621
      3.219     0.586    -1.621
      3.228     0.585    -1.621
      3.236     0.584    -1.621
      3.244     0.583    -1.621
      3.252     0.583    -1.620
      3.260     0.582    -1.620
      3.268     0.581    -1.620
      3.275     0.580    -1.620
      3.283     0.579    -1.620
      3.291     0.579    -1.620
      3.299     0.578    -1.619
      3.307     0.577    -1.619
      3.315     0.576    -1.619
      3.323     0.575    -1.619
      3.331     0.574    -1.619
      3.339     0.573    -1.618
      3.347     0.572    -1.618
      3.355     0.572    -1.618
      3.364     0.571    -1.618
      3.372     0.570    -1.617
      3.380     0.569    -1.617
      3.388     0.568    -1.617
      3.396     0.567    -1.617
      3.404     0.566    -1.616
      3.411     0.565    -1.616
      3.418     0.564    -1.616
      3.426     0.563    -1.616
      3.433     0.562    -1.616
      3.440     0.561    -1.615
      3.448     0.560    -1.615
      3.456     0.559    -1.615
      3.464     0.558    -1.615
      3.472     0.557    -1.614
      3.480     0.556    -1.614
      3.488     0.554    -1.614
      3.496     0.553    -1.614
      3.504     0.552    -1.613
      3.511     0.551    -1.613
      3.519     0.550    -1.613
      3.526     0.549    -1.613
      3.533     0.548    -1.612
      3.541     0.547    -1.612
      3.548     0.546    -1.612
      3.555     0.545    -1.611
      3.563     0.544    -1.611
      3.570     0.542    -1.611
      3.577     0.541    -1.611
      3.584     0.540    -1.610
      3.592     0.539    -1.610
      3.599     0.538    -1.610
      3.606     0.537    -1.609
      3.613     0.536    -1.609
      3.619     0.535    -1.609
      3.626     0.534    -1.609
      3.634     0.532    -1.608
      3.642     0.531    -1.608
      3.650     0.530    -1.608
      3.658     0.528    -1.607
      3.666     0.527    -1.607
      3.674     0.526    -1.606
      3.682     0.524    -1.606
      3.690     0.523    -1.606
      3.697     0.522    -1.605
      3.705     0.520    -1.605
      3.713     0.519    -1.605
      3.721     0.518    -1.604
      3.729     0.516    -1.604
      3.737     0.515    -1.603
      3.745     0.513    -1.603
      3.753     0.512    -1.603
      3.761     0.511    -1.602
      3.769     0.509    -1.602
      3.777     0.508    -1.601
      3.785     0.506    -1.601
      3.793     0.505    -1.601
      3.801     0.503    -1.600
      3.809     0.502    -1.600
      3.816     0.501    -1.599
      3.824     0.499    -1.599
      3.831     0.498    -1.598
      3.838     0.497    -1.598
      3.845     0.495    -1.598
      3.853     0.494    -1.597
      3.861     0.492    -1.597
      3.869     0.491    -1.596
      3.876     0.489    -1.596
      3.884     0.488    -1.595
      3.892     0.486    -1.595
      3.900     0.485    -1.594
      3.908     0.483    -1.594
      3.916     0.482    -1.593
      3.923     0.481    -1.593
      3.930     0.479    -1.592
      3.937     0.478    -1.592
      3.945     0.476    -1.591
      3.952     0.475    -1.591
      3.959     0.473    -1.590
      3.966     0.472    -1.590
      3.974     0.471    -1.589
      3.981     0.469    -1.589
      3.988     0.468    -1.588
      3.995     0.466    -1.588
      4.002     0.465    -1.587
      4.009     0.464    -1.587
      4.016     0.462    -1.586
      4.023     0.461    -1.586
      4.030     0.460    -1.585
      4.038     0.458    -1.585
      4.046     0.456    -1.584
      4.053     0.455    -1.583
      4.061     0.453    -1.583
      4.069     0.452    -1.582
      4.077     0.450    -1.582
      4.085     0.448    -1.581
      4.092     0.447    -1.580
      4.100     0.445    -1.580
      4.107     0.444    -1.579
      4.114     0.442    -1.579
      4.121     0.441    -1.578
      4.129     0.440    -1.577
      4.136     0.438    -1.577
      4.143     0.437    -1.576
      4.150     0.435    -1.575
      4.157     0.434    -1.575
      4.165     0.432    -1.574
      4.172     0.431    -1.573
      4.179     0.429    -1.573
      4.186     0.428    -1.572
      4.192     0.426    -1.572
      4.199     0.425    -1.571
      4.206     0.424    -1.570
      4.213     0.422    -1.570
      4.220     0.421    -1.569
      4.228     0.419    -1.568
      4.235     0.418    -1.568
      4.242     0.416    -1.567
      4.249     0.415    -1.566
      4.256     0.413    -1.566
      4.263     0.412    -1.565
      4.270     0.410    -1.564
      4.277     0.409    -1.563
      4.283     0.408    -1.563
      4.291     0.406    -1.562
      4.299     0.404    -1.561
      4.306     0.403    -1.560
      4.314     0.401    -1.560
      4.321     0.400    -1.559
      4.329     0.398    -1.558
      4.337     0.396    -1.557
      4.344     0.395    -1.556
      4.352     0.393    -1.556
      4.360     0.391    -1.555
      4.368     0.390    -1.554
      4.376     0.388    -1.553
      4.384     0.386    -1.552
      4.392     0.385    -1.551
      4.400     0.383    -1.550
      4.408     0.381    -1.549
      4.415     0.380    -1.549
      4.422     0.378    -1.548
      4.430     0.377    -1.547
      4.437     0.375    -1.546
      4.444     0.374    -1.545
      4.452     0.372    -1.544
      4.459     0.370    -1.543
      4.466     0.369    -1.543
      4.473     0.367    -1.542
      4.481     0.366    -1.541
      4.488     0.364    -1.540
      4.495     0.363    -1.539
      4.502     0.361    -1.538
      4.509     0.360    -1.537
      4.516     0.358    -1.536
      4.523     0.357    -1.535
      4.530     0.355    -1.535
      4.537     0.354    -1.534
      4.545     0.352    -1.533
      4.552     0.351    -1.532
      4.559     0.349    -1.531
      4.566     0.348    -1.530
      4.573     0.346    -1.529
      4.580     0.345    -1.528
      4.587     0.343    -1.527
      4.594     0.342    -1.526
      4.601     0.340    -1.525
      4.608     0.339    -1.524
      4.615     0.337    -1.523
      4.622     0.336    -1.522
      4.628     0.335    -1.521
      4.635     0.333    -1.520
      4.642     0.332    -1.519
      4.649     0.330    -1.518
      4.656     0.329    -1.517
      4.662     0.327    -1.516
      4.670     0.326    -1.515
      4.677     0.324    -1.514
      4.684     0.323    -1.513
      4.692     0.321    -1.512
      4.699     0.320    -1.511
      4.706     0.318    -1.510
      4.713     0.317    -1.509
      4.720     0.315    -1.508
      4.727     0.314    -1.507
      4.734     0.312    -1.506
      4.741     0.311    -1.505
      4.747     0.309    -1.504
      4.754     0.308    -1.503
      4.761     0.306    -1.502
      4.768     0.305    -1.500
      4.775     0.303    -1.499
      4.782     0.302    -1.498
      4.788     0.301    -1.497
      4.795     0.299    -1.496
      4.802     0.298    -1.495
      4.809     0.296    -1.494
      4.816     0.295    -1.493
      4.822     0.293    -1.492
      4.829     0.292    -1.490
      4.836     0.290    -1.489
      4.843     0.289    -1.488
      4.850     0.287    -1.487
      4.856     0.286    -1.486
      4.863     0.285    -1.485
      4.871     0.283    -1.483
      4.879     0.281    -1.482
      4.887     0.279    -1.480
      4.895     0.278    -1.479
      4.903     0.276    -1.478
      4.911     0.274    -1.476
      4.918     0.273    -1.475
      4.926     0.271    -1.474
      4.933     0.270    -1.472
      4.940     0.268    -1.471
      4.947     0.266    -1.470
      4.955     0.265    -1.468
      4.961     0.263    -1.467
      4.968     0.262    -1.466
      4.975     0.261    -1.464
      4.982     0.259    -1.463
      4.989     0.258    -1.462
      4.996     0.256    -1.460
      5.002     0.255    -1.459
      5.009     0.253    -1.458
      5.016     0.252    -1.456
      5.023     0.250    -1.455
      5.030     0.249    -1.454
      5.036     0.247    -1.452
      5.043     0.246    -1.451
      5.050     0.244    -1.450
      5.056     0.243    -1.448
      5.063     0.241    -1.447
      5.070     0.240    -1.446
      5.077     0.238    -1.444
      5.084     0.237    -1.443
      5.090     0.235    -1.441
      5.097     0.234    -1.440
      5.104     0.232    -1.439
      5.110     0.231    -1.437
      5.118     0.229    -1.436
      5.126     0.228    -1.434
      5.134     0.226    -1.432
      5.142     0.224    -1.430
      5.150     0.222    -1.429
      5.158     0.221    -1.427
      5.165     0.219    -1.426
      5.172     0.218    -1.424
      5.178     0.216    -1.423
      5.185     0.214    -1.421
      5.192     0.213    -1.420
      5.199     0.212    -1.418
      5.205     0.210    -1.417
      5.212     0.209    -1.415
      5.219     0.207    -1.414
      5.227     0.205    -1.412
      5.234     0.203    -1.410
      5.242     0.202    -1.408
      5.250     0.200    -1.406
      5.258     0.198    -1.405
      5.266     0.196    -1.403
      5.274     0.195    -1.401
      5.282     0.193    -1.399
      5.290     0.191    -1.397
      5.298     0.189    -1.395
      5.306     0.187    -1.393
      5.313     0.186    -1.392
      5.321     0.184    -1.390
      5.328     0.182    -1.388
      5.336     0.181    -1.386
      5.343     0.179    -1.384
      5.351     0.177    -1.383
      5.358     0.175    -1.381
      5.365     0.174    -1.379
      5.372     0.172    -1.377
      5.379     0.171    -1.376
      5.386     0.169    -1.374
      5.393     0.167    -1.372
      5.400     0.166    -1.370
      5.407     0.164    -1.369
      5.414     0.163    -1.367
      5.420     0.161    -1.365
      5.427     0.159    -1.363
      5.434     0.158    -1.362
      5.441     0.156    -1.360
      5.447     0.155    -1.358
      5.454     0.153    -1.357
      5.461     0.152    -1.355
      5.467     0.150    -1.353
      5.474     0.148    -1.352
      5.480     0.147    -1.350
      5.487     0.145    -1.348
      5.494     0.144    -1.346
      5.500     0.142    -1.345
      5.507     0.141    -1.343
      5.514     0.139    -1.341
      5.520     0.137    -1.339
      5.527     0.136    -1.338
      5.534     0.134    -1.336
      5.540     0.133    -1.334
      5.547     0.131    -1.332
      5.555     0.129    -1.330
      5.562     0.127    -1.328
      5.570     0.126    -1.326
      5.578     0.124    -1.324
      5.586     0.122    -1.322
      5.594     0.120    -1.320
      5.600     0.118    -1.318
      5.607     0.117    -1.316
      5.614     0.115    -1.314
      5.620     0.113    -1.312
      5.627     0.112    -1.311
      5.634     0.110    -1.309
      5.640     0.109    -1.307
      5.647     0.107    -1.305
      5.653     0.105    -1.303
      5.661     0.103    -1.301
      5.669     0.102    -1.299
      5.677     0.100    -1.297
      5.684     0.098    -1.295
      5.692     0.096    -1.292
      5.700     0.094    -1.290
      5.708     0.092    -1.288
      5.716     0.090    -1.286
      5.723     0.088    -1.284
      5.731     0.086    -1.282
      5.739     0.084    -1.279
      5.747     0.082    -1.277
      5.754     0.080    -1.275
      5.761     0.078    -1.273
      5.769     0.077    -1.271
      5.776     0.075    -1.269
      5.783     0.073    -1.267
      5.790     0.071    -1.265
      5.796     0.070    -1.263
      5.803     0.068    -1.261
      5.810     0.066    -1.259
      5.816     0.064    -1.257
      5.823     0.063    -1.255
      5.829     0.061    -1.253
      5.836     0.059    -1.251
      5.842     0.058    -1.250
      5.850     0.056    -1.247
      5.858     0.054    -1.245
      5.866     0.052    -1.243
      5.873     0.050    -1.241
      5.881     0.048    -1.238
      5.889     0.046    -1.236
      5.897     0.044    -1.234
      5.904     0.042    -1.231
      5.912     0.040    -1.229
      5.920     0.038    -1.227
      5.927     0.036    -1.225
      5.935     0.034    -1.222
      5.942     0.032    -1.220
      5.950     0.030    -1.218
      5.957     0.028    -1.216
      5.964     0.026    -1.214
      5.972     0.024    -1.212
      5.979     0.022    -1.209
      5.987     0.020    -1.207
      5.995     0.018    -1.205
      6.002     0.016    -1.202
      6.010     0.013    -1.200
      6.018     0.011    -1.198
      6.025     0.009    -1.196
      6.032     0.007    -1.193
      6.040     0.005    -1.191
      6.047     0.003    -1.189
      6.054     0.001    -1.187
      6.061    -0.001    -1.185
      6.069    -0.003    -1.182
      6.076    -0.005    -1.180
      6.083    -0.007    -1.178
      6.090    -0.009    -1.176
      6.097    -0.011    -1.174
      6.105    -0.012    -1.172
      6.112    -0.014    -1.169
      6.119    -0.016    -1.167
      6.126    -0.018    -1.165
      6.133    -0.020    -1.163
      6.140    -0.022    -1.161
      6.147    -0.024    -1.159
      6.154    -0.026    -1.157
      6.161    -0.028    -1.155
      6.167    -0.030    -1.153
      6.174    -0.032    -1.151
      6.180    -0.034    -1.149
      6.187    -0.036    -1.147
      6.193    -0.038    -1.145
      6.200    -0.040    -1.143
      6.207    -0.041    -1.141
      6.213    -0.043    -1.139
      6.220    -0.045    -1.137
      6.226    -0.047    -1.135
      6.233    -0.049    -1.133
      6.239    -0.051    -1.131
      6.246    -0.053    -1.129
      6.252    -0.055    -1.127
      6.259    -0.056    -1.125
      6.265    -0.058    -1.123
      6.272    -0.060    -1.121
      6.278    -0.062    -1.119
      6.285    -0.064    -1.117
      6.291    -0.066    -1.116
      6.298    -0.068    -1.114
      6.304    -0.070    -1.112
      6.311    -0.072    -1.110
      6.318    -0.074    -1.107
      6.326    -0.076    -1.105
      6.333    -0.079    -1.103
      6.341    -0.081    -1.101
      6.349    -0.083    -1.098
      6.356    -0.085    -1.096
      6.363    -0.087    -1.094
      6.370    -0.089    -1.092
      6.376    -0.091    -1.090
      6.383    -0.093    -1.088
      6.389    -0.095    -1.086
      6.396    -0.097    -1.084
      6.402    -0.099    -1.083
      6.408    -0.101    -1.081
      6.415    -0.103    -1.079
      6.423    -0.105    -1.077
      6.430    -0.108    -1.074
      6.438    -0.110    -1.072
      6.446    -0.112    -1.070
      6.453    -0.115    -1.068
      6.461    -0.117    -1.065
      6.468    -0.120    -1.063
      6.476    -0.122    -1.061
      6.484    -0.124    -1.059
      6.491    -0.127    -1.057
      6.499    -0.129    -1.054
      6.507    -0.131    -1.052
      6.514    -0.134    -1.050
      6.521    -0.136    -1.048
      6.528    -0.138    -1.046
      6.536    -0.140    -1.044
      6.543    -0.143    -1.042
      6.549    -0.145    -1.040
      6.556    -0.147    -1.038
      6.562    -0.149    -1.036
      6.569    -0.151    -1.034
      6.576    -0.153    -1.033
      6.582    -0.155    -1.031
      6.588    -0.157    -1.029
      6.595    -0.159    -1.027
      6.601    -0.161    -1.025
      6.609    -0.163    -1.023
      6.617    -0.166    -1.021
      6.624    -0.168    -1.019
      6.632    -0.171    -1.017
      6.640    -0.173    -1.015
      6.647    -0.176    -1.013
      6.655    -0.178    -1.011
      6.663    -0.180    -1.009
      6.670    -0.183    -1.007
      6.678    -0.185    -1.005
      6.686    -0.188    -1.003
      6.693    -0.190    -1.001
      6.701    -0.193    -0.999
      6.708    -0.195    -0.997
      6.715    -0.197    -0.995
      6.722    -0.199    -0.993
      6.729    -0.202    -0.991
      6.737    -0.204    -0.989
      6.745    -0.207    -0.987
      6.753    -0.209    -0.985
      6.760    -0.212    -0.983
      6.768    -0.214    -0.981
      6.776    -0.216    -0.979
      6.783    -0.219    -0.977
      6.790    -0.221    -0.975
      6.797    -0.223    -0.974
      6.805    -0.226    -0.972
      6.812    -0.228    -0.970
      6.819    -0.230    -0.968
      6.826    -0.233    -0.966
      6.834    -0.235    -0.965
      6.841    -0.237    -0.963
      6.848    -0.240    -0.961
      6.855    -0.242    -0.959
      6.863    -0.244    -0.958
      6.870    -0.246    -0.956
      6.877    -0.249    -0.954
      6.883    -0.251    -0.953
      6.890    -0.253    -0.951
      6.897    -0.255    -0.950
      6.903    -0.257    -0.948
      6.910    -0.259    -0.946
      6.916    -0.261    -0.945
      6.923    -0.263    -0.943
      6.929    -0.265    -0.942
      6.936    -0.267    -0.941
      6.944    -0.270    -0.939
      6.951    -0.272    -0.937
      6.959    -0.274    -0.935
      6.967    -0.277    -0.934
      6.975    -0.279    -0.932
      6.983    -0.282    -0.930
      6.990    -0.284    -0.928
      6.998    -0.286    -0.927
      7.006    -0.289    -0.925
      7.014    -0.291    -0.923
      7.021    -0.293    -0.922
      7.029    -0.296    -0.920
      7.037    -0.298    -0.919
      7.044    -0.300    -0.917
      7.051    -0.303    -0.916
      7.059    -0.305    -0.914
      7.066    -0.307    -0.913
      7.074    -0.309    -0.911
      7.082    -0.312    -0.909
      7.089    -0.314    -0.908
      7.097    -0.316    -0.906
      7.105    -0.319    -0.905
      7.113    -0.321    -0.903
      7.120    -0.323    -0.902
      7.128    -0.325    -0.900
      7.135    -0.327    -0.899
      7.143    -0.330    -0.897
      7.150    -0.332    -0.896
      7.157    -0.334    -0.895
      7.165    -0.336    -0.893
      7.172    -0.338    -0.892
      7.180    -0.340    -0.891
      7.187    -0.342    -0.889
      7.194    -0.345    -0.888
      7.202    -0.347    -0.887
      7.209    -0.349    -0.885
      7.216    -0.351    -0.884
      7.224    -0.353    -0.883
      7.232    -0.355    -0.881
      7.240    -0.357    -0.880
      7.248    -0.359    -0.878
      7.256    -0.362    -0.877
      7.264    -0.364    -0.876
      7.271    -0.366    -0.875
      7.279    -0.368    -0.873
      7.286    -0.370    -0.872
      7.293    -0.372    -0.871
      7.301    -0.374    -0.870
      7.308    -0.376    -0.868
      7.316    -0.378    -0.867
      7.323    -0.380    -0.866
      7.331    -0.382    -0.865
      7.338    -0.384    -0.864
      7.346    -0.385    -0.862
      7.353    -0.387    -0.861
      7.361    -0.389    -0.860
      7.368    -0.391    -0.859
      7.375    -0.393    -0.858
      7.383    -0.395    -0.857
      7.390    -0.397    -0.856
      7.398    -0.399    -0.855
      7.406    -0.400    -0.853
      7.413    -0.402    -0.852
      7.420    -0.404    -0.851
      7.428    -0.406    -0.850
      7.435    -0.407    -0.849
      7.443    -0.409    -0.848
      7.450    -0.411    -0.847
      7.458    -0.413    -0.846
      7.465    -0.415    -0.845
      7.473    -0.416    -0.844
      7.481    -0.418    -0.843
      7.488    -0.420    -0.842
