Count of Points:37

WCS coordinates of Points:
      7.459     0.779    -1.222
      7.452     0.781    -1.224
      7.444     0.784    -1.226
      7.436     0.786    -1.227
      7.429     0.788    -1.229
      7.421     0.790    -1.231
      7.413     0.793    -1.233
      7.406     0.795    -1.235
      7.399     0.797    -1.236
      7.391     0.799    -1.238
      7.384     0.801    -1.240
      7.377     0.803    -1.242
      7.370     0.805    -1.243
      7.362     0.807    -1.245
      7.355     0.810    -1.247
      7.348     0.812    -1.249
      7.341     0.814    -1.251
      7.334     0.816    -1.253
      7.327     0.818    -1.254
      7.319     0.820    -1.256
      7.312     0.822    -1.258
      7.305     0.824    -1.260
      7.298     0.827    -1.262
      7.291     0.829    -1.264
      7.284     0.831    -1.266
      7.276     0.833    -1.268
      7.269     0.835    -1.270
      7.262     0.837    -1.272
      7.255     0.839    -1.274
      7.248     0.842    -1.276
      7.241     0.844    -1.278
      7.234     0.846    -1.280
      7.226     0.848    -1.282
      7.219     0.850    -1.284
      7.212     0.852    -1.286
      7.205     0.855    -1.288
      7.198     0.857    -1.290
