Count of Points:238

WCS coordinates of Points:
      4.177     0.962    -2.166
      4.169     0.962    -2.167
      4.162     0.962    -2.169
      4.154     0.963    -2.170
      4.146     0.963    -2.172
      4.138     0.964    -2.173
      4.130     0.964    -2.175
      4.122     0.965    -2.177
      4.115     0.965    -2.178
      4.108     0.965    -2.179
      4.101     0.966    -2.181
      4.094     0.966    -2.182
      4.086     0.966    -2.183
      4.079     0.967    -2.185
      4.072     0.967    -2.186
      4.065     0.968    -2.188
      4.058     0.968    -2.189
      4.050     0.968    -2.190
      4.043     0.969    -2.192
      4.036     0.969    -2.193
      4.029     0.970    -2.194
      4.022     0.970    -2.195
      4.016     0.970    -2.196
      4.009     0.971    -2.198
      4.002     0.971    -2.199
      3.995     0.971    -2.200
      3.988     0.972    -2.201
      3.980     0.972    -2.203
      3.973     0.972    -2.204
      3.966     0.973    -2.205
      3.959     0.973    -2.206
      3.952     0.973    -2.208
      3.945     0.974    -2.209
      3.938     0.974    -2.210
      3.931     0.974    -2.211
      3.925     0.975    -2.212
      3.917     0.975    -2.213
      3.909     0.975    -2.215
      3.902     0.976    -2.216
      3.894     0.976    -2.217
      3.887     0.976    -2.218
      3.879     0.977    -2.219
      3.871     0.977    -2.221
      3.864     0.977    -2.222
      3.857     0.978    -2.223
      3.849     0.978    -2.224
      3.842     0.978    -2.225
      3.835     0.979    -2.226
      3.828     0.979    -2.227
      3.820     0.979    -2.228
      3.813     0.979    -2.229
      3.807     0.980    -2.230
      3.800     0.980    -2.231
      3.793     0.980    -2.232
      3.786     0.980    -2.233
      3.778     0.981    -2.235
      3.771     0.981    -2.236
      3.763     0.981    -2.237
      3.756     0.981    -2.238
      3.748     0.982    -2.239
      3.740     0.982    -2.240
      3.733     0.982    -2.241
      3.725     0.982    -2.242
      3.717     0.983    -2.243
      3.710     0.983    -2.244
      3.702     0.983    -2.245
      3.694     0.983    -2.246
      3.687     0.984    -2.247
      3.679     0.984    -2.248
      3.672     0.984    -2.249
      3.664     0.984    -2.250
      3.656     0.985    -2.251
      3.648     0.985    -2.252
      3.640     0.985    -2.253
      3.632     0.985    -2.254
      3.624     0.985    -2.255
      3.616     0.986    -2.256
      3.608     0.986    -2.257
      3.601     0.986    -2.258
      3.594     0.986    -2.259
      3.587     0.986    -2.260
      3.579     0.986    -2.261
      3.572     0.986    -2.262
      3.565     0.987    -2.262
      3.558     0.987    -2.263
      3.551     0.987    -2.264
      3.545     0.987    -2.265
      3.538     0.987    -2.266
      3.530     0.987    -2.266
      3.522     0.987    -2.267
      3.515     0.987    -2.268
      3.507     0.987    -2.269
      3.499     0.988    -2.270
      3.492     0.988    -2.271
      3.484     0.988    -2.271
      3.476     0.988    -2.272
      3.469     0.988    -2.273
      3.461     0.988    -2.274
      3.453     0.988    -2.275
      3.446     0.988    -2.276
      3.438     0.988    -2.276
      3.430     0.988    -2.277
      3.423     0.988    -2.278
      3.415     0.988    -2.279
      3.407     0.988    -2.280
      3.399     0.988    -2.280
      3.391     0.988    -2.281
      3.383     0.988    -2.282
      3.375     0.988    -2.283
      3.367     0.988    -2.283
      3.359     0.988    -2.284
      3.351     0.988    -2.285
      3.344     0.988    -2.286
      3.336     0.988    -2.286
      3.328     0.988    -2.287
      3.321     0.988    -2.288
      3.313     0.988    -2.289
      3.305     0.988    -2.289
      3.297     0.987    -2.290
      3.289     0.987    -2.291
      3.281     0.987    -2.291
      3.273     0.987    -2.292
      3.265     0.987    -2.293
      3.257     0.987    -2.294
      3.249     0.987    -2.294
      3.241     0.987    -2.295
      3.233     0.986    -2.296
      3.225     0.986    -2.296
      3.217     0.986    -2.297
      3.209     0.986    -2.298
      3.201     0.986    -2.298
      3.193     0.985    -2.299
      3.186     0.985    -2.299
      3.178     0.985    -2.300
      3.171     0.985    -2.301
      3.163     0.985    -2.301
      3.156     0.984    -2.302
      3.149     0.984    -2.302
      3.141     0.984    -2.303
      3.134     0.984    -2.304
      3.127     0.983    -2.304
      3.120     0.983    -2.305
      3.113     0.983    -2.305
      3.106     0.982    -2.306
      3.099     0.982    -2.306
      3.092     0.982    -2.307
      3.085     0.981    -2.307
      3.077     0.981    -2.308
      3.069     0.981    -2.308
      3.062     0.980    -2.309
      3.054     0.980    -2.309
      3.046     0.980    -2.310
      3.039     0.979    -2.311
      3.031     0.979    -2.311
      3.023     0.978    -2.312
      3.015     0.978    -2.312
      3.008     0.977    -2.313
      3.000     0.977    -2.313
      2.992     0.977    -2.314
      2.985     0.976    -2.314
      2.977     0.976    -2.315
      2.969     0.975    -2.315
      2.961     0.974    -2.316
      2.953     0.974    -2.316
      2.945     0.973    -2.317
      2.937     0.973    -2.317
      2.929     0.972    -2.318
      2.921     0.972    -2.318
      2.913     0.971    -2.319
      2.906     0.970    -2.319
      2.898     0.970    -2.320
      2.890     0.969    -2.320
      2.883     0.968    -2.321
      2.875     0.968    -2.321
      2.867     0.967    -2.322
      2.860     0.966    -2.322
      2.852     0.966    -2.323
      2.844     0.965    -2.323
      2.836     0.964    -2.324
      2.828     0.963    -2.324
      2.820     0.963    -2.325
      2.811     0.962    -2.325
      2.803     0.961    -2.326
      2.795     0.960    -2.326
      2.787     0.959    -2.326
      2.779     0.958    -2.327
      2.771     0.958    -2.327
      2.763     0.957    -2.328
      2.756     0.956    -2.328
      2.748     0.955    -2.329
      2.741     0.954    -2.329
      2.733     0.953    -2.330
      2.726     0.952    -2.330
      2.718     0.951    -2.330
      2.710     0.950    -2.331
      2.703     0.949    -2.331
      2.695     0.948    -2.332
      2.687     0.947    -2.332
      2.680     0.946    -2.332
      2.672     0.945    -2.333
      2.664     0.944    -2.333
      2.656     0.943    -2.334
      2.648     0.942    -2.334
      2.640     0.941    -2.335
      2.632     0.940    -2.335
      2.624     0.938    -2.335
      2.616     0.937    -2.336
      2.608     0.936    -2.336
      2.601     0.935    -2.337
      2.593     0.933    -2.337
      2.585     0.932    -2.337
      2.577     0.931    -2.338
      2.569     0.929    -2.338
      2.561     0.928    -2.339
      2.554     0.927    -2.339
      2.546     0.926    -2.339
      2.539     0.924    -2.340
      2.531     0.923    -2.340
      2.523     0.922    -2.341
      2.515     0.920    -2.341
      2.507     0.919    -2.341
      2.499     0.917    -2.342
      2.491     0.916    -2.342
      2.484     0.914    -2.343
      2.476     0.913    -2.343
      2.469     0.911    -2.343
      2.461     0.910    -2.344
      2.454     0.908    -2.344
      2.446     0.907    -2.344
      2.439     0.905    -2.345
      2.431     0.903    -2.345
      2.424     0.902    -2.346
      2.416     0.900    -2.346
      2.409     0.899    -2.346
      2.402     0.897    -2.347
      2.394     0.895    -2.347
      2.387     0.894    -2.347
      2.380     0.892    -2.348
