Count of Points:874

WCS coordinates of Points:
      7.375    -1.363    -0.330
      7.368    -1.361    -0.330
      7.361    -1.360    -0.331
      7.354    -1.358    -0.332
      7.347    -1.357    -0.332
      7.340    -1.355    -0.333
      7.333    -1.354    -0.334
      7.326    -1.352    -0.334
      7.320    -1.350    -0.335
      7.313    -1.349    -0.335
      7.306    -1.347    -0.336
      7.299    -1.346    -0.337
      7.292    -1.344    -0.337
      7.285    -1.342    -0.338
      7.278    -1.341    -0.339
      7.271    -1.339    -0.339
      7.264    -1.338    -0.340
      7.257    -1.336    -0.341
      7.250    -1.334    -0.341
      7.243    -1.333    -0.342
      7.236    -1.331    -0.343
      7.229    -1.329    -0.343
      7.222    -1.327    -0.344
      7.215    -1.326    -0.345
      7.207    -1.324    -0.345
      7.199    -1.322    -0.346
      7.192    -1.320    -0.347
      7.184    -1.318    -0.348
      7.177    -1.316    -0.348
      7.170    -1.314    -0.349
      7.163    -1.312    -0.350
      7.156    -1.311    -0.350
      7.149    -1.309    -0.351
      7.142    -1.307    -0.352
      7.135    -1.305    -0.352
      7.128    -1.303    -0.353
      7.120    -1.301    -0.354
      7.113    -1.299    -0.355
      7.105    -1.297    -0.355
      7.097    -1.295    -0.356
      7.090    -1.293    -0.357
      7.082    -1.291    -0.358
      7.075    -1.289    -0.358
      7.067    -1.287    -0.359
      7.059    -1.284    -0.360
      7.052    -1.282    -0.361
      7.044    -1.280    -0.362
      7.037    -1.278    -0.362
      7.029    -1.276    -0.363
      7.022    -1.274    -0.364
      7.015    -1.272    -0.365
      7.008    -1.270    -0.365
      7.001    -1.268    -0.366
      6.994    -1.266    -0.367
      6.988    -1.264    -0.368
      6.981    -1.262    -0.368
      6.974    -1.260    -0.369
      6.966    -1.257    -0.370
      6.959    -1.255    -0.371
      6.951    -1.253    -0.371
      6.944    -1.250    -0.372
      6.936    -1.248    -0.373
      6.929    -1.246    -0.374
      6.921    -1.243    -0.375
      6.913    -1.241    -0.375
      6.906    -1.239    -0.376
      6.898    -1.236    -0.377
      6.891    -1.234    -0.378
      6.884    -1.232    -0.379
      6.876    -1.229    -0.380
      6.869    -1.227    -0.380
      6.861    -1.224    -0.381
      6.854    -1.222    -0.382
      6.846    -1.219    -0.383
      6.839    -1.217    -0.384
      6.831    -1.215    -0.385
      6.824    -1.212    -0.385
      6.817    -1.210    -0.386
      6.809    -1.207    -0.387
      6.802    -1.205    -0.388
      6.795    -1.202    -0.389
      6.787    -1.200    -0.390
      6.780    -1.197    -0.390
      6.772    -1.195    -0.391
      6.765    -1.192    -0.392
      6.757    -1.189    -0.393
      6.750    -1.187    -0.394
      6.743    -1.184    -0.395
      6.736    -1.182    -0.395
      6.729    -1.180    -0.396
      6.723    -1.177    -0.397
      6.716    -1.175    -0.398
      6.709    -1.173    -0.398
      6.702    -1.170    -0.399
      6.695    -1.168    -0.400
      6.687    -1.165    -0.401
      6.680    -1.162    -0.402
      6.673    -1.160    -0.403
      6.665    -1.157    -0.404
      6.658    -1.154    -0.404
      6.650    -1.152    -0.405
      6.643    -1.149    -0.406
      6.636    -1.146    -0.407
      6.628    -1.143    -0.408
      6.621    -1.141    -0.409
      6.614    -1.138    -0.410
      6.606    -1.135    -0.410
      6.599    -1.133    -0.411
      6.592    -1.130    -0.412
      6.584    -1.127    -0.413
      6.577    -1.124    -0.414
      6.570    -1.122    -0.415
      6.562    -1.119    -0.416
      6.555    -1.116    -0.416
      6.548    -1.113    -0.417
      6.540    -1.111    -0.418
      6.533    -1.108    -0.419
      6.526    -1.105    -0.420
      6.518    -1.102    -0.421
      6.511    -1.099    -0.422
      6.504    -1.096    -0.422
      6.496    -1.093    -0.423
      6.489    -1.091    -0.424
      6.482    -1.088    -0.425
      6.474    -1.085    -0.426
      6.467    -1.082    -0.427
      6.460    -1.079    -0.428
      6.452    -1.076    -0.428
      6.445    -1.073    -0.429
      6.438    -1.070    -0.430
      6.431    -1.067    -0.431
      6.423    -1.065    -0.432
      6.416    -1.062    -0.433
      6.409    -1.059    -0.434
      6.402    -1.056    -0.434
      6.394    -1.053    -0.435
      6.387    -1.050    -0.436
      6.380    -1.047    -0.437
      6.372    -1.044    -0.438
      6.365    -1.041    -0.439
      6.358    -1.038    -0.440
      6.350    -1.035    -0.440
      6.343    -1.032    -0.441
      6.336    -1.029    -0.442
      6.328    -1.026    -0.443
      6.321    -1.023    -0.444
      6.314    -1.020    -0.445
      6.307    -1.017    -0.445
      6.300    -1.014    -0.446
      6.294    -1.011    -0.447
      6.287    -1.008    -0.448
      6.280    -1.006    -0.449
      6.274    -1.003    -0.449
      6.267    -1.000    -0.450
      6.261    -0.997    -0.451
      6.254    -0.994    -0.452
      6.247    -0.992    -0.452
      6.241    -0.989    -0.453
      6.234    -0.986    -0.454
      6.228    -0.983    -0.455
      6.220    -0.980    -0.455
      6.213    -0.977    -0.456
      6.206    -0.974    -0.457
      6.199    -0.971    -0.458
      6.191    -0.968    -0.459
      6.184    -0.964    -0.460
      6.177    -0.961    -0.460
      6.170    -0.958    -0.461
      6.162    -0.955    -0.462
      6.155    -0.952    -0.463
      6.148    -0.949    -0.464
      6.141    -0.946    -0.464
      6.134    -0.942    -0.465
      6.127    -0.939    -0.466
      6.120    -0.936    -0.467
      6.112    -0.933    -0.468
      6.105    -0.930    -0.468
      6.098    -0.927    -0.469
      6.091    -0.923    -0.470
      6.084    -0.920    -0.471
      6.076    -0.917    -0.471
      6.069    -0.914    -0.472
      6.062    -0.911    -0.473
      6.055    -0.907    -0.474
      6.048    -0.904    -0.474
      6.041    -0.901    -0.475
      6.033    -0.898    -0.476
      6.026    -0.894    -0.477
      6.019    -0.891    -0.478
      6.012    -0.888    -0.478
      6.005    -0.885    -0.479
      5.997    -0.881    -0.480
      5.990    -0.878    -0.481
      5.983    -0.875    -0.481
      5.976    -0.871    -0.482
      5.969    -0.868    -0.483
      5.962    -0.865    -0.483
      5.955    -0.862    -0.484
      5.948    -0.858    -0.485
      5.941    -0.855    -0.486
      5.933    -0.852    -0.486
      5.926    -0.849    -0.487
      5.919    -0.845    -0.488
      5.912    -0.842    -0.489
      5.905    -0.839    -0.489
      5.897    -0.835    -0.490
      5.890    -0.832    -0.491
      5.883    -0.828    -0.491
      5.876    -0.825    -0.492
      5.869    -0.822    -0.493
      5.862    -0.818    -0.493
      5.854    -0.815    -0.494
      5.847    -0.812    -0.495
      5.841    -0.808    -0.495
      5.834    -0.805    -0.496
      5.828    -0.802    -0.497
      5.821    -0.799    -0.497
      5.814    -0.796    -0.498
      5.808    -0.793    -0.499
      5.801    -0.790    -0.499
      5.794    -0.786    -0.500
      5.786    -0.783    -0.501
      5.779    -0.779    -0.501
      5.772    -0.776    -0.502
      5.765    -0.773    -0.502
      5.758    -0.769    -0.503
      5.751    -0.766    -0.504
      5.744    -0.762    -0.504
      5.737    -0.759    -0.505
      5.730    -0.756    -0.506
      5.723    -0.752    -0.506
      5.716    -0.749    -0.507
      5.709    -0.745    -0.507
      5.701    -0.742    -0.508
      5.694    -0.738    -0.509
      5.687    -0.735    -0.509
      5.680    -0.731    -0.510
      5.673    -0.728    -0.511
      5.666    -0.724    -0.511
      5.659    -0.721    -0.512
      5.652    -0.717    -0.512
      5.644    -0.714    -0.513
      5.638    -0.711    -0.513
      5.631    -0.707    -0.514
      5.625    -0.704    -0.514
      5.618    -0.701    -0.515
      5.612    -0.698    -0.516
      5.605    -0.695    -0.516
      5.598    -0.691    -0.517
      5.591    -0.687    -0.517
      5.584    -0.684    -0.518
      5.577    -0.680    -0.518
      5.570    -0.677    -0.519
      5.563    -0.673    -0.519
      5.556    -0.670    -0.520
      5.549    -0.667    -0.520
      5.543    -0.663    -0.521
      5.536    -0.660    -0.521
      5.530    -0.657    -0.522
      5.523    -0.654    -0.522
      5.517    -0.650    -0.523
      5.510    -0.647    -0.523
      5.504    -0.644    -0.524
      5.497    -0.640    -0.524
      5.491    -0.637    -0.525
      5.484    -0.634    -0.525
      5.478    -0.631    -0.526
      5.472    -0.628    -0.526
      5.465    -0.624    -0.526
      5.459    -0.621    -0.527
      5.453    -0.618    -0.527
      5.447    -0.615    -0.528
      5.441    -0.612    -0.528
      5.434    -0.609    -0.529
      5.428    -0.605    -0.529
      5.421    -0.602    -0.529
      5.415    -0.599    -0.530
      5.409    -0.596    -0.530
      5.402    -0.592    -0.531
      5.395    -0.589    -0.531
      5.388    -0.585    -0.532
      5.381    -0.581    -0.532
      5.374    -0.578    -0.532
      5.367    -0.574    -0.533
      5.360    -0.571    -0.533
      5.353    -0.567    -0.534
      5.346    -0.563    -0.534
      5.339    -0.560    -0.535
      5.332    -0.556    -0.535
      5.325    -0.553    -0.535
      5.318    -0.549    -0.536
      5.311    -0.545    -0.536
      5.304    -0.542    -0.537
      5.297    -0.538    -0.537
      5.290    -0.535    -0.537
      5.283    -0.531    -0.538
      5.276    -0.527    -0.538
      5.269    -0.524    -0.539
      5.262    -0.520    -0.539
      5.255    -0.516    -0.539
      5.248    -0.513    -0.540
      5.241    -0.509    -0.540
      5.234    -0.506    -0.540
      5.227    -0.502    -0.541
      5.220    -0.498    -0.541
      5.213    -0.495    -0.542
      5.206    -0.491    -0.542
      5.199    -0.487    -0.542
      5.192    -0.484    -0.543
      5.185    -0.480    -0.543
      5.178    -0.476    -0.543
      5.171    -0.473    -0.544
      5.164    -0.469    -0.544
      5.157    -0.465    -0.544
      5.150    -0.462    -0.545
      5.143    -0.458    -0.545
      5.136    -0.454    -0.545
      5.129    -0.451    -0.546
      5.122    -0.447    -0.546
      5.115    -0.443    -0.546
      5.108    -0.440    -0.547
      5.101    -0.436    -0.547
      5.094    -0.432    -0.547
      5.087    -0.429    -0.548
      5.080    -0.425    -0.548
      5.073    -0.421    -0.548
      5.066    -0.417    -0.548
      5.059    -0.414    -0.549
      5.052    -0.410    -0.549
      5.045    -0.406    -0.549
      5.038    -0.403    -0.550
      5.031    -0.399    -0.550
      5.024    -0.396    -0.550
      5.018    -0.392    -0.550
      5.011    -0.389    -0.551
      5.005    -0.385    -0.551
      4.999    -0.382    -0.551
      4.992    -0.379    -0.551
      4.985    -0.375    -0.552
      4.978    -0.371    -0.552
      4.971    -0.367    -0.552
      4.964    -0.364    -0.553
      4.957    -0.360    -0.553
      4.950    -0.356    -0.553
      4.943    -0.353    -0.553
      4.936    -0.349    -0.554
      4.930    -0.345    -0.554
      4.922    -0.342    -0.554
      4.915    -0.338    -0.554
      4.908    -0.334    -0.554
      4.901    -0.331    -0.555
      4.894    -0.327    -0.555
      4.887    -0.323    -0.555
      4.880    -0.319    -0.555
      4.873    -0.316    -0.556
      4.866    -0.312    -0.556
      4.859    -0.308    -0.556
      4.852    -0.305    -0.556
      4.845    -0.301    -0.557
      4.838    -0.297    -0.557
      4.831    -0.294    -0.557
      4.825    -0.290    -0.557
      4.818    -0.287    -0.557
      4.812    -0.283    -0.558
      4.805    -0.280    -0.558
      4.799    -0.277    -0.558
      4.792    -0.273    -0.558
      4.785    -0.269    -0.558
      4.778    -0.266    -0.559
      4.771    -0.262    -0.559
      4.764    -0.258    -0.559
      4.757    -0.255    -0.559
      4.750    -0.251    -0.559
      4.743    -0.247    -0.560
      4.737    -0.244    -0.560
      4.730    -0.241    -0.560
      4.724    -0.237    -0.560
      4.717    -0.234    -0.560
      4.711    -0.230    -0.560
      4.704    -0.227    -0.561
      4.698    -0.224    -0.561
      4.691    -0.220    -0.561
      4.685    -0.217    -0.561
      4.679    -0.214    -0.561
      4.672    -0.210    -0.561
      4.666    -0.207    -0.562
      4.660    -0.204    -0.562
      4.653    -0.201    -0.562
      4.647    -0.197    -0.562
      4.641    -0.194    -0.562
      4.635    -0.191    -0.562
      4.628    -0.187    -0.562
      4.621    -0.184    -0.563
      4.614    -0.180    -0.563
      4.607    -0.177    -0.563
      4.600    -0.173    -0.563
      4.593    -0.169    -0.563
      4.586    -0.166    -0.563
      4.579    -0.162    -0.563
      4.572    -0.159    -0.564
      4.565    -0.155    -0.564
      4.558    -0.151    -0.564
      4.551    -0.148    -0.564
      4.544    -0.144    -0.564
      4.537    -0.141    -0.564
      4.530    -0.137    -0.564
      4.523    -0.133    -0.565
      4.516    -0.130    -0.565
      4.508    -0.126    -0.565
      4.501    -0.123    -0.565
      4.494    -0.119    -0.565
      4.487    -0.115    -0.565
      4.480    -0.112    -0.565
      4.473    -0.108    -0.566
      4.466    -0.105    -0.566
      4.460    -0.102    -0.566
      4.453    -0.098    -0.566
      4.447    -0.095    -0.566
      4.440    -0.092    -0.566
      4.434    -0.089    -0.566
      4.427    -0.085    -0.566
      4.420    -0.082    -0.566
      4.412    -0.078    -0.567
      4.405    -0.075    -0.567
      4.398    -0.071    -0.567
      4.391    -0.068    -0.567
      4.384    -0.064    -0.567
      4.377    -0.061    -0.567
      4.371    -0.058    -0.567
      4.364    -0.054    -0.567
      4.358    -0.051    -0.567
      4.351    -0.048    -0.567
      4.345    -0.045    -0.568
      4.338    -0.042    -0.568
      4.332    -0.038    -0.568
      4.325    -0.035    -0.568
      4.318    -0.032    -0.568
      4.312    -0.029    -0.568
      4.305    -0.026    -0.568
      4.299    -0.023    -0.568
      4.293    -0.020    -0.568
      4.287    -0.017    -0.568
      4.281    -0.014    -0.568
      4.274    -0.011    -0.568
      4.267    -0.008    -0.569
      4.260    -0.004    -0.569
      4.253    -0.001    -0.569
      4.246     0.003    -0.569
      4.238     0.006    -0.569
      4.231     0.009    -0.569
      4.224     0.013    -0.569
      4.217     0.016    -0.569
      4.211     0.019    -0.569
      4.204     0.022    -0.569
      4.198     0.025    -0.569
      4.191     0.028    -0.569
      4.184     0.031    -0.570
      4.178     0.034    -0.570
      4.171     0.037    -0.570
      4.164     0.040    -0.570
      4.158     0.043    -0.570
      4.151     0.046    -0.570
      4.145     0.049    -0.570
      4.138     0.052    -0.570
      4.132     0.055    -0.570
      4.126     0.058    -0.570
      4.120     0.061    -0.570
      4.113     0.064    -0.570
      4.107     0.066    -0.570
      4.100     0.069    -0.570
      4.093     0.072    -0.570
      4.087     0.075    -0.570
      4.080     0.078    -0.571
      4.073     0.081    -0.571
      4.067     0.084    -0.571
      4.061     0.087    -0.571
      4.054     0.090    -0.571
      4.048     0.092    -0.571
      4.042     0.095    -0.571
      4.035     0.098    -0.571
      4.028     0.101    -0.571
      4.021     0.104    -0.571
      4.014     0.107    -0.571
      4.007     0.110    -0.571
      4.000     0.113    -0.571
      3.992     0.116    -0.571
      3.985     0.119    -0.571
      3.979     0.122    -0.571
      3.972     0.125    -0.571
      3.965     0.127    -0.571
      3.959     0.130    -0.572
      3.952     0.133    -0.572
      3.945     0.136    -0.572
      3.939     0.138    -0.572
      3.931     0.141    -0.572
      3.924     0.144    -0.572
      3.917     0.147    -0.572
      3.909     0.150    -0.572
      3.902     0.153    -0.572
      3.895     0.156    -0.572
      3.887     0.159    -0.572
      3.880     0.162    -0.572
      3.873     0.165    -0.572
      3.865     0.168    -0.572
      3.858     0.171    -0.572
      3.851     0.174    -0.572
      3.843     0.177    -0.572
      3.836     0.179    -0.572
      3.829     0.182    -0.572
      3.821     0.185    -0.572
      3.814     0.188    -0.572
      3.806     0.191    -0.572
      3.799     0.194    -0.573
      3.792     0.196    -0.573
      3.784     0.199    -0.573
      3.777     0.202    -0.573
      3.770     0.204    -0.573
      3.762     0.207    -0.573
      3.755     0.210    -0.573
      3.747     0.213    -0.573
      3.740     0.215    -0.573
      3.732     0.218    -0.573
      3.725     0.221    -0.573
      3.717     0.223    -0.573
      3.710     0.226    -0.573
      3.703     0.229    -0.573
      3.695     0.231    -0.573
      3.688     0.234    -0.573
      3.680     0.236    -0.573
      3.673     0.239    -0.573
      3.665     0.242    -0.573
      3.658     0.244    -0.573
      3.651     0.247    -0.573
      3.643     0.249    -0.573
      3.635     0.252    -0.573
      3.628     0.254    -0.573
      3.620     0.257    -0.573
      3.613     0.259    -0.573
      3.605     0.261    -0.573
      3.598     0.264    -0.573
      3.590     0.266    -0.573
      3.583     0.269    -0.573
      3.575     0.271    -0.573
      3.567     0.273    -0.573
      3.560     0.276    -0.573
      3.552     0.278    -0.573
      3.545     0.281    -0.573
      3.538     0.283    -0.574
      3.531     0.285    -0.574
      3.524     0.287    -0.574
      3.517     0.289    -0.574
      3.510     0.291    -0.574
      3.503     0.293    -0.574
      3.495     0.295    -0.574
      3.487     0.297    -0.574
      3.480     0.300    -0.574
      3.472     0.302    -0.574
      3.465     0.304    -0.574
      3.457     0.306    -0.574
      3.450     0.308    -0.574
      3.442     0.310    -0.574
      3.434     0.312    -0.574
      3.427     0.314    -0.574
      3.419     0.316    -0.574
      3.411     0.318    -0.574
      3.404     0.321    -0.574
      3.396     0.323    -0.574
      3.388     0.324    -0.574
      3.381     0.326    -0.574
      3.373     0.328    -0.574
      3.365     0.330    -0.574
      3.358     0.332    -0.574
      3.350     0.334    -0.574
      3.342     0.336    -0.574
      3.334     0.338    -0.574
      3.327     0.340    -0.574
      3.320     0.341    -0.574
      3.312     0.343    -0.574
      3.305     0.345    -0.574
      3.298     0.346    -0.574
      3.291     0.348    -0.574
      3.284     0.350    -0.574
      3.276     0.351    -0.574
      3.268     0.353    -0.574
      3.261     0.355    -0.574
      3.253     0.356    -0.574
      3.245     0.358    -0.574
      3.237     0.360    -0.574
      3.230     0.361    -0.574
      3.222     0.363    -0.574
      3.215     0.364    -0.574
      3.208     0.365    -0.574
      3.201     0.367    -0.574
      3.194     0.368    -0.574
      3.187     0.370    -0.574
      3.179     0.371    -0.574
      3.172     0.372    -0.574
      3.165     0.374    -0.574
      3.158     0.375    -0.574
      3.151     0.376    -0.574
      3.144     0.377    -0.574
      3.137     0.379    -0.574
      3.130     0.380    -0.574
      3.123     0.381    -0.574
      3.117     0.382    -0.574
      3.110     0.383    -0.574
      3.102     0.384    -0.574
      3.094     0.386    -0.574
      3.086     0.387    -0.574
      3.078     0.388    -0.574
      3.071     0.389    -0.574
      3.063     0.390    -0.574
      3.055     0.392    -0.574
      3.047     0.393    -0.574
      3.040     0.394    -0.574
      3.032     0.395    -0.574
      3.024     0.396    -0.574
      3.016     0.397    -0.574
      3.008     0.398    -0.574
      3.000     0.399    -0.574
      2.992     0.400    -0.574
      2.984     0.401    -0.574
      2.977     0.402    -0.574
      2.969     0.403    -0.574
      2.961     0.403    -0.574
      2.953     0.404    -0.574
      2.945     0.405    -0.574
      2.937     0.406    -0.574
      2.929     0.407    -0.574
      2.922     0.407    -0.574
      2.915     0.408    -0.574
      2.907     0.409    -0.574
      2.900     0.409    -0.574
      2.893     0.410    -0.574
      2.886     0.411    -0.574
      2.878     0.411    -0.574
      2.870     0.412    -0.574
      2.862     0.413    -0.574
      2.854     0.413    -0.574
      2.846     0.414    -0.574
      2.838     0.414    -0.574
      2.830     0.415    -0.574
      2.823     0.415    -0.574
      2.816     0.416    -0.574
      2.808     0.416    -0.574
      2.801     0.416    -0.574
      2.794     0.417    -0.574
      2.786     0.417    -0.574
      2.779     0.417    -0.574
      2.772     0.418    -0.574
      2.765     0.418    -0.574
      2.757     0.418    -0.574
      2.750     0.418    -0.574
      2.743     0.419    -0.574
      2.736     0.419    -0.574
      2.729     0.419    -0.574
      2.722     0.419    -0.574
      2.715     0.419    -0.574
      2.708     0.419    -0.574
      2.700     0.420    -0.574
      2.692     0.420    -0.574
      2.685     0.420    -0.574
      2.677     0.420    -0.574
      2.669     0.420    -0.574
      2.661     0.420    -0.574
      2.653     0.420    -0.574
      2.645     0.420    -0.574
      2.638     0.420    -0.574
      2.631     0.420    -0.574
      2.624     0.419    -0.574
      2.616     0.419    -0.574
      2.609     0.419    -0.574
      2.602     0.419    -0.574
      2.594     0.419    -0.574
      2.587     0.419    -0.574
      2.580     0.418    -0.574
      2.573     0.418    -0.574
      2.565     0.418    -0.574
      2.558     0.418    -0.574
      2.552     0.417    -0.574
      2.545     0.417    -0.574
      2.538     0.417    -0.574
      2.531     0.416    -0.574
      2.524     0.416    -0.574
      2.516     0.416    -0.574
      2.509     0.415    -0.574
      2.502     0.415    -0.574
      2.495     0.414    -0.574
      2.487     0.414    -0.574
      2.480     0.413    -0.574
      2.474     0.413    -0.574
      2.467     0.412    -0.574
      2.460     0.412    -0.574
      2.453     0.411    -0.574
      2.445     0.411    -0.574
      2.438     0.410    -0.574
      2.430     0.409    -0.574
      2.422     0.409    -0.574
      2.415     0.408    -0.574
      2.407     0.407    -0.574
      2.400     0.406    -0.574
      2.392     0.406    -0.574
      2.384     0.405    -0.574
      2.376     0.404    -0.574
      2.368     0.403    -0.574
      2.360     0.402    -0.574
      2.352     0.401    -0.574
      2.345     0.400    -0.574
      2.337     0.399    -0.574
      2.329     0.398    -0.574
      2.322     0.397    -0.574
      2.314     0.396    -0.574
      2.306     0.395    -0.574
      2.298     0.394    -0.574
      2.290     0.393    -0.574
      2.282     0.392    -0.574
      2.274     0.391    -0.574
      2.266     0.390    -0.574
      2.259     0.388    -0.574
      2.251     0.387    -0.574
      2.243     0.386    -0.574
      2.235     0.385    -0.574
      2.227     0.383    -0.574
      2.219     0.382    -0.574
      2.211     0.381    -0.574
      2.204     0.380    -0.574
      2.197     0.378    -0.574
      2.190     0.377    -0.574
      2.183     0.376    -0.574
      2.176     0.374    -0.574
      2.168     0.373    -0.574
      2.161     0.372    -0.574
      2.153     0.370    -0.574
      2.145     0.368    -0.574
      2.137     0.367    -0.574
      2.129     0.365    -0.574
      2.122     0.364    -0.574
      2.114     0.362    -0.574
      2.107     0.361    -0.574
      2.100     0.359    -0.574
      2.092     0.358    -0.574
      2.085     0.356    -0.574
      2.078     0.354    -0.574
      2.071     0.353    -0.574
      2.064     0.351    -0.574
      2.057     0.350    -0.574
      2.050     0.348    -0.574
      2.043     0.346    -0.574
      2.036     0.345    -0.574
      2.029     0.343    -0.574
      2.022     0.341    -0.574
      2.015     0.340    -0.574
      2.009     0.338    -0.574
      2.002     0.336    -0.574
      1.995     0.335    -0.574
      1.988     0.333    -0.574
      1.980     0.331    -0.574
      1.972     0.329    -0.574
      1.964     0.327    -0.574
      1.957     0.325    -0.574
      1.949     0.322    -0.574
      1.941     0.320    -0.574
      1.934     0.318    -0.574
      1.927     0.316    -0.574
      1.920     0.314    -0.574
      1.913     0.312    -0.574
      1.906     0.310    -0.574
      1.899     0.308    -0.574
      1.892     0.306    -0.574
      1.885     0.304    -0.574
      1.878     0.302    -0.574
      1.871     0.300    -0.574
      1.864     0.298    -0.574
      1.857     0.296    -0.574
      1.851     0.294    -0.574
      1.844     0.292    -0.574
      1.838     0.290    -0.574
      1.831     0.288    -0.574
      1.825     0.286    -0.574
      1.818     0.283    -0.574
      1.811     0.281    -0.574
      1.804     0.279    -0.574
      1.797     0.277    -0.574
      1.790     0.274    -0.574
      1.783     0.272    -0.574
      1.777     0.270    -0.574
      1.770     0.268    -0.574
      1.764     0.265    -0.574
      1.757     0.263    -0.574
      1.751     0.261    -0.574
      1.743     0.258    -0.574
      1.736     0.256    -0.574
      1.729     0.253    -0.574
      1.722     0.251    -0.574
      1.714     0.248    -0.574
      1.707     0.246    -0.574
      1.700     0.243    -0.574
      1.693     0.240    -0.574
      1.685     0.237    -0.574
      1.678     0.235    -0.574
      1.670     0.232    -0.574
      1.663     0.229    -0.574
      1.656     0.226    -0.574
      1.648     0.223    -0.574
      1.641     0.220    -0.574
      1.634     0.218    -0.574
      1.627     0.215    -0.574
      1.620     0.212    -0.574
      1.614     0.210    -0.574
      1.607     0.207    -0.574
      1.600     0.204    -0.574
      1.593     0.202    -0.574
      1.587     0.199    -0.574
      1.580     0.196    -0.574
      1.573     0.193    -0.574
      1.566     0.191    -0.574
      1.560     0.188    -0.574
      1.553     0.185    -0.574
      1.547     0.182    -0.574
      1.541     0.180    -0.574
      1.534     0.177    -0.574
      1.528     0.174    -0.574
      1.521     0.171    -0.574
      1.515     0.168    -0.574
      1.508     0.165    -0.574
      1.501     0.163    -0.574
      1.495     0.160    -0.574
      1.488     0.157    -0.574
      1.482     0.154    -0.574
      1.476     0.151    -0.574
      1.469     0.148    -0.574
      1.463     0.145    -0.574
      1.457     0.142    -0.574
      1.450     0.139    -0.574
      1.443     0.136    -0.574
      1.436     0.133    -0.574
      1.429     0.129    -0.574
      1.422     0.126    -0.574
      1.415     0.123    -0.574
      1.408     0.119    -0.574
      1.401     0.116    -0.574
      1.395     0.113    -0.574
      1.388     0.110    -0.574
      1.382     0.107    -0.574
      1.375     0.103    -0.574
      1.369     0.100    -0.574
      1.362     0.097    -0.574
      1.356     0.094    -0.574
      1.350     0.091    -0.574
      1.344     0.088    -0.574
      1.337     0.085    -0.574
      1.331     0.081    -0.574
      1.325     0.078    -0.574
      1.318     0.074    -0.574
      1.311     0.071    -0.574
      1.304     0.067    -0.574
      1.297     0.064    -0.574
      1.291     0.060    -0.574
      1.284     0.057    -0.574
      1.277     0.053    -0.574
      1.270     0.049    -0.574
      1.263     0.046    -0.574
      1.257     0.042    -0.574
      1.250     0.038    -0.574
      1.243     0.035    -0.574
      1.237     0.031    -0.574
      1.230     0.027    -0.574
      1.223     0.024    -0.574
      1.216     0.020    -0.574
      1.209     0.016    -0.574
      1.202     0.012    -0.574
      1.195     0.008    -0.574
      1.188     0.004    -0.574
      1.181     0.000    -0.574
