Count of Points:185

WCS coordinates of Points:
      6.173     0.657    -1.498
      6.180     0.656    -1.495
      6.187     0.654    -1.493
      6.193     0.653    -1.490
      6.200     0.651    -1.487
      6.207     0.650    -1.485
      6.214     0.648    -1.482
      6.220     0.647    -1.480
      6.226     0.645    -1.477
      6.233     0.644    -1.475
      6.239     0.642    -1.472
      6.245     0.641    -1.470
      6.252     0.639    -1.467
      6.259     0.638    -1.465
      6.267     0.636    -1.462
      6.274     0.634    -1.459
      6.281     0.633    -1.456
      6.288     0.631    -1.454
      6.295     0.629    -1.451
      6.302     0.628    -1.448
      6.309     0.626    -1.446
      6.316     0.624    -1.443
      6.323     0.623    -1.440
      6.330     0.621    -1.437
      6.337     0.619    -1.435
      6.344     0.617    -1.432
      6.352     0.616    -1.429
      6.359     0.614    -1.427
      6.366     0.612    -1.424
      6.373     0.610    -1.421
      6.381     0.608    -1.418
      6.388     0.607    -1.415
      6.396     0.605    -1.413
      6.403     0.603    -1.410
      6.410     0.601    -1.407
      6.417     0.599    -1.404
      6.424     0.598    -1.402
      6.431     0.596    -1.399
      6.438     0.594    -1.396
      6.445     0.592    -1.394
      6.453     0.590    -1.391
      6.460     0.589    -1.388
      6.467     0.587    -1.386
      6.474     0.585    -1.383
      6.482     0.583    -1.380
      6.489     0.581    -1.377
      6.497     0.579    -1.375
      6.504     0.577    -1.372
      6.511     0.575    -1.369
      6.519     0.573    -1.366
      6.526     0.571    -1.364
      6.534     0.569    -1.361
      6.541     0.567    -1.358
      6.548     0.565    -1.355
      6.555     0.563    -1.353
      6.562     0.562    -1.350
      6.569     0.560    -1.348
      6.576     0.558    -1.345
      6.583     0.556    -1.343
      6.590     0.554    -1.340
      6.598     0.552    -1.338
      6.605     0.550    -1.335
      6.612     0.548    -1.332
      6.619     0.546    -1.330
      6.626     0.544    -1.327
      6.633     0.542    -1.325
      6.640     0.540    -1.322
      6.647     0.538    -1.320
      6.655     0.536    -1.317
      6.662     0.534    -1.314
      6.670     0.532    -1.312
      6.677     0.530    -1.309
      6.684     0.528    -1.306
      6.692     0.526    -1.304
      6.699     0.524    -1.301
      6.707     0.522    -1.299
      6.714     0.520    -1.296
      6.721     0.518    -1.293
      6.729     0.515    -1.291
      6.736     0.513    -1.288
      6.743     0.511    -1.286
      6.750     0.509    -1.283
      6.757     0.507    -1.281
      6.764     0.505    -1.279
      6.771     0.503    -1.276
      6.779     0.501    -1.274
      6.786     0.499    -1.271
      6.794     0.497    -1.269
      6.801     0.494    -1.266
      6.808     0.492    -1.263
      6.815     0.490    -1.261
      6.822     0.488    -1.259
      6.829     0.486    -1.256
      6.836     0.484    -1.254
      6.843     0.482    -1.252
      6.850     0.480    -1.249
      6.857     0.478    -1.247
      6.864     0.476    -1.245
      6.871     0.474    -1.243
      6.878     0.472    -1.240
      6.885     0.469    -1.238
      6.892     0.467    -1.236
      6.899     0.465    -1.234
      6.906     0.463    -1.231
      6.913     0.461    -1.229
      6.920     0.459    -1.227
      6.927     0.457    -1.224
      6.934     0.455    -1.222
      6.942     0.453    -1.220
      6.949     0.450    -1.218
      6.956     0.448    -1.216
      6.963     0.446    -1.213
      6.970     0.444    -1.211
      6.978     0.442    -1.209
      6.985     0.439    -1.206
      6.993     0.437    -1.204
      7.000     0.435    -1.202
      7.008     0.433    -1.200
      7.015     0.430    -1.197
      7.023     0.428    -1.195
      7.030     0.426    -1.193
      7.038     0.424    -1.191
      7.045     0.421    -1.188
      7.053     0.419    -1.186
      7.060     0.417    -1.184
      7.067     0.415    -1.182
      7.074     0.413    -1.180
      7.081     0.410    -1.178
      7.088     0.408    -1.176
      7.096     0.406    -1.174
      7.103     0.404    -1.172
      7.111     0.402    -1.170
      7.118     0.399    -1.167
      7.126     0.397    -1.165
      7.133     0.395    -1.163
      7.140     0.393    -1.161
      7.147     0.390    -1.159
      7.155     0.388    -1.157
      7.162     0.386    -1.155
      7.169     0.384    -1.154
      7.176     0.382    -1.152
      7.183     0.380    -1.150
      7.190     0.378    -1.148
      7.197     0.376    -1.146
      7.204     0.373    -1.144
      7.211     0.371    -1.142
      7.218     0.369    -1.141
      7.225     0.367    -1.139
      7.232     0.365    -1.137
      7.240     0.363    -1.135
      7.248     0.361    -1.133
      7.255     0.359    -1.131
      7.263     0.356    -1.129
      7.270     0.354    -1.128
      7.278     0.352    -1.126
      7.285     0.350    -1.124
      7.292     0.348    -1.122
      7.300     0.346    -1.121
      7.307     0.344    -1.119
      7.314     0.342    -1.117
      7.321     0.339    -1.116
      7.328     0.337    -1.114
      7.336     0.335    -1.112
      7.343     0.333    -1.111
      7.350     0.331    -1.109
      7.357     0.329    -1.108
      7.364     0.327    -1.106
      7.371     0.325    -1.105
      7.378     0.323    -1.103
      7.386     0.321    -1.101
      7.393     0.319    -1.100
      7.400     0.317    -1.098
      7.407     0.315    -1.097
      7.415     0.313    -1.095
      7.422     0.311    -1.094
      7.429     0.309    -1.093
      7.436     0.307    -1.091
      7.443     0.305    -1.090
      7.450     0.303    -1.088
      7.458     0.301    -1.087
      7.465     0.300    -1.085
      7.472     0.298    -1.084
      7.480     0.296    -1.083
      7.487     0.294    -1.081
      7.494     0.292    -1.080
