Count of Points:809

WCS coordinates of Points:
      7.500     0.039    -1.003
      7.493     0.041    -1.004
      7.486     0.042    -1.006
      7.478     0.044    -1.007
      7.471     0.046    -1.008
      7.464     0.048    -1.009
      7.457     0.050    -1.010
      7.450     0.052    -1.011
      7.443     0.053    -1.012
      7.435     0.055    -1.014
      7.428     0.057    -1.015
      7.421     0.059    -1.016
      7.413     0.061    -1.017
      7.406     0.063    -1.019
      7.398     0.065    -1.020
      7.391     0.067    -1.021
      7.383     0.069    -1.023
      7.376     0.071    -1.024
      7.369     0.073    -1.026
      7.361     0.075    -1.027
      7.354     0.077    -1.028
      7.347     0.079    -1.030
      7.340     0.081    -1.031
      7.333     0.083    -1.032
      7.326     0.085    -1.034
      7.319     0.087    -1.035
      7.312     0.089    -1.037
      7.304     0.091    -1.038
      7.297     0.093    -1.040
      7.289     0.095    -1.041
      7.282     0.097    -1.043
      7.275     0.099    -1.044
      7.268     0.101    -1.046
      7.261     0.103    -1.047
      7.254     0.105    -1.049
      7.247     0.107    -1.050
      7.240     0.109    -1.052
      7.233     0.111    -1.053
      7.226     0.113    -1.055
      7.219     0.115    -1.057
      7.213     0.117    -1.058
      7.206     0.119    -1.060
      7.199     0.121    -1.061
      7.192     0.123    -1.063
      7.185     0.125    -1.065
      7.179     0.127    -1.066
      7.171     0.129    -1.068
      7.164     0.132    -1.070
      7.157     0.134    -1.071
      7.149     0.136    -1.073
      7.142     0.138    -1.075
      7.135     0.140    -1.077
      7.128     0.142    -1.078
      7.121     0.144    -1.080
      7.114     0.146    -1.082
      7.108     0.148    -1.084
      7.101     0.151    -1.085
      7.094     0.153    -1.087
      7.087     0.155    -1.089
      7.080     0.157    -1.091
      7.073     0.159    -1.093
      7.067     0.161    -1.094
      7.060     0.163    -1.096
      7.053     0.165    -1.098
      7.046     0.167    -1.100
      7.040     0.169    -1.102
      7.033     0.171    -1.103
      7.026     0.173    -1.105
      7.019     0.175    -1.107
      7.012     0.177    -1.109
      7.006     0.179    -1.111
      6.999     0.181    -1.113
      6.992     0.183    -1.115
      6.986     0.185    -1.116
      6.979     0.187    -1.118
      6.972     0.189    -1.120
      6.965     0.192    -1.122
      6.959     0.194    -1.124
      6.952     0.196    -1.126
      6.945     0.198    -1.128
      6.938     0.200    -1.130
      6.931     0.202    -1.132
      6.924     0.204    -1.134
      6.917     0.206    -1.136
      6.910     0.208    -1.138
      6.903     0.211    -1.141
      6.896     0.213    -1.143
      6.888     0.215    -1.145
      6.882     0.217    -1.147
      6.875     0.219    -1.149
      6.868     0.221    -1.151
      6.861     0.223    -1.153
      6.855     0.225    -1.155
      6.848     0.227    -1.157
      6.841     0.229    -1.159
      6.834     0.232    -1.161
      6.828     0.234    -1.163
      6.821     0.236    -1.166
      6.814     0.238    -1.168
      6.808     0.240    -1.170
      6.801     0.242    -1.172
      6.794     0.244    -1.174
      6.788     0.246    -1.176
      6.781     0.248    -1.178
      6.774     0.250    -1.180
      6.767     0.252    -1.182
      6.761     0.254    -1.185
      6.754     0.256    -1.187
      6.747     0.258    -1.189
      6.741     0.260    -1.191
      6.734     0.262    -1.193
      6.727     0.264    -1.195
      6.721     0.266    -1.198
      6.714     0.268    -1.200
      6.707     0.270    -1.202
      6.700     0.272    -1.204
      6.694     0.274    -1.206
      6.687     0.276    -1.209
      6.680     0.278    -1.211
      6.674     0.280    -1.213
      6.667     0.282    -1.215
      6.660     0.283    -1.218
      6.653     0.285    -1.220
      6.647     0.287    -1.222
      6.640     0.289    -1.224
      6.634     0.291    -1.226
      6.627     0.293    -1.229
      6.620     0.295    -1.231
      6.613     0.297    -1.233
      6.607     0.299    -1.236
      6.600     0.301    -1.238
      6.593     0.303    -1.240
      6.587     0.305    -1.242
      6.580     0.307    -1.245
      6.573     0.309    -1.247
      6.566     0.310    -1.249
      6.560     0.312    -1.252
      6.553     0.314    -1.254
      6.546     0.316    -1.256
      6.539     0.318    -1.259
      6.533     0.320    -1.261
      6.525     0.322    -1.264
      6.518     0.324    -1.266
      6.510     0.326    -1.269
      6.503     0.328    -1.271
      6.496     0.330    -1.274
      6.489     0.332    -1.276
      6.481     0.334    -1.279
      6.474     0.336    -1.281
      6.467     0.338    -1.284
      6.460     0.340    -1.287
      6.453     0.342    -1.289
      6.446     0.344    -1.291
      6.439     0.346    -1.294
      6.433     0.347    -1.296
      6.426     0.349    -1.299
      6.419     0.351    -1.301
      6.413     0.353    -1.303
      6.406     0.355    -1.306
      6.399     0.356    -1.308
      6.392     0.358    -1.311
      6.386     0.360    -1.313
      6.379     0.362    -1.315
      6.373     0.363    -1.318
      6.366     0.365    -1.320
      6.359     0.367    -1.322
      6.353     0.368    -1.325
      6.346     0.370    -1.327
      6.339     0.372    -1.330
      6.332     0.374    -1.332
      6.326     0.375    -1.335
      6.319     0.377    -1.337
      6.312     0.379    -1.339
      6.306     0.380    -1.342
      6.299     0.382    -1.344
      6.293     0.384    -1.347
      6.286     0.386    -1.349
      6.279     0.387    -1.351
      6.272     0.389    -1.354
      6.266     0.391    -1.356
      6.259     0.392    -1.359
      6.252     0.394    -1.361
      6.245     0.396    -1.364
      6.239     0.397    -1.366
      6.232     0.399    -1.369
      6.225     0.401    -1.371
      6.218     0.402    -1.373
      6.212     0.404    -1.376
      6.205     0.405    -1.378
      6.198     0.407    -1.381
      6.192     0.409    -1.383
      6.185     0.410    -1.386
      6.178     0.412    -1.388
      6.172     0.413    -1.390
      6.165     0.415    -1.393
      6.158     0.417    -1.395
      6.151     0.418    -1.398
      6.145     0.420    -1.400
      6.138     0.421    -1.403
      6.131     0.423    -1.405
      6.124     0.425    -1.408
      6.118     0.426    -1.410
      6.111     0.428    -1.413
      6.104     0.429    -1.415
      6.097     0.431    -1.418
      6.090     0.433    -1.420
      6.082     0.434    -1.423
      6.075     0.436    -1.426
      6.067     0.438    -1.429
      6.060     0.439    -1.431
      6.053     0.441    -1.434
      6.046     0.442    -1.436
      6.040     0.444    -1.439
      6.033     0.445    -1.441
      6.026     0.447    -1.444
      6.020     0.448    -1.446
      6.013     0.450    -1.448
      6.006     0.451    -1.451
      6.000     0.453    -1.453
      5.993     0.454    -1.456
      5.986     0.456    -1.458
      5.979     0.457    -1.461
      5.972     0.459    -1.463
      5.966     0.460    -1.466
      5.959     0.462    -1.468
      5.952     0.463    -1.471
      5.945     0.465    -1.473
      5.938     0.466    -1.475
      5.932     0.467    -1.478
      5.925     0.469    -1.480
      5.918     0.470    -1.483
      5.911     0.472    -1.485
      5.904     0.473    -1.488
      5.897     0.475    -1.490
      5.889     0.476    -1.493
      5.882     0.478    -1.496
      5.874     0.479    -1.498
      5.867     0.481    -1.501
      5.860     0.482    -1.504
      5.853     0.484    -1.506
      5.847     0.485    -1.509
      5.840     0.486    -1.511
      5.833     0.488    -1.513
      5.826     0.489    -1.516
      5.819     0.491    -1.518
      5.812     0.492    -1.521
      5.804     0.493    -1.524
      5.797     0.495    -1.526
      5.789     0.496    -1.529
      5.782     0.498    -1.532
      5.774     0.499    -1.534
      5.767     0.501    -1.537
      5.759     0.502    -1.540
      5.752     0.504    -1.542
      5.744     0.505    -1.545
      5.737     0.507    -1.548
      5.729     0.508    -1.550
      5.722     0.509    -1.553
      5.715     0.511    -1.555
      5.707     0.512    -1.558
      5.700     0.514    -1.560
      5.693     0.515    -1.563
      5.686     0.516    -1.566
      5.678     0.518    -1.568
      5.671     0.519    -1.571
      5.664     0.520    -1.573
      5.657     0.522    -1.575
      5.651     0.523    -1.578
      5.644     0.524    -1.580
      5.637     0.525    -1.582
      5.630     0.527    -1.585
      5.623     0.528    -1.587
      5.616     0.529    -1.590
      5.609     0.530    -1.592
      5.603     0.532    -1.594
      5.596     0.533    -1.597
      5.589     0.534    -1.599
      5.582     0.535    -1.601
      5.576     0.536    -1.604
      5.569     0.538    -1.606
      5.562     0.539    -1.608
      5.555     0.540    -1.611
      5.548     0.541    -1.613
      5.541     0.543    -1.615
      5.535     0.544    -1.617
      5.528     0.545    -1.620
      5.521     0.546    -1.622
      5.514     0.547    -1.624
      5.507     0.548    -1.627
      5.500     0.550    -1.629
      5.494     0.551    -1.631
      5.487     0.552    -1.634
      5.480     0.553    -1.636
      5.473     0.554    -1.638
      5.466     0.555    -1.640
      5.459     0.557    -1.643
      5.452     0.558    -1.645
      5.445     0.559    -1.647
      5.438     0.560    -1.649
      5.431     0.561    -1.652
      5.425     0.562    -1.654
      5.418     0.563    -1.656
      5.411     0.564    -1.658
      5.404     0.565    -1.660
      5.397     0.567    -1.663
      5.390     0.568    -1.665
      5.383     0.569    -1.667
      5.376     0.570    -1.669
      5.369     0.571    -1.672
      5.363     0.572    -1.674
      5.356     0.573    -1.676
      5.349     0.574    -1.678
      5.342     0.575    -1.680
      5.335     0.576    -1.683
      5.328     0.577    -1.685
      5.321     0.579    -1.687
      5.314     0.580    -1.689
      5.307     0.581    -1.691
      5.299     0.582    -1.694
      5.292     0.583    -1.696
      5.284     0.584    -1.698
      5.276     0.585    -1.701
      5.269     0.586    -1.703
      5.262     0.588    -1.705
      5.255     0.589    -1.707
      5.248     0.590    -1.709
      5.241     0.591    -1.712
      5.234     0.592    -1.714
      5.227     0.593    -1.716
      5.220     0.594    -1.718
      5.213     0.595    -1.720
      5.206     0.596    -1.722
      5.199     0.597    -1.724
      5.192     0.598    -1.726
      5.185     0.599    -1.728
      5.178     0.600    -1.730
      5.171     0.601    -1.732
      5.164     0.602    -1.734
      5.157     0.603    -1.736
      5.150     0.604    -1.738
      5.143     0.605    -1.740
      5.136     0.606    -1.742
      5.129     0.607    -1.744
      5.122     0.608    -1.746
      5.115     0.609    -1.748
      5.108     0.610    -1.750
      5.100     0.611    -1.753
      5.093     0.612    -1.755
      5.085     0.613    -1.757
      5.077     0.614    -1.759
      5.069     0.615    -1.761
      5.062     0.616    -1.763
      5.055     0.617    -1.765
      5.048     0.618    -1.767
      5.041     0.619    -1.769
      5.034     0.620    -1.771
      5.027     0.621    -1.773
      5.020     0.621    -1.775
      5.012     0.623    -1.777
      5.004     0.624    -1.779
      4.997     0.625    -1.781
      4.989     0.626    -1.783
      4.981     0.627    -1.785
      4.973     0.628    -1.787
      4.966     0.629    -1.789
      4.958     0.630    -1.791
      4.950     0.631    -1.793
      4.942     0.632    -1.795
      4.935     0.633    -1.797
      4.927     0.634    -1.799
      4.919     0.635    -1.801
      4.912     0.636    -1.803
      4.905     0.637    -1.805
      4.898     0.638    -1.807
      4.890     0.638    -1.809
      4.883     0.639    -1.811
      4.876     0.640    -1.812
      4.869     0.641    -1.814
      4.862     0.642    -1.816
      4.855     0.643    -1.818
      4.848     0.644    -1.819
      4.841     0.645    -1.821
      4.834     0.646    -1.823
      4.827     0.646    -1.824
      4.820     0.647    -1.826
      4.813     0.648    -1.828
      4.806     0.649    -1.830
      4.799     0.650    -1.831
      4.792     0.651    -1.833
      4.784     0.652    -1.835
      4.777     0.653    -1.836
      4.770     0.654    -1.838
      4.763     0.655    -1.840
      4.756     0.655    -1.841
      4.749     0.656    -1.843
      4.741     0.657    -1.845
      4.733     0.658    -1.847
      4.725     0.659    -1.848
      4.717     0.660    -1.850
      4.710     0.661    -1.852
      4.702     0.662    -1.854
      4.695     0.663    -1.855
      4.688     0.664    -1.857
      4.681     0.665    -1.858
      4.674     0.666    -1.860
      4.667     0.666    -1.862
      4.660     0.667    -1.863
      4.652     0.668    -1.865
      4.644     0.669    -1.867
      4.636     0.670    -1.868
      4.628     0.671    -1.870
      4.620     0.672    -1.872
      4.612     0.673    -1.873
      4.604     0.674    -1.875
      4.597     0.675    -1.877
      4.589     0.676    -1.878
      4.581     0.677    -1.880
      4.573     0.678    -1.881
      4.565     0.679    -1.883
      4.558     0.680    -1.885
      4.550     0.681    -1.886
      4.543     0.681    -1.888
      4.535     0.682    -1.889
      4.528     0.683    -1.891
      4.521     0.684    -1.892
      4.514     0.685    -1.893
      4.507     0.686    -1.895
      4.500     0.687    -1.896
      4.492     0.688    -1.898
      4.484     0.688    -1.899
      4.476     0.689    -1.901
      4.468     0.690    -1.902
      4.460     0.691    -1.904
      4.452     0.692    -1.905
      4.444     0.693    -1.907
      4.436     0.694    -1.908
      4.428     0.695    -1.910
      4.420     0.696    -1.911
      4.413     0.697    -1.913
      4.405     0.698    -1.914
      4.397     0.699    -1.916
      4.389     0.700    -1.917
      4.381     0.701    -1.918
      4.373     0.702    -1.920
      4.365     0.702    -1.921
      4.358     0.703    -1.923
      4.350     0.704    -1.924
      4.342     0.705    -1.925
      4.334     0.706    -1.927
      4.326     0.707    -1.928
      4.318     0.708    -1.929
      4.310     0.709    -1.931
      4.303     0.710    -1.932
      4.295     0.711    -1.933
      4.287     0.712    -1.935
      4.279     0.713    -1.936
      4.271     0.713    -1.937
      4.263     0.714    -1.939
      4.255     0.715    -1.940
      4.247     0.716    -1.941
      4.240     0.717    -1.942
      4.232     0.718    -1.944
      4.224     0.719    -1.945
      4.217     0.720    -1.946
      4.210     0.720    -1.947
      4.202     0.721    -1.948
      4.195     0.722    -1.949
      4.188     0.723    -1.950
      4.181     0.724    -1.952
      4.173     0.724    -1.953
      4.166     0.725    -1.954
      4.159     0.726    -1.955
      4.152     0.727    -1.956
      4.144     0.728    -1.957
      4.137     0.728    -1.958
      4.130     0.729    -1.959
      4.123     0.730    -1.960
      4.116     0.731    -1.961
      4.109     0.732    -1.962
      4.102     0.732    -1.963
      4.094     0.733    -1.964
      4.087     0.734    -1.965
      4.080     0.735    -1.966
      4.073     0.735    -1.967
      4.066     0.736    -1.968
      4.058     0.737    -1.969
      4.051     0.738    -1.970
      4.044     0.738    -1.971
      4.037     0.739    -1.972
      4.030     0.740    -1.973
      4.022     0.741    -1.974
      4.015     0.742    -1.975
      4.008     0.742    -1.976
      4.000     0.743    -1.977
      3.993     0.744    -1.977
      3.986     0.745    -1.978
      3.979     0.745    -1.979
      3.971     0.746    -1.980
      3.964     0.747    -1.981
      3.957     0.748    -1.982
      3.950     0.748    -1.983
      3.943     0.749    -1.984
      3.936     0.750    -1.985
      3.928     0.750    -1.985
      3.921     0.751    -1.986
      3.914     0.752    -1.987
      3.906     0.753    -1.988
      3.899     0.753    -1.989
      3.892     0.754    -1.990
      3.885     0.755    -1.990
      3.877     0.755    -1.991
      3.870     0.756    -1.992
      3.863     0.757    -1.993
      3.855     0.757    -1.994
      3.848     0.758    -1.994
      3.841     0.759    -1.995
      3.834     0.760    -1.996
      3.825     0.760    -1.997
      3.817     0.761    -1.998
      3.809     0.762    -1.999
      3.801     0.763    -1.999
      3.793     0.763    -2.000
      3.786     0.764    -2.001
      3.779     0.765    -2.002
      3.771     0.765    -2.002
      3.764     0.766    -2.003
      3.757     0.766    -2.004
      3.750     0.767    -2.005
      3.743     0.768    -2.005
      3.735     0.768    -2.006
      3.728     0.769    -2.007
      3.721     0.770    -2.007
      3.714     0.770    -2.008
      3.706     0.771    -2.009
      3.699     0.771    -2.009
      3.692     0.772    -2.010
      3.684     0.773    -2.011
      3.677     0.773    -2.011
      3.670     0.774    -2.012
      3.662     0.774    -2.013
      3.655     0.775    -2.013
      3.648     0.776    -2.014
      3.640     0.776    -2.015
      3.633     0.777    -2.015
      3.626     0.777    -2.016
      3.618     0.778    -2.016
      3.610     0.778    -2.017
      3.602     0.779    -2.018
      3.594     0.780    -2.018
      3.585     0.780    -2.019
      3.578     0.781    -2.020
      3.571     0.781    -2.020
      3.563     0.782    -2.021
      3.556     0.782    -2.021
      3.549     0.783    -2.022
      3.541     0.783    -2.023
      3.534     0.784    -2.023
      3.526     0.784    -2.024
      3.518     0.785    -2.024
      3.510     0.785    -2.025
      3.502     0.786    -2.026
      3.494     0.786    -2.026
      3.486     0.787    -2.027
      3.478     0.787    -2.027
      3.470     0.788    -2.028
      3.462     0.788    -2.028
      3.453     0.789    -2.029
      3.446     0.789    -2.029
      3.438     0.790    -2.030
      3.430     0.790    -2.031
      3.422     0.790    -2.031
      3.414     0.791    -2.032
      3.407     0.791    -2.032
      3.400     0.792    -2.033
      3.392     0.792    -2.033
      3.385     0.792    -2.033
      3.378     0.793    -2.034
      3.371     0.793    -2.034
      3.363     0.793    -2.035
      3.356     0.794    -2.035
      3.349     0.794    -2.036
      3.342     0.794    -2.036
      3.334     0.795    -2.037
      3.327     0.795    -2.037
      3.319     0.795    -2.037
      3.312     0.795    -2.038
      3.305     0.796    -2.038
      3.297     0.796    -2.039
      3.290     0.796    -2.039
      3.283     0.796    -2.040
      3.275     0.797    -2.040
      3.268     0.797    -2.040
      3.261     0.797    -2.041
      3.253     0.797    -2.041
      3.245     0.797    -2.042
      3.237     0.798    -2.042
      3.229     0.798    -2.043
      3.221     0.798    -2.043
      3.213     0.798    -2.043
      3.205     0.798    -2.044
      3.198     0.798    -2.044
      3.191     0.799    -2.045
      3.183     0.799    -2.045
      3.176     0.799    -2.045
      3.169     0.799    -2.046
      3.161     0.799    -2.046
      3.153     0.799    -2.046
      3.145     0.799    -2.047
      3.137     0.799    -2.047
      3.129     0.799    -2.048
      3.121     0.799    -2.048
      3.113     0.799    -2.048
      3.105     0.799    -2.049
      3.096     0.799    -2.049
      3.088     0.799    -2.049
      3.080     0.799    -2.050
      3.072     0.799    -2.050
      3.064     0.799    -2.051
      3.056     0.799    -2.051
      3.048     0.799    -2.051
      3.041     0.799    -2.052
      3.034     0.799    -2.052
      3.026     0.799    -2.052
      3.019     0.799    -2.053
      3.012     0.798    -2.053
      3.004     0.798    -2.053
      2.997     0.798    -2.053
      2.989     0.798    -2.054
      2.981     0.798    -2.054
      2.973     0.798    -2.054
      2.965     0.797    -2.055
      2.956     0.797    -2.055
      2.948     0.797    -2.055
      2.940     0.797    -2.056
      2.932     0.796    -2.056
      2.924     0.796    -2.056
      2.916     0.796    -2.057
      2.908     0.795    -2.057
      2.900     0.795    -2.057
      2.892     0.795    -2.058
      2.884     0.794    -2.058
      2.876     0.794    -2.058
      2.868     0.793    -2.059
      2.860     0.793    -2.059
      2.852     0.793    -2.059
      2.844     0.792    -2.059
      2.836     0.792    -2.060
      2.828     0.791    -2.060
      2.820     0.791    -2.060
      2.812     0.790    -2.061
      2.804     0.790    -2.061
      2.796     0.789    -2.061
      2.788     0.789    -2.061
      2.779     0.788    -2.062
      2.771     0.787    -2.062
      2.763     0.787    -2.062
      2.755     0.786    -2.062
      2.748     0.785    -2.063
      2.740     0.785    -2.063
      2.733     0.784    -2.063
      2.726     0.784    -2.063
      2.719     0.783    -2.064
      2.711     0.782    -2.064
      2.704     0.782    -2.064
      2.697     0.781    -2.064
      2.690     0.780    -2.065
      2.682     0.779    -2.065
      2.675     0.779    -2.065
      2.668     0.778    -2.065
      2.660     0.777    -2.066
      2.653     0.776    -2.066
      2.646     0.776    -2.066
      2.638     0.775    -2.066
      2.631     0.774    -2.066
      2.624     0.773    -2.067
      2.617     0.772    -2.067
      2.609     0.771    -2.067
      2.602     0.770    -2.067
      2.595     0.770    -2.067
      2.587     0.769    -2.068
      2.579     0.768    -2.068
      2.571     0.766    -2.068
      2.563     0.765    -2.068
      2.555     0.764    -2.069
      2.547     0.763    -2.069
      2.540     0.762    -2.069
      2.533     0.761    -2.069
      2.525     0.760    -2.069
      2.518     0.759    -2.070
      2.511     0.758    -2.070
      2.503     0.757    -2.070
      2.496     0.755    -2.070
      2.488     0.754    -2.070
      2.480     0.753    -2.071
      2.472     0.752    -2.071
      2.464     0.750    -2.071
      2.456     0.749    -2.071
      2.448     0.748    -2.071
      2.440     0.746    -2.072
      2.432     0.745    -2.072
      2.424     0.743    -2.072
      2.416     0.742    -2.072
      2.408     0.740    -2.072
      2.401     0.739    -2.073
      2.393     0.737    -2.073
      2.385     0.736    -2.073
      2.378     0.734    -2.073
      2.370     0.733    -2.073
      2.363     0.731    -2.073
      2.356     0.730    -2.074
      2.349     0.728    -2.074
      2.342     0.727    -2.074
      2.334     0.725    -2.074
      2.327     0.724    -2.074
      2.319     0.722    -2.074
      2.311     0.720    -2.075
      2.303     0.718    -2.075
      2.295     0.716    -2.075
      2.287     0.715    -2.075
      2.279     0.713    -2.075
      2.271     0.711    -2.076
      2.263     0.709    -2.076
      2.255     0.707    -2.076
      2.248     0.705    -2.076
      2.240     0.703    -2.076
      2.232     0.701    -2.077
      2.225     0.699    -2.077
      2.217     0.697    -2.077
      2.209     0.695    -2.077
      2.201     0.693    -2.077
      2.193     0.691    -2.077
      2.185     0.689    -2.078
      2.178     0.686    -2.078
      2.170     0.684    -2.078
      2.162     0.682    -2.078
      2.155     0.680    -2.078
      2.147     0.678    -2.079
      2.139     0.675    -2.079
      2.131     0.673    -2.079
      2.124     0.671    -2.079
      2.116     0.668    -2.079
      2.108     0.666    -2.080
      2.100     0.663    -2.080
      2.093     0.661    -2.080
      2.086     0.659    -2.080
      2.079     0.657    -2.080
      2.072     0.654    -2.081
      2.065     0.652    -2.081
      2.058     0.650    -2.081
      2.051     0.647    -2.081
      2.044     0.645    -2.081
      2.036     0.642    -2.082
      2.028     0.639    -2.082
      2.021     0.637    -2.082
      2.013     0.634    -2.082
      2.005     0.631    -2.083
      1.998     0.628    -2.083
      1.990     0.626    -2.083
      1.983     0.623    -2.083
      1.975     0.620    -2.084
      1.968     0.617    -2.084
      1.960     0.614    -2.084
      1.953     0.611    -2.084
      1.945     0.608    -2.085
      1.938     0.605    -2.085
      1.930     0.602    -2.085
      1.923     0.599    -2.085
      1.915     0.596    -2.086
      1.908     0.593    -2.086
      1.901     0.590    -2.086
      1.893     0.587    -2.087
      1.886     0.584    -2.087
      1.879     0.581    -2.087
      1.871     0.577    -2.087
      1.864     0.574    -2.088
      1.856     0.571    -2.088
      1.849     0.567    -2.088
      1.842     0.564    -2.089
      1.834     0.561    -2.089
      1.827     0.557    -2.089
      1.819     0.554    -2.090
      1.812     0.550    -2.090
      1.805     0.547    -2.090
      1.798     0.543    -2.090
      1.790     0.539    -2.091
      1.783     0.536    -2.091
      1.776     0.532    -2.091
      1.769     0.529    -2.092
      1.762     0.525    -2.092
      1.755     0.521    -2.092
      1.748     0.517    -2.093
      1.741     0.514    -2.093
      1.733     0.510    -2.093
      1.726     0.506    -2.094
      1.719     0.502    -2.094
      1.712     0.498    -2.094
      1.705     0.494    -2.095
      1.698     0.490    -2.095
      1.691     0.486    -2.095
      1.684     0.482    -2.096
      1.677     0.478    -2.096
      1.670     0.473    -2.097
      1.663     0.469    -2.097
      1.657     0.465    -2.097
      1.650     0.461    -2.098
      1.644     0.457    -2.098
      1.638     0.453    -2.098
      1.632     0.449    -2.099
      1.625     0.445    -2.099
