Count of Points:874

WCS coordinates of Points:
      7.479    -0.566    -0.776
      7.472    -0.564    -0.777
      7.465    -0.563    -0.778
      7.458    -0.561    -0.779
      7.451    -0.560    -0.780
      7.444    -0.558    -0.781
      7.437    -0.556    -0.782
      7.430    -0.555    -0.783
      7.423    -0.553    -0.784
      7.416    -0.552    -0.785
      7.410    -0.550    -0.786
      7.403    -0.549    -0.787
      7.396    -0.547    -0.788
      7.389    -0.545    -0.789
      7.382    -0.544    -0.790
      7.375    -0.542    -0.791
      7.368    -0.540    -0.792
      7.361    -0.539    -0.793
      7.354    -0.537    -0.794
      7.347    -0.535    -0.795
      7.340    -0.534    -0.796
      7.333    -0.532    -0.797
      7.326    -0.530    -0.798
      7.319    -0.528    -0.799
      7.312    -0.527    -0.800
      7.304    -0.525    -0.802
      7.297    -0.523    -0.803
      7.289    -0.521    -0.804
      7.281    -0.519    -0.805
      7.275    -0.517    -0.806
      7.268    -0.515    -0.807
      7.261    -0.513    -0.809
      7.254    -0.512    -0.810
      7.247    -0.510    -0.811
      7.240    -0.508    -0.812
      7.233    -0.506    -0.813
      7.226    -0.504    -0.814
      7.218    -0.502    -0.816
      7.211    -0.500    -0.817
      7.203    -0.498    -0.818
      7.195    -0.496    -0.820
      7.188    -0.494    -0.821
      7.180    -0.492    -0.822
      7.173    -0.490    -0.824
      7.165    -0.487    -0.825
      7.158    -0.485    -0.826
      7.150    -0.483    -0.827
      7.143    -0.481    -0.829
      7.136    -0.479    -0.830
      7.128    -0.477    -0.831
      7.121    -0.475    -0.833
      7.115    -0.473    -0.834
      7.108    -0.471    -0.835
      7.101    -0.469    -0.837
      7.094    -0.467    -0.838
      7.087    -0.465    -0.839
      7.081    -0.463    -0.840
      7.073    -0.461    -0.842
      7.066    -0.459    -0.843
      7.058    -0.456    -0.845
      7.051    -0.454    -0.846
      7.043    -0.452    -0.848
      7.036    -0.450    -0.849
      7.028    -0.447    -0.850
      7.021    -0.445    -0.852
      7.013    -0.443    -0.853
      7.006    -0.441    -0.855
      6.999    -0.438    -0.856
      6.991    -0.436    -0.858
      6.984    -0.434    -0.859
      6.977    -0.432    -0.861
      6.969    -0.429    -0.862
      6.962    -0.427    -0.864
      6.954    -0.425    -0.865
      6.947    -0.423    -0.867
      6.939    -0.420    -0.868
      6.932    -0.418    -0.870
      6.925    -0.416    -0.872
      6.918    -0.413    -0.873
      6.910    -0.411    -0.875
      6.903    -0.409    -0.876
      6.895    -0.406    -0.878
      6.888    -0.404    -0.879
      6.881    -0.402    -0.881
      6.873    -0.399    -0.883
      6.866    -0.397    -0.884
      6.858    -0.395    -0.886
      6.852    -0.393    -0.887
      6.845    -0.390    -0.889
      6.838    -0.388    -0.890
      6.832    -0.386    -0.892
      6.825    -0.384    -0.893
      6.818    -0.382    -0.895
      6.811    -0.380    -0.896
      6.804    -0.377    -0.898
      6.797    -0.375    -0.900
      6.789    -0.373    -0.902
      6.782    -0.370    -0.903
      6.775    -0.368    -0.905
      6.767    -0.365    -0.907
      6.760    -0.363    -0.908
      6.752    -0.361    -0.910
      6.745    -0.358    -0.912
      6.738    -0.356    -0.914
      6.730    -0.353    -0.915
      6.723    -0.351    -0.917
      6.716    -0.349    -0.919
      6.709    -0.346    -0.920
      6.701    -0.344    -0.922
      6.694    -0.342    -0.924
      6.687    -0.339    -0.926
      6.679    -0.337    -0.928
      6.672    -0.334    -0.929
      6.665    -0.332    -0.931
      6.658    -0.330    -0.933
      6.650    -0.327    -0.935
      6.643    -0.325    -0.936
      6.636    -0.323    -0.938
      6.629    -0.320    -0.940
      6.621    -0.318    -0.942
      6.614    -0.315    -0.944
      6.606    -0.313    -0.946
      6.599    -0.311    -0.947
      6.592    -0.308    -0.949
      6.584    -0.306    -0.951
      6.577    -0.304    -0.953
      6.570    -0.301    -0.955
      6.562    -0.299    -0.957
      6.555    -0.296    -0.959
      6.548    -0.294    -0.960
      6.541    -0.292    -0.962
      6.534    -0.289    -0.964
      6.526    -0.287    -0.966
      6.519    -0.285    -0.968
      6.512    -0.282    -0.970
      6.504    -0.280    -0.972
      6.497    -0.278    -0.974
      6.490    -0.275    -0.976
      6.482    -0.273    -0.978
      6.475    -0.270    -0.979
      6.468    -0.268    -0.981
      6.460    -0.266    -0.983
      6.453    -0.263    -0.985
      6.446    -0.261    -0.987
      6.438    -0.259    -0.989
      6.431    -0.256    -0.991
      6.424    -0.254    -0.993
      6.417    -0.252    -0.995
      6.410    -0.250    -0.997
      6.403    -0.247    -0.998
      6.397    -0.245    -1.000
      6.390    -0.243    -1.002
      6.383    -0.241    -1.004
      6.377    -0.239    -1.006
      6.370    -0.237    -1.007
      6.363    -0.235    -1.009
      6.357    -0.233    -1.011
      6.350    -0.230    -1.013
      6.343    -0.228    -1.015
      6.337    -0.226    -1.016
      6.329    -0.224    -1.018
      6.322    -0.222    -1.020
      6.315    -0.219    -1.022
      6.307    -0.217    -1.024
      6.300    -0.215    -1.026
      6.293    -0.212    -1.028
      6.285    -0.210    -1.030
      6.278    -0.208    -1.032
      6.271    -0.206    -1.034
      6.263    -0.203    -1.036
      6.256    -0.201    -1.038
      6.249    -0.199    -1.040
      6.242    -0.197    -1.042
      6.235    -0.194    -1.044
      6.227    -0.192    -1.046
      6.220    -0.190    -1.048
      6.213    -0.188    -1.050
      6.205    -0.185    -1.052
      6.198    -0.183    -1.054
      6.191    -0.181    -1.056
      6.184    -0.179    -1.058
      6.176    -0.177    -1.060
      6.169    -0.174    -1.062
      6.162    -0.172    -1.064
      6.154    -0.170    -1.066
      6.147    -0.168    -1.068
      6.140    -0.165    -1.070
      6.132    -0.163    -1.072
      6.125    -0.161    -1.074
      6.118    -0.159    -1.076
      6.110    -0.157    -1.078
      6.103    -0.154    -1.080
      6.096    -0.152    -1.082
      6.088    -0.150    -1.085
      6.081    -0.148    -1.087
      6.074    -0.146    -1.089
      6.066    -0.143    -1.090
      6.059    -0.141    -1.092
      6.052    -0.139    -1.094
      6.045    -0.137    -1.096
      6.037    -0.135    -1.098
      6.030    -0.133    -1.100
      6.023    -0.131    -1.102
      6.015    -0.128    -1.105
      6.008    -0.126    -1.107
      6.000    -0.124    -1.109
      5.993    -0.122    -1.111
      5.986    -0.120    -1.113
      5.978    -0.118    -1.115
      5.971    -0.115    -1.117
      5.963    -0.113    -1.119
      5.956    -0.111    -1.121
      5.949    -0.109    -1.123
      5.942    -0.107    -1.124
      5.935    -0.105    -1.126
      5.928    -0.103    -1.128
      5.922    -0.101    -1.130
      5.915    -0.099    -1.132
      5.908    -0.097    -1.133
      5.901    -0.095    -1.135
      5.893    -0.093    -1.137
      5.886    -0.091    -1.139
      5.879    -0.089    -1.141
      5.871    -0.087    -1.143
      5.864    -0.085    -1.145
      5.857    -0.083    -1.147
      5.849    -0.081    -1.149
      5.842    -0.078    -1.151
      5.835    -0.076    -1.153
      5.827    -0.074    -1.155
      5.820    -0.072    -1.157
      5.812    -0.070    -1.159
      5.805    -0.068    -1.161
      5.798    -0.066    -1.163
      5.790    -0.064    -1.165
      5.783    -0.062    -1.167
      5.775    -0.060    -1.169
      5.768    -0.058    -1.171
      5.760    -0.056    -1.172
      5.753    -0.054    -1.174
      5.746    -0.051    -1.176
      5.738    -0.049    -1.178
      5.731    -0.048    -1.180
      5.725    -0.046    -1.182
      5.718    -0.044    -1.183
      5.711    -0.042    -1.185
      5.704    -0.040    -1.187
      5.697    -0.038    -1.189
      5.690    -0.036    -1.191
      5.682    -0.034    -1.192
      5.675    -0.032    -1.194
      5.667    -0.030    -1.196
      5.660    -0.028    -1.198
      5.653    -0.026    -1.200
      5.645    -0.024    -1.202
      5.638    -0.022    -1.204
      5.631    -0.020    -1.205
      5.625    -0.018    -1.207
      5.618    -0.016    -1.209
      5.611    -0.015    -1.210
      5.604    -0.013    -1.212
      5.597    -0.011    -1.214
      5.590    -0.009    -1.215
      5.584    -0.007    -1.217
      5.577    -0.005    -1.219
      5.570    -0.004    -1.220
      5.563    -0.002    -1.222
      5.557     0.000    -1.224
      5.550     0.002    -1.225
      5.544     0.004    -1.227
      5.537     0.005    -1.228
      5.531     0.007    -1.230
      5.524     0.009    -1.231
      5.517     0.011    -1.233
      5.510     0.012    -1.235
      5.504     0.014    -1.236
      5.497     0.016    -1.238
      5.490     0.018    -1.239
      5.483     0.020    -1.241
      5.476     0.022    -1.243
      5.468     0.024    -1.244
      5.461     0.026    -1.246
      5.453     0.028    -1.248
      5.446     0.030    -1.250
      5.438     0.032    -1.251
      5.431     0.034    -1.253
      5.423     0.036    -1.255
      5.416     0.037    -1.256
      5.408     0.039    -1.258
      5.401     0.041    -1.260
      5.394     0.043    -1.261
      5.386     0.045    -1.263
      5.379     0.047    -1.265
      5.371     0.049    -1.266
      5.364     0.051    -1.268
      5.356     0.053    -1.270
      5.349     0.055    -1.271
      5.341     0.057    -1.273
      5.334     0.059    -1.275
      5.327     0.061    -1.276
      5.319     0.063    -1.278
      5.312     0.065    -1.279
      5.304     0.067    -1.281
      5.297     0.069    -1.282
      5.289     0.071    -1.284
      5.282     0.072    -1.286
      5.274     0.074    -1.287
      5.267     0.076    -1.289
      5.259     0.078    -1.290
      5.251     0.080    -1.292
      5.244     0.082    -1.293
      5.236     0.084    -1.295
      5.229     0.086    -1.296
      5.221     0.088    -1.298
      5.214     0.090    -1.299
      5.207     0.092    -1.301
      5.199     0.094    -1.302
      5.192     0.096    -1.304
      5.184     0.098    -1.305
      5.177     0.100    -1.307
      5.169     0.101    -1.308
      5.161     0.103    -1.310
      5.154     0.105    -1.311
      5.146     0.107    -1.313
      5.139     0.109    -1.314
      5.131     0.111    -1.316
      5.124     0.113    -1.317
      5.116     0.115    -1.318
      5.108     0.117    -1.320
      5.101     0.119    -1.321
      5.093     0.121    -1.323
      5.086     0.123    -1.324
      5.079     0.124    -1.325
      5.072     0.126    -1.326
      5.065     0.128    -1.328
      5.058     0.130    -1.329
      5.051     0.132    -1.330
      5.044     0.133    -1.331
      5.036     0.135    -1.333
      5.029     0.137    -1.334
      5.021     0.139    -1.335
      5.014     0.141    -1.337
      5.006     0.143    -1.338
      4.999     0.145    -1.339
      4.991     0.147    -1.340
      4.984     0.149    -1.342
      4.976     0.150    -1.343
      4.969     0.152    -1.344
      4.961     0.154    -1.345
      4.953     0.156    -1.347
      4.946     0.158    -1.348
      4.938     0.160    -1.349
      4.930     0.162    -1.350
      4.923     0.164    -1.351
      4.915     0.166    -1.353
      4.908     0.168    -1.354
      4.900     0.169    -1.355
      4.892     0.171    -1.356
      4.885     0.173    -1.357
      4.877     0.175    -1.359
      4.869     0.177    -1.360
      4.862     0.179    -1.361
      4.855     0.181    -1.362
      4.848     0.182    -1.363
      4.841     0.184    -1.364
      4.834     0.186    -1.365
      4.827     0.188    -1.366
      4.820     0.190    -1.367
      4.812     0.192    -1.368
      4.805     0.193    -1.369
      4.797     0.195    -1.370
      4.789     0.197    -1.371
      4.782     0.199    -1.372
      4.774     0.201    -1.373
      4.767     0.203    -1.374
      4.760     0.205    -1.375
      4.753     0.206    -1.376
      4.746     0.208    -1.377
      4.739     0.210    -1.378
      4.732     0.212    -1.379
      4.725     0.213    -1.380
      4.718     0.215    -1.381
      4.711     0.217    -1.382
      4.704     0.219    -1.383
      4.697     0.220    -1.383
      4.690     0.222    -1.384
      4.683     0.224    -1.385
      4.677     0.226    -1.386
      4.670     0.227    -1.387
      4.663     0.229    -1.388
      4.657     0.231    -1.388
      4.649     0.232    -1.389
      4.642     0.234    -1.390
      4.634     0.236    -1.391
      4.626     0.238    -1.392
      4.619     0.240    -1.393
      4.611     0.242    -1.394
      4.604     0.244    -1.395
      4.596     0.246    -1.396
      4.589     0.248    -1.397
      4.581     0.250    -1.397
      4.573     0.252    -1.398
      4.566     0.253    -1.399
      4.558     0.255    -1.400
      4.550     0.257    -1.401
      4.543     0.259    -1.402
      4.535     0.261    -1.402
      4.527     0.263    -1.403
      4.520     0.265    -1.404
      4.512     0.267    -1.405
      4.504     0.269    -1.406
      4.497     0.271    -1.407
      4.489     0.273    -1.407
      4.481     0.275    -1.408
      4.474     0.276    -1.409
      4.467     0.278    -1.410
      4.460     0.280    -1.410
      4.453     0.282    -1.411
      4.446     0.283    -1.412
      4.439     0.285    -1.412
      4.431     0.287    -1.413
      4.424     0.289    -1.414
      4.416     0.291    -1.415
      4.408     0.293    -1.415
      4.401     0.295    -1.416
      4.393     0.297    -1.417
      4.385     0.298    -1.417
      4.378     0.300    -1.418
      4.371     0.302    -1.419
      4.364     0.304    -1.419
      4.357     0.305    -1.420
      4.350     0.307    -1.421
      4.343     0.309    -1.421
      4.336     0.311    -1.422
      4.329     0.312    -1.422
      4.322     0.314    -1.423
      4.315     0.316    -1.424
      4.308     0.318    -1.424
      4.301     0.319    -1.425
      4.294     0.321    -1.425
      4.287     0.323    -1.426
      4.281     0.324    -1.427
      4.274     0.326    -1.427
      4.268     0.328    -1.428
      4.260     0.329    -1.428
      4.252     0.331    -1.429
      4.244     0.333    -1.430
      4.237     0.335    -1.430
      4.229     0.337    -1.431
      4.221     0.339    -1.431
      4.214     0.341    -1.432
      4.207     0.343    -1.432
      4.200     0.344    -1.433
      4.192     0.346    -1.434
      4.185     0.348    -1.434
      4.178     0.349    -1.435
      4.171     0.351    -1.435
      4.164     0.353    -1.436
      4.157     0.355    -1.436
      4.150     0.356    -1.437
      4.143     0.358    -1.437
      4.136     0.360    -1.438
      4.129     0.362    -1.438
      4.122     0.363    -1.439
      4.116     0.365    -1.439
      4.109     0.366    -1.439
      4.102     0.368    -1.440
      4.096     0.369    -1.440
      4.089     0.371    -1.441
      4.081     0.373    -1.441
      4.074     0.375    -1.442
      4.067     0.376    -1.442
      4.060     0.378    -1.443
      4.053     0.380    -1.443
      4.046     0.381    -1.443
      4.040     0.383    -1.444
      4.033     0.384    -1.444
      4.026     0.386    -1.445
      4.020     0.387    -1.445
      4.012     0.389    -1.445
      4.005     0.391    -1.446
      3.997     0.393    -1.446
      3.990     0.394    -1.447
      3.982     0.396    -1.447
      3.975     0.398    -1.448
      3.968     0.399    -1.448
      3.960     0.401    -1.448
      3.953     0.403    -1.449
      3.946     0.404    -1.449
      3.939     0.406    -1.450
      3.932     0.408    -1.450
      3.925     0.409    -1.450
      3.918     0.411    -1.451
      3.911     0.412    -1.451
      3.903     0.414    -1.451
      3.895     0.416    -1.452
      3.888     0.417    -1.452
      3.880     0.419    -1.453
      3.872     0.421    -1.453
      3.865     0.423    -1.453
      3.857     0.424    -1.454
      3.849     0.426    -1.454
      3.841     0.428    -1.454
      3.834     0.429    -1.455
      3.826     0.431    -1.455
      3.818     0.433    -1.455
      3.811     0.434    -1.456
      3.803     0.436    -1.456
      3.795     0.438    -1.456
      3.788     0.439    -1.457
      3.780     0.441    -1.457
      3.772     0.442    -1.457
      3.764     0.444    -1.458
      3.757     0.446    -1.458
      3.749     0.447    -1.458
      3.742     0.449    -1.459
      3.734     0.450    -1.459
      3.726     0.452    -1.459
      3.718     0.454    -1.459
      3.711     0.455    -1.460
      3.703     0.457    -1.460
      3.695     0.458    -1.460
      3.687     0.460    -1.461
      3.679     0.461    -1.461
      3.672     0.463    -1.461
      3.664     0.464    -1.461
      3.656     0.466    -1.462
      3.648     0.467    -1.462
      3.641     0.469    -1.462
      3.633     0.470    -1.462
      3.625     0.472    -1.463
      3.618     0.473    -1.463
      3.610     0.475    -1.463
      3.602     0.476    -1.463
      3.594     0.478    -1.464
      3.586     0.479    -1.464
      3.579     0.481    -1.464
      3.571     0.482    -1.464
      3.563     0.483    -1.465
      3.555     0.485    -1.465
      3.547     0.486    -1.465
      3.540     0.488    -1.465
      3.532     0.489    -1.465
      3.524     0.490    -1.466
      3.516     0.492    -1.466
      3.508     0.493    -1.466
      3.500     0.494    -1.466
      3.493     0.495    -1.466
      3.486     0.497    -1.467
      3.479     0.498    -1.467
      3.472     0.499    -1.467
      3.465     0.500    -1.467
      3.457     0.501    -1.467
      3.449     0.503    -1.467
      3.442     0.504    -1.468
      3.434     0.505    -1.468
      3.426     0.506    -1.468
      3.418     0.508    -1.468
      3.410     0.509    -1.468
      3.403     0.510    -1.469
      3.395     0.511    -1.469
      3.387     0.512    -1.469
      3.379     0.513    -1.469
      3.372     0.515    -1.469
      3.364     0.516    -1.469
      3.356     0.517    -1.470
      3.348     0.518    -1.470
      3.340     0.519    -1.470
      3.332     0.520    -1.470
      3.324     0.521    -1.470
      3.317     0.522    -1.470
      3.309     0.523    -1.470
      3.301     0.524    -1.471
      3.293     0.525    -1.471
      3.285     0.526    -1.471
      3.277     0.527    -1.471
      3.270     0.528    -1.471
      3.263     0.529    -1.471
      3.255     0.530    -1.471
      3.248     0.531    -1.472
      3.241     0.532    -1.472
      3.234     0.532    -1.472
      3.226     0.533    -1.472
      3.218     0.534    -1.472
      3.210     0.535    -1.472
      3.202     0.536    -1.472
      3.194     0.537    -1.472
      3.186     0.537    -1.472
      3.178     0.538    -1.473
      3.171     0.539    -1.473
      3.164     0.540    -1.473
      3.157     0.540    -1.473
      3.149     0.541    -1.473
      3.142     0.542    -1.473
      3.135     0.542    -1.473
      3.128     0.543    -1.473
      3.120     0.544    -1.473
      3.113     0.544    -1.473
      3.106     0.545    -1.474
      3.099     0.545    -1.474
      3.091     0.546    -1.474
      3.085     0.547    -1.474
      3.078     0.547    -1.474
      3.071     0.548    -1.474
      3.064     0.548    -1.474
      3.057     0.549    -1.474
      3.049     0.549    -1.474
      3.041     0.550    -1.474
      3.033     0.550    -1.474
      3.025     0.551    -1.474
      3.018     0.551    -1.475
      3.010     0.551    -1.475
      3.002     0.552    -1.475
      2.994     0.552    -1.475
      2.986     0.553    -1.475
      2.978     0.553    -1.475
      2.971     0.553    -1.475
      2.963     0.554    -1.475
      2.955     0.554    -1.475
      2.947     0.554    -1.475
      2.939     0.555    -1.475
      2.931     0.555    -1.475
      2.923     0.555    -1.475
      2.915     0.555    -1.475
      2.907     0.556    -1.476
      2.899     0.556    -1.476
      2.891     0.556    -1.476
      2.883     0.556    -1.476
      2.875     0.556    -1.476
      2.868     0.557    -1.476
      2.861     0.557    -1.476
      2.853     0.557    -1.476
      2.846     0.557    -1.476
      2.839     0.557    -1.476
      2.831     0.557    -1.476
      2.824     0.557    -1.476
      2.816     0.557    -1.476
      2.808     0.557    -1.476
      2.800     0.557    -1.476
      2.792     0.557    -1.476
      2.784     0.557    -1.476
      2.776     0.557    -1.477
      2.769     0.557    -1.477
      2.761     0.556    -1.477
      2.754     0.556    -1.477
      2.747     0.556    -1.477
      2.739     0.556    -1.477
      2.732     0.556    -1.477
      2.725     0.556    -1.477
      2.718     0.555    -1.477
      2.710     0.555    -1.477
      2.703     0.555    -1.477
      2.696     0.555    -1.477
      2.688     0.554    -1.477
      2.682     0.554    -1.477
      2.675     0.554    -1.477
      2.668     0.553    -1.477
      2.661     0.553    -1.477
      2.654     0.553    -1.477
      2.646     0.552    -1.477
      2.638     0.552    -1.478
      2.630     0.551    -1.478
      2.622     0.551    -1.478
      2.615     0.550    -1.478
      2.607     0.550    -1.478
      2.599     0.549    -1.478
      2.591     0.549    -1.478
      2.584     0.548    -1.478
      2.577     0.548    -1.478
      2.570     0.547    -1.478
      2.562     0.547    -1.478
      2.555     0.546    -1.478
      2.548     0.545    -1.478
      2.541     0.545    -1.478
      2.533     0.544    -1.478
      2.526     0.543    -1.478
      2.519     0.543    -1.478
      2.512     0.542    -1.478
      2.505     0.541    -1.479
      2.498     0.540    -1.479
      2.491     0.540    -1.479
      2.484     0.539    -1.479
      2.477     0.538    -1.479
      2.470     0.537    -1.479
      2.463     0.537    -1.479
      2.456     0.536    -1.479
      2.448     0.535    -1.479
      2.441     0.534    -1.479
      2.434     0.533    -1.479
      2.427     0.532    -1.479
      2.420     0.531    -1.479
      2.414     0.530    -1.479
      2.407     0.529    -1.479
      2.400     0.528    -1.479
      2.392     0.527    -1.479
      2.385     0.526    -1.479
      2.377     0.525    -1.479
      2.370     0.524    -1.480
      2.362     0.523    -1.480
      2.354     0.522    -1.480
      2.347     0.520    -1.480
      2.339     0.519    -1.480
      2.332     0.518    -1.480
      2.324     0.517    -1.480
      2.316     0.515    -1.480
      2.308     0.514    -1.480
      2.300     0.513    -1.480
      2.293     0.511    -1.480
      2.285     0.510    -1.480
      2.277     0.508    -1.480
      2.270     0.507    -1.480
      2.262     0.505    -1.480
      2.254     0.504    -1.480
      2.246     0.502    -1.480
      2.238     0.501    -1.480
      2.231     0.499    -1.481
      2.223     0.498    -1.481
      2.215     0.496    -1.481
      2.207     0.494    -1.481
      2.200     0.493    -1.481
      2.192     0.491    -1.481
      2.184     0.489    -1.481
      2.176     0.487    -1.481
      2.169     0.486    -1.481
      2.161     0.484    -1.481
      2.154     0.482    -1.481
      2.147     0.481    -1.481
      2.140     0.479    -1.481
      2.132     0.477    -1.481
      2.125     0.475    -1.481
      2.118     0.474    -1.481
      2.111     0.472    -1.481
      2.103     0.470    -1.481
      2.095     0.468    -1.481
      2.088     0.466    -1.481
      2.080     0.464    -1.481
      2.072     0.462    -1.481
      2.064     0.459    -1.481
      2.057     0.458    -1.482
      2.050     0.456    -1.482
      2.043     0.454    -1.482
      2.036     0.452    -1.482
      2.029     0.450    -1.482
      2.022     0.448    -1.482
      2.015     0.446    -1.482
      2.008     0.443    -1.482
      2.001     0.441    -1.482
      1.994     0.439    -1.482
      1.988     0.437    -1.482
      1.981     0.435    -1.482
      1.974     0.433    -1.482
      1.967     0.431    -1.482
      1.961     0.429    -1.482
      1.954     0.427    -1.482
      1.948     0.425    -1.482
      1.940     0.422    -1.482
      1.933     0.420    -1.482
      1.925     0.417    -1.482
      1.918     0.414    -1.482
      1.910     0.412    -1.482
      1.903     0.409    -1.482
      1.895     0.407    -1.482
      1.888     0.404    -1.482
      1.881     0.402    -1.482
      1.875     0.399    -1.482
      1.868     0.397    -1.482
      1.861     0.394    -1.482
      1.854     0.392    -1.482
      1.847     0.389    -1.482
      1.840     0.387    -1.483
      1.834     0.384    -1.483
      1.827     0.382    -1.483
      1.820     0.379    -1.483
      1.813     0.376    -1.483
      1.807     0.374    -1.483
      1.800     0.371    -1.483
      1.794     0.369    -1.483
      1.788     0.366    -1.483
      1.781     0.364    -1.483
      1.774     0.361    -1.483
      1.768     0.358    -1.483
      1.761     0.355    -1.483
      1.754     0.353    -1.483
      1.748     0.350    -1.483
      1.741     0.347    -1.483
      1.735     0.344    -1.483
      1.728     0.341    -1.483
      1.722     0.339    -1.483
      1.716     0.336    -1.483
      1.709     0.333    -1.483
      1.702     0.330    -1.483
      1.695     0.327    -1.483
      1.688     0.324    -1.483
      1.681     0.321    -1.483
      1.674     0.317    -1.483
      1.667     0.314    -1.483
      1.661     0.311    -1.483
      1.654     0.308    -1.483
      1.646     0.304    -1.483
      1.639     0.301    -1.483
      1.632     0.297    -1.484
      1.625     0.294    -1.484
      1.618     0.290    -1.484
      1.611     0.287    -1.484
      1.604     0.283    -1.484
      1.597     0.280    -1.484
      1.591     0.277    -1.484
      1.584     0.273    -1.484
      1.578     0.270    -1.484
      1.571     0.267    -1.484
      1.565     0.263    -1.484
      1.558     0.260    -1.484
      1.552     0.256    -1.484
      1.545     0.253    -1.484
      1.539     0.249    -1.484
      1.533     0.246    -1.484
      1.526     0.242    -1.484
      1.520     0.239    -1.484
      1.514     0.236    -1.484
      1.508     0.232    -1.484
      1.502     0.229    -1.485
      1.496     0.226    -1.485
      1.490     0.222    -1.485
      1.484     0.218    -1.485
      1.477     0.215    -1.485
      1.471     0.211    -1.485
      1.465     0.207    -1.485
      1.459     0.203    -1.485
      1.453     0.200    -1.485
      1.447     0.196    -1.485
      1.441     0.193    -1.485
      1.435     0.189    -1.485
      1.429     0.186    -1.485
      1.423     0.181    -1.485
      1.416     0.177    -1.485
      1.410     0.173    -1.485
      1.403     0.169    -1.486
      1.397     0.165    -1.486
      1.391     0.161    -1.486
      1.384     0.157    -1.486
      1.378     0.152    -1.486
      1.372     0.148    -1.486
      1.366     0.144    -1.486
      1.360     0.140    -1.486
      1.354     0.136    -1.486
      1.348     0.132    -1.486
      1.342     0.128    -1.486
      1.336     0.124    -1.486
      1.331     0.120    -1.486
      1.325     0.116    -1.486
      1.319     0.112    -1.487
      1.314     0.108    -1.487
      1.308     0.103    -1.487
      1.302     0.098    -1.487
      1.295     0.094    -1.487
      1.289     0.089    -1.487
      1.283     0.085    -1.487
      1.277     0.080    -1.487
      1.271     0.075    -1.487
      1.265     0.071    -1.487
      1.259     0.066    -1.487
      1.253     0.061    -1.487
      1.247     0.056    -1.487
      1.241     0.051    -1.487
      1.235     0.047    -1.487
      1.229     0.042    -1.487
      1.223     0.037    -1.487
      1.218     0.032    -1.487
      1.211     0.027    -1.488
      1.205     0.021    -1.488
      1.199     0.016    -1.488
      1.193     0.011    -1.488
      1.187     0.005    -1.488
      1.181     0.000    -1.488
