Count of Points:874

WCS coordinates of Points:
      1.181     0.000    -0.385
      1.187     0.003    -0.385
      1.194     0.007    -0.385
      1.200     0.010    -0.385
      1.206     0.014    -0.385
      1.213     0.017    -0.385
      1.219     0.021    -0.385
      1.225     0.024    -0.385
      1.232     0.027    -0.385
      1.238     0.031    -0.385
      1.244     0.034    -0.385
      1.251     0.037    -0.385
      1.257     0.041    -0.385
      1.263     0.044    -0.385
      1.270     0.048    -0.385
      1.276     0.051    -0.385
      1.283     0.054    -0.385
      1.289     0.057    -0.385
      1.296     0.061    -0.385
      1.302     0.064    -0.385
      1.309     0.067    -0.385
      1.315     0.071    -0.385
      1.321     0.074    -0.385
      1.328     0.077    -0.385
      1.335     0.081    -0.385
      1.342     0.084    -0.385
      1.349     0.088    -0.385
      1.357     0.091    -0.385
      1.364     0.095    -0.385
      1.370     0.098    -0.385
      1.377     0.101    -0.385
      1.383     0.104    -0.385
      1.390     0.107    -0.385
      1.396     0.110    -0.385
      1.403     0.113    -0.385
      1.409     0.116    -0.385
      1.417     0.120    -0.385
      1.424     0.123    -0.385
      1.431     0.126    -0.385
      1.438     0.130    -0.385
      1.446     0.133    -0.385
      1.453     0.136    -0.385
      1.460     0.140    -0.385
      1.467     0.143    -0.385
      1.475     0.146    -0.385
      1.482     0.149    -0.385
      1.489     0.153    -0.385
      1.496     0.156    -0.385
      1.503     0.159    -0.385
      1.511     0.162    -0.385
      1.517     0.165    -0.385
      1.524     0.168    -0.385
      1.531     0.170    -0.385
      1.537     0.173    -0.385
      1.544     0.176    -0.385
      1.551     0.179    -0.385
      1.557     0.182    -0.385
      1.565     0.185    -0.385
      1.572     0.188    -0.385
      1.579     0.191    -0.385
      1.587     0.194    -0.385
      1.594     0.197    -0.385
      1.602     0.200    -0.385
      1.609     0.202    -0.385
      1.616     0.205    -0.385
      1.624     0.208    -0.385
      1.631     0.211    -0.385
      1.639     0.214    -0.385
      1.646     0.217    -0.385
      1.653     0.220    -0.385
      1.660     0.222    -0.385
      1.668     0.225    -0.385
      1.675     0.228    -0.385
      1.683     0.231    -0.385
      1.690     0.233    -0.385
      1.698     0.236    -0.385
      1.705     0.239    -0.385
      1.713     0.241    -0.385
      1.720     0.244    -0.385
      1.727     0.247    -0.385
      1.735     0.249    -0.385
      1.742     0.252    -0.385
      1.750     0.254    -0.385
      1.757     0.257    -0.385
      1.765     0.260    -0.385
      1.773     0.262    -0.385
      1.780     0.265    -0.385
      1.787     0.267    -0.385
      1.794     0.269    -0.385
      1.801     0.271    -0.385
      1.808     0.274    -0.385
      1.815     0.276    -0.385
      1.821     0.278    -0.385
      1.828     0.280    -0.385
      1.836     0.283    -0.385
      1.844     0.285    -0.385
      1.851     0.287    -0.385
      1.859     0.290    -0.385
      1.866     0.292    -0.385
      1.874     0.294    -0.385
      1.882     0.297    -0.385
      1.889     0.299    -0.385
      1.897     0.301    -0.385
      1.905     0.303    -0.385
      1.912     0.305    -0.385
      1.920     0.307    -0.385
      1.927     0.310    -0.385
      1.935     0.312    -0.385
      1.942     0.314    -0.385
      1.950     0.316    -0.385
      1.958     0.318    -0.385
      1.966     0.320    -0.385
      1.973     0.322    -0.385
      1.981     0.324    -0.385
      1.988     0.326    -0.385
      1.996     0.328    -0.385
      2.004     0.330    -0.385
      2.011     0.332    -0.385
      2.019     0.333    -0.385
      2.027     0.335    -0.385
      2.035     0.337    -0.385
      2.042     0.339    -0.385
      2.050     0.341    -0.385
      2.058     0.343    -0.385
      2.066     0.344    -0.385
      2.073     0.346    -0.385
      2.081     0.348    -0.385
      2.089     0.349    -0.385
      2.097     0.351    -0.385
      2.104     0.353    -0.385
      2.112     0.354    -0.385
      2.120     0.356    -0.385
      2.127     0.357    -0.385
      2.135     0.359    -0.385
      2.143     0.361    -0.385
      2.151     0.362    -0.385
      2.159     0.364    -0.385
      2.167     0.365    -0.385
      2.174     0.367    -0.385
      2.182     0.368    -0.385
      2.190     0.369    -0.385
      2.198     0.371    -0.385
      2.206     0.372    -0.385
      2.214     0.373    -0.385
      2.222     0.375    -0.385
      2.230     0.376    -0.385
      2.237     0.377    -0.385
      2.245     0.379    -0.385
      2.252     0.380    -0.385
      2.259     0.381    -0.385
      2.266     0.382    -0.385
      2.274     0.383    -0.385
      2.281     0.384    -0.385
      2.288     0.385    -0.385
      2.295     0.386    -0.385
      2.302     0.387    -0.385
      2.310     0.388    -0.385
      2.317     0.389    -0.385
      2.324     0.390    -0.385
      2.331     0.391    -0.385
      2.339     0.392    -0.385
      2.347     0.393    -0.385
      2.355     0.393    -0.385
      2.363     0.394    -0.385
      2.371     0.395    -0.385
      2.379     0.396    -0.385
      2.386     0.397    -0.385
      2.394     0.398    -0.385
      2.402     0.399    -0.385
      2.410     0.399    -0.385
      2.418     0.400    -0.385
      2.426     0.401    -0.385
      2.434     0.401    -0.385
      2.441     0.402    -0.385
      2.449     0.403    -0.385
      2.457     0.403    -0.385
      2.465     0.404    -0.385
      2.473     0.404    -0.385
      2.481     0.405    -0.385
      2.489     0.405    -0.385
      2.497     0.406    -0.385
      2.505     0.406    -0.385
      2.512     0.407    -0.385
      2.520     0.407    -0.385
      2.528     0.408    -0.385
      2.536     0.408    -0.385
      2.544     0.408    -0.385
      2.552     0.409    -0.385
      2.560     0.409    -0.385
      2.568     0.409    -0.385
      2.576     0.409    -0.385
      2.584     0.410    -0.385
      2.592     0.410    -0.385
      2.600     0.410    -0.385
      2.608     0.410    -0.385
      2.616     0.410    -0.385
      2.624     0.410    -0.385
      2.631     0.411    -0.385
      2.639     0.411    -0.385
      2.647     0.411    -0.385
      2.655     0.411    -0.385
      2.663     0.411    -0.385
      2.671     0.411    -0.385
      2.679     0.410    -0.385
      2.687     0.410    -0.385
      2.695     0.410    -0.385
      2.703     0.410    -0.385
      2.711     0.410    -0.385
      2.719     0.410    -0.385
      2.727     0.410    -0.385
      2.735     0.409    -0.385
      2.743     0.409    -0.385
      2.751     0.409    -0.385
      2.758     0.408    -0.385
      2.766     0.408    -0.385
      2.773     0.408    -0.385
      2.780     0.407    -0.385
      2.788     0.407    -0.385
      2.795     0.407    -0.385
      2.803     0.406    -0.385
      2.811     0.406    -0.385
      2.819     0.405    -0.385
      2.827     0.405    -0.385
      2.835     0.404    -0.385
      2.842     0.404    -0.385
      2.850     0.403    -0.385
      2.858     0.402    -0.385
      2.866     0.402    -0.385
      2.874     0.401    -0.385
      2.882     0.401    -0.385
      2.890     0.400    -0.385
      2.898     0.399    -0.385
      2.906     0.398    -0.385
      2.913     0.398    -0.385
      2.921     0.397    -0.385
      2.929     0.396    -0.385
      2.937     0.395    -0.385
      2.945     0.394    -0.385
      2.953     0.393    -0.385
      2.961     0.392    -0.385
      2.969     0.391    -0.385
      2.977     0.390    -0.385
      2.984     0.390    -0.385
      2.991     0.389    -0.385
      2.999     0.388    -0.385
      3.006     0.387    -0.385
      3.013     0.386    -0.385
      3.020     0.385    -0.385
      3.028     0.384    -0.385
      3.036     0.382    -0.385
      3.044     0.381    -0.385
      3.052     0.380    -0.385
      3.060     0.379    -0.385
      3.068     0.378    -0.385
      3.076     0.376    -0.385
      3.083     0.375    -0.385
      3.090     0.374    -0.385
      3.097     0.373    -0.385
      3.105     0.372    -0.385
      3.112     0.370    -0.385
      3.119     0.369    -0.385
      3.126     0.368    -0.385
      3.133     0.367    -0.385
      3.141     0.365    -0.385
      3.148     0.364    -0.385
      3.155     0.363    -0.385
      3.162     0.361    -0.385
      3.169     0.360    -0.385
      3.176     0.359    -0.385
      3.182     0.357    -0.385
      3.189     0.356    -0.385
      3.196     0.354    -0.385
      3.203     0.353    -0.385
      3.210     0.352    -0.385
      3.217     0.350    -0.385
      3.224     0.349    -0.385
      3.231     0.347    -0.385
      3.238     0.345    -0.385
      3.246     0.344    -0.385
      3.253     0.342    -0.385
      3.261     0.340    -0.385
      3.269     0.339    -0.385
      3.277     0.337    -0.385
      3.284     0.335    -0.385
      3.292     0.333    -0.385
      3.300     0.331    -0.385
      3.308     0.329    -0.385
      3.315     0.328    -0.385
      3.323     0.326    -0.385
      3.331     0.324    -0.385
      3.338     0.322    -0.385
      3.346     0.320    -0.385
      3.353     0.318    -0.385
      3.361     0.316    -0.385
      3.369     0.314    -0.385
      3.376     0.312    -0.385
      3.384     0.310    -0.385
      3.392     0.308    -0.385
      3.399     0.306    -0.385
      3.407     0.303    -0.385
      3.414     0.301    -0.385
      3.422     0.299    -0.385
      3.430     0.297    -0.385
      3.437     0.295    -0.385
      3.445     0.293    -0.385
      3.453     0.290    -0.385
      3.460     0.288    -0.385
      3.468     0.286    -0.385
      3.476     0.283    -0.385
      3.483     0.281    -0.385
      3.491     0.279    -0.385
      3.498     0.277    -0.385
      3.506     0.274    -0.385
      3.514     0.272    -0.385
      3.521     0.269    -0.385
      3.529     0.267    -0.385
      3.536     0.265    -0.385
      3.543     0.262    -0.385
      3.551     0.260    -0.385
      3.559     0.257    -0.385
      3.566     0.255    -0.385
      3.574     0.252    -0.385
      3.581     0.250    -0.385
      3.589     0.247    -0.385
      3.596     0.245    -0.385
      3.604     0.242    -0.385
      3.612     0.239    -0.385
      3.619     0.237    -0.385
      3.627     0.234    -0.385
      3.634     0.232    -0.385
      3.642     0.229    -0.385
      3.649     0.226    -0.385
      3.656     0.224    -0.385
      3.663     0.221    -0.385
      3.670     0.219    -0.385
      3.677     0.216    -0.385
      3.684     0.214    -0.385
      3.690     0.211    -0.385
      3.698     0.208    -0.385
      3.705     0.206    -0.385
      3.713     0.203    -0.385
      3.720     0.200    -0.385
      3.728     0.197    -0.385
      3.735     0.194    -0.385
      3.742     0.192    -0.385
      3.750     0.189    -0.385
      3.757     0.186    -0.385
      3.764     0.183    -0.385
      3.772     0.180    -0.385
      3.779     0.177    -0.385
      3.787     0.174    -0.385
      3.794     0.171    -0.385
      3.801     0.168    -0.385
      3.809     0.165    -0.385
      3.816     0.162    -0.385
      3.824     0.159    -0.385
      3.831     0.156    -0.385
      3.838     0.153    -0.385
      3.846     0.150    -0.384
      3.853     0.147    -0.384
      3.861     0.144    -0.384
      3.867     0.141    -0.384
      3.874     0.138    -0.384
      3.881     0.135    -0.384
      3.887     0.132    -0.384
      3.894     0.130    -0.384
      3.901     0.127    -0.384
      3.908     0.124    -0.384
      3.916     0.120    -0.384
      3.923     0.117    -0.384
      3.930     0.114    -0.384
      3.938     0.111    -0.384
      3.945     0.108    -0.384
      3.952     0.104    -0.384
      3.959     0.101    -0.384
      3.965     0.098    -0.384
      3.972     0.095    -0.384
      3.979     0.092    -0.384
      3.985     0.089    -0.384
      3.992     0.086    -0.384
      3.999     0.083    -0.384
      4.005     0.080    -0.384
      4.012     0.077    -0.384
      4.019     0.074    -0.384
      4.025     0.071    -0.384
      4.032     0.068    -0.384
      4.038     0.065    -0.384
      4.045     0.062    -0.384
      4.051     0.059    -0.384
      4.057     0.056    -0.384
      4.063     0.053    -0.384
      4.070     0.050    -0.384
      4.078     0.047    -0.384
      4.085     0.043    -0.384
      4.092     0.040    -0.384
      4.099     0.036    -0.384
      4.106     0.033    -0.384
      4.113     0.029    -0.383
      4.120     0.026    -0.383
      4.127     0.023    -0.383
      4.135     0.019    -0.383
      4.142     0.016    -0.383
      4.149     0.012    -0.383
      4.156     0.009    -0.383
      4.163     0.005    -0.383
      4.170     0.002    -0.383
      4.178    -0.002    -0.383
      4.185    -0.006    -0.383
      4.192    -0.009    -0.383
      4.199    -0.013    -0.383
      4.206    -0.016    -0.383
      4.213    -0.020    -0.383
      4.220    -0.023    -0.383
      4.227    -0.027    -0.383
      4.234    -0.030    -0.383
      4.240    -0.034    -0.383
      4.247    -0.037    -0.383
      4.254    -0.040    -0.383
      4.260    -0.044    -0.383
      4.267    -0.047    -0.383
      4.274    -0.051    -0.383
      4.281    -0.054    -0.383
      4.288    -0.058    -0.382
      4.295    -0.062    -0.382
      4.302    -0.065    -0.382
      4.309    -0.069    -0.382
      4.316    -0.073    -0.382
      4.323    -0.076    -0.382
      4.329    -0.080    -0.382
      4.336    -0.083    -0.382
      4.342    -0.087    -0.382
      4.348    -0.090    -0.382
      4.355    -0.093    -0.382
      4.361    -0.097    -0.382
      4.368    -0.100    -0.382
      4.374    -0.104    -0.382
      4.381    -0.107    -0.382
      4.387    -0.111    -0.382
      4.394    -0.114    -0.382
      4.400    -0.117    -0.382
      4.406    -0.121    -0.382
      4.412    -0.124    -0.382
      4.418    -0.127    -0.382
      4.424    -0.130    -0.381
      4.431    -0.134    -0.381
      4.438    -0.138    -0.381
      4.445    -0.142    -0.381
      4.452    -0.146    -0.381
      4.459    -0.150    -0.381
      4.466    -0.153    -0.381
      4.473    -0.157    -0.381
      4.479    -0.161    -0.381
      4.486    -0.164    -0.381
      4.492    -0.168    -0.381
      4.499    -0.171    -0.381
      4.505    -0.175    -0.381
      4.511    -0.178    -0.381
      4.518    -0.182    -0.381
      4.524    -0.186    -0.381
      4.531    -0.189    -0.380
      4.537    -0.193    -0.380
      4.543    -0.196    -0.380
      4.550    -0.200    -0.380
      4.556    -0.203    -0.380
      4.562    -0.207    -0.380
      4.568    -0.210    -0.380
      4.574    -0.213    -0.380
      4.580    -0.217    -0.380
      4.586    -0.220    -0.380
      4.593    -0.224    -0.380
      4.599    -0.228    -0.380
      4.605    -0.231    -0.380
      4.612    -0.235    -0.380
      4.618    -0.238    -0.380
      4.624    -0.242    -0.379
      4.630    -0.245    -0.379
      4.636    -0.249    -0.379
      4.642    -0.252    -0.379
      4.648    -0.255    -0.379
      4.655    -0.259    -0.379
      4.661    -0.263    -0.379
      4.668    -0.267    -0.379
      4.675    -0.271    -0.379
      4.681    -0.275    -0.379
      4.688    -0.278    -0.379
      4.695    -0.282    -0.379
      4.701    -0.286    -0.378
      4.708    -0.290    -0.378
      4.714    -0.293    -0.378
      4.720    -0.297    -0.378
      4.726    -0.301    -0.378
      4.733    -0.304    -0.378
      4.739    -0.308    -0.378
      4.745    -0.311    -0.378
      4.752    -0.315    -0.378
      4.759    -0.319    -0.378
      4.766    -0.323    -0.378
      4.773    -0.327    -0.377
      4.780    -0.331    -0.377
      4.787    -0.335    -0.377
      4.793    -0.339    -0.377
      4.800    -0.343    -0.377
      4.807    -0.347    -0.377
      4.814    -0.351    -0.377
      4.821    -0.355    -0.377
      4.828    -0.359    -0.377
      4.834    -0.363    -0.376
      4.841    -0.367    -0.376
      4.848    -0.371    -0.376
      4.855    -0.375    -0.376
      4.862    -0.379    -0.376
      4.869    -0.383    -0.376
      4.875    -0.387    -0.376
      4.882    -0.391    -0.376
      4.889    -0.395    -0.376
      4.896    -0.399    -0.375
      4.902    -0.403    -0.375
      4.909    -0.407    -0.375
      4.916    -0.411    -0.375
      4.923    -0.415    -0.375
      4.930    -0.419    -0.375
      4.937    -0.423    -0.375
      4.944    -0.427    -0.374
      4.951    -0.432    -0.374
      4.957    -0.436    -0.374
      4.964    -0.440    -0.374
      4.971    -0.444    -0.374
      4.978    -0.448    -0.374
      4.985    -0.452    -0.374
      4.992    -0.456    -0.373
      4.998    -0.460    -0.373
      5.005    -0.464    -0.373
      5.012    -0.468    -0.373
      5.019    -0.472    -0.373
      5.026    -0.476    -0.373
      5.032    -0.480    -0.373
      5.039    -0.484    -0.372
      5.046    -0.488    -0.372
      5.053    -0.492    -0.372
      5.060    -0.496    -0.372
      5.067    -0.500    -0.372
      5.074    -0.504    -0.372
      5.081    -0.508    -0.371
      5.087    -0.512    -0.371
      5.094    -0.516    -0.371
      5.101    -0.520    -0.371
      5.108    -0.524    -0.371
      5.114    -0.528    -0.371
      5.121    -0.532    -0.370
      5.127    -0.536    -0.370
      5.133    -0.539    -0.370
      5.140    -0.543    -0.370
      5.146    -0.547    -0.370
      5.153    -0.551    -0.370
      5.160    -0.555    -0.369
      5.166    -0.559    -0.369
      5.173    -0.563    -0.369
      5.180    -0.567    -0.369
      5.187    -0.571    -0.369
      5.194    -0.575    -0.368
      5.200    -0.579    -0.368
      5.207    -0.583    -0.368
      5.214    -0.587    -0.368
      5.221    -0.591    -0.368
      5.228    -0.595    -0.367
      5.235    -0.599    -0.367
      5.242    -0.603    -0.367
      5.249    -0.607    -0.367
      5.255    -0.611    -0.367
      5.262    -0.615    -0.366
      5.269    -0.619    -0.366
      5.276    -0.623    -0.366
      5.283    -0.627    -0.366
      5.290    -0.631    -0.365
      5.297    -0.635    -0.365
      5.304    -0.639    -0.365
      5.310    -0.643    -0.365
      5.316    -0.646    -0.365
      5.323    -0.650    -0.364
      5.329    -0.654    -0.364
      5.335    -0.657    -0.364
      5.342    -0.661    -0.364
      5.349    -0.665    -0.364
      5.355    -0.669    -0.363
      5.362    -0.673    -0.363
      5.369    -0.677    -0.363
      5.376    -0.681    -0.363
      5.383    -0.685    -0.362
      5.390    -0.689    -0.362
      5.396    -0.693    -0.362
      5.403    -0.696    -0.362
      5.409    -0.700    -0.361
      5.415    -0.703    -0.361
      5.422    -0.707    -0.361
      5.428    -0.711    -0.361
      5.434    -0.714    -0.360
      5.441    -0.718    -0.360
      5.447    -0.722    -0.360
      5.453    -0.725    -0.360
      5.460    -0.729    -0.359
      5.466    -0.733    -0.359
      5.472    -0.736    -0.359
      5.478    -0.739    -0.359
      5.484    -0.743    -0.358
      5.490    -0.746    -0.358
      5.496    -0.750    -0.358
      5.503    -0.753    -0.358
      5.510    -0.757    -0.357
      5.517    -0.761    -0.357
      5.524    -0.765    -0.357
      5.531    -0.769    -0.356
      5.538    -0.773    -0.356
      5.544    -0.777    -0.356
      5.551    -0.781    -0.355
      5.558    -0.784    -0.355
      5.565    -0.788    -0.355
      5.572    -0.792    -0.354
      5.579    -0.796    -0.354
      5.586    -0.800    -0.354
      5.593    -0.804    -0.354
      5.600    -0.808    -0.353
      5.607    -0.812    -0.353
      5.614    -0.816    -0.353
      5.621    -0.819    -0.352
      5.628    -0.823    -0.352
      5.635    -0.827    -0.352
      5.642    -0.831    -0.351
      5.649    -0.835    -0.351
      5.656    -0.839    -0.351
      5.662    -0.842    -0.350
      5.668    -0.846    -0.350
      5.675    -0.849    -0.350
      5.681    -0.853    -0.349
      5.688    -0.856    -0.349
      5.694    -0.860    -0.349
      5.701    -0.864    -0.348
      5.708    -0.867    -0.348
      5.715    -0.871    -0.348
      5.722    -0.875    -0.347
      5.729    -0.879    -0.347
      5.736    -0.883    -0.346
      5.743    -0.886    -0.346
      5.750    -0.890    -0.346
      5.756    -0.893    -0.345
      5.762    -0.897    -0.345
      5.769    -0.900    -0.345
      5.775    -0.904    -0.344
      5.782    -0.907    -0.344
      5.788    -0.910    -0.344
      5.795    -0.914    -0.343
      5.801    -0.917    -0.343
      5.808    -0.921    -0.343
      5.814    -0.924    -0.342
      5.820    -0.928    -0.342
      5.827    -0.931    -0.341
      5.833    -0.934    -0.341
      5.839    -0.937    -0.341
      5.845    -0.940    -0.340
      5.851    -0.944    -0.340
      5.858    -0.947    -0.340
      5.865    -0.951    -0.339
      5.872    -0.955    -0.339
      5.879    -0.958    -0.338
      5.886    -0.962    -0.338
      5.893    -0.966    -0.338
      5.900    -0.969    -0.337
      5.907    -0.973    -0.337
      5.913    -0.976    -0.336
      5.920    -0.979    -0.336
      5.926    -0.983    -0.336
      5.933    -0.986    -0.335
      5.939    -0.989    -0.335
      5.946    -0.993    -0.334
      5.952    -0.996    -0.334
      5.959    -0.999    -0.334
      5.965    -1.003    -0.333
      5.972    -1.006    -0.333
      5.978    -1.009    -0.332
      5.985    -1.012    -0.332
      5.991    -1.016    -0.331
      5.997    -1.019    -0.331
      6.003    -1.022    -0.331
      6.009    -1.025    -0.330
      6.016    -1.028    -0.330
      6.022    -1.031    -0.329
      6.029    -1.035    -0.329
      6.035    -1.038    -0.329
      6.042    -1.041    -0.328
      6.048    -1.044    -0.328
      6.055    -1.047    -0.327
      6.061    -1.050    -0.327
      6.067    -1.053    -0.326
      6.073    -1.057    -0.326
      6.079    -1.060    -0.326
      6.086    -1.063    -0.325
      6.093    -1.066    -0.325
      6.100    -1.070    -0.324
      6.107    -1.073    -0.324
      6.114    -1.076    -0.323
      6.121    -1.080    -0.323
      6.128    -1.083    -0.322
      6.135    -1.086    -0.322
      6.142    -1.090    -0.321
      6.149    -1.093    -0.321
      6.156    -1.097    -0.320
      6.163    -1.100    -0.320
      6.170    -1.104    -0.319
      6.178    -1.107    -0.319
      6.185    -1.110    -0.318
      6.192    -1.114    -0.318
      6.199    -1.117    -0.317
      6.206    -1.120    -0.317
      6.213    -1.124    -0.316
      6.220    -1.127    -0.316
      6.228    -1.130    -0.315
      6.235    -1.134    -0.314
      6.242    -1.137    -0.314
      6.249    -1.140    -0.313
      6.256    -1.144    -0.313
      6.264    -1.147    -0.312
      6.271    -1.150    -0.312
      6.278    -1.154    -0.311
      6.285    -1.157    -0.311
      6.293    -1.160    -0.310
      6.300    -1.164    -0.310
      6.307    -1.167    -0.309
      6.313    -1.170    -0.309
      6.320    -1.173    -0.308
      6.327    -1.176    -0.308
      6.333    -1.179    -0.307
      6.340    -1.182    -0.307
      6.347    -1.185    -0.306
      6.354    -1.188    -0.305
      6.362    -1.191    -0.305
      6.369    -1.194    -0.304
      6.376    -1.198    -0.304
      6.384    -1.201    -0.303
      6.391    -1.204    -0.303
      6.398    -1.207    -0.302
      6.404    -1.210    -0.302
      6.411    -1.213    -0.301
      6.418    -1.216    -0.301
      6.424    -1.218    -0.300
      6.431    -1.221    -0.300
      6.438    -1.224    -0.299
      6.445    -1.227    -0.298
      6.451    -1.230    -0.298
      6.458    -1.233    -0.297
      6.465    -1.236    -0.297
      6.471    -1.238    -0.296
      6.478    -1.241    -0.296
      6.484    -1.244    -0.295
      6.491    -1.246    -0.295
      6.497    -1.249    -0.294
      6.503    -1.252    -0.294
      6.511    -1.255    -0.293
      6.518    -1.258    -0.293
      6.525    -1.261    -0.292
      6.533    -1.264    -0.292
      6.540    -1.267    -0.291
      6.547    -1.270    -0.290
      6.555    -1.273    -0.290
      6.562    -1.275    -0.289
      6.568    -1.278    -0.289
      6.575    -1.281    -0.288
      6.582    -1.283    -0.288
      6.589    -1.286    -0.287
      6.596    -1.289    -0.287
      6.602    -1.292    -0.286
      6.609    -1.294    -0.286
      6.616    -1.297    -0.285
      6.623    -1.299    -0.285
      6.630    -1.302    -0.284
      6.636    -1.305    -0.283
      6.643    -1.307    -0.283
      6.649    -1.310    -0.282
      6.656    -1.312    -0.282
      6.662    -1.315    -0.281
      6.668    -1.317    -0.281
      6.675    -1.320    -0.280
      6.682    -1.322    -0.280
      6.689    -1.325    -0.279
      6.696    -1.327    -0.279
      6.703    -1.330    -0.278
      6.709    -1.332    -0.278
      6.716    -1.335    -0.277
      6.722    -1.337    -0.277
      6.729    -1.340    -0.276
      6.735    -1.342    -0.276
      6.742    -1.344    -0.275
      6.749    -1.347    -0.275
      6.756    -1.349    -0.274
      6.763    -1.352    -0.274
      6.771    -1.355    -0.273
      6.778    -1.357    -0.272
      6.785    -1.360    -0.272
      6.792    -1.362    -0.271
      6.800    -1.365    -0.271
      6.807    -1.368    -0.270
      6.815    -1.370    -0.270
      6.822    -1.373    -0.269
      6.830    -1.375    -0.268
      6.837    -1.378    -0.268
      6.845    -1.381    -0.267
      6.852    -1.383    -0.267
      6.859    -1.385    -0.266
      6.866    -1.388    -0.266
      6.873    -1.390    -0.265
      6.880    -1.392    -0.265
      6.887    -1.395    -0.264
      6.894    -1.397    -0.264
      6.901    -1.399    -0.263
      6.908    -1.402    -0.262
      6.915    -1.404    -0.262
      6.922    -1.406    -0.261
      6.928    -1.408    -0.261
      6.935    -1.410    -0.260
      6.942    -1.413    -0.260
      6.949    -1.415    -0.259
      6.955    -1.417    -0.259
      6.962    -1.419    -0.258
      6.968    -1.421    -0.258
      6.975    -1.423    -0.257
      6.982    -1.425    -0.257
      6.989    -1.427    -0.256
      6.996    -1.430    -0.256
      7.003    -1.432    -0.255
      7.010    -1.434    -0.255
      7.017    -1.436    -0.254
      7.023    -1.438    -0.254
      7.030    -1.440    -0.253
      7.036    -1.442    -0.253
      7.043    -1.444    -0.252
      7.050    -1.446    -0.252
      7.058    -1.448    -0.251
      7.065    -1.450    -0.251
      7.072    -1.452    -0.250
      7.080    -1.454    -0.250
      7.087    -1.457    -0.249
      7.095    -1.459    -0.249
      7.102    -1.461    -0.248
      7.109    -1.463    -0.248
      7.116    -1.465    -0.247
      7.123    -1.467    -0.247
      7.130    -1.469    -0.246
      7.137    -1.470    -0.246
      7.144    -1.472    -0.245
      7.151    -1.474    -0.245
      7.158    -1.476    -0.244
      7.164    -1.478    -0.244
      7.171    -1.480    -0.243
      7.177    -1.481    -0.243
      7.185    -1.483    -0.243
      7.192    -1.485    -0.242
      7.200    -1.487    -0.242
      7.207    -1.489    -0.241
      7.215    -1.491    -0.241
      7.222    -1.493    -0.240
      7.230    -1.495    -0.240
      7.237    -1.497    -0.239
      7.244    -1.498    -0.239
      7.252    -1.500    -0.238
      7.259    -1.502    -0.238
      7.267    -1.504    -0.237
      7.274    -1.506    -0.237
      7.282    -1.508    -0.236
      7.289    -1.509    -0.236
      7.297    -1.511    -0.235
      7.305    -1.513    -0.235
      7.313    -1.515    -0.234
      7.320    -1.517    -0.234
      7.328    -1.518    -0.233
      7.336    -1.520    -0.233
      7.344    -1.522    -0.232
