Count of Points:874

WCS coordinates of Points:
      1.181     0.000    -0.700
      1.187     0.004    -0.700
      1.193     0.007    -0.700
      1.200     0.011    -0.700
      1.206     0.015    -0.700
      1.212     0.018    -0.700
      1.218     0.022    -0.700
      1.224     0.025    -0.700
      1.230     0.029    -0.700
      1.237     0.032    -0.700
      1.243     0.036    -0.700
      1.249     0.039    -0.700
      1.255     0.043    -0.700
      1.262     0.046    -0.700
      1.268     0.050    -0.700
      1.274     0.053    -0.700
      1.281     0.057    -0.700
      1.287     0.060    -0.700
      1.293     0.064    -0.700
      1.300     0.067    -0.700
      1.306     0.071    -0.700
      1.312     0.074    -0.700
      1.319     0.077    -0.700
      1.325     0.081    -0.700
      1.332     0.084    -0.700
      1.339     0.088    -0.700
      1.346     0.092    -0.700
      1.353     0.095    -0.700
      1.360     0.099    -0.700
      1.366     0.102    -0.700
      1.373     0.105    -0.700
      1.379     0.109    -0.700
      1.386     0.112    -0.700
      1.392     0.115    -0.700
      1.399     0.118    -0.700
      1.405     0.122    -0.700
      1.412     0.125    -0.700
      1.419     0.128    -0.700
      1.426     0.132    -0.700
      1.434     0.135    -0.700
      1.441     0.139    -0.700
      1.448     0.142    -0.700
      1.455     0.146    -0.700
      1.462     0.149    -0.700
      1.469     0.152    -0.700
      1.477     0.156    -0.700
      1.484     0.159    -0.700
      1.491     0.162    -0.700
      1.498     0.165    -0.700
      1.505     0.169    -0.700
      1.511     0.171    -0.700
      1.518     0.174    -0.700
      1.525     0.177    -0.700
      1.531     0.180    -0.700
      1.538     0.183    -0.700
      1.544     0.186    -0.700
      1.551     0.189    -0.700
      1.558     0.192    -0.700
      1.566     0.195    -0.700
      1.573     0.198    -0.700
      1.580     0.201    -0.700
      1.587     0.204    -0.700
      1.595     0.207    -0.700
      1.602     0.210    -0.700
      1.609     0.213    -0.700
      1.617     0.216    -0.700
      1.624     0.219    -0.700
      1.631     0.222    -0.700
      1.638     0.225    -0.700
      1.646     0.228    -0.700
      1.653     0.231    -0.700
      1.660     0.234    -0.700
      1.668     0.237    -0.700
      1.675     0.239    -0.700
      1.683     0.242    -0.700
      1.690     0.245    -0.700
      1.697     0.248    -0.700
      1.704     0.250    -0.700
      1.712     0.253    -0.700
      1.719     0.256    -0.700
      1.727     0.258    -0.700
      1.734     0.261    -0.700
      1.741     0.264    -0.700
      1.749     0.266    -0.700
      1.756     0.269    -0.700
      1.764     0.272    -0.700
      1.771     0.274    -0.700
      1.778     0.277    -0.700
      1.785     0.279    -0.700
      1.792     0.281    -0.700
      1.799     0.284    -0.700
      1.806     0.286    -0.700
      1.812     0.288    -0.700
      1.819     0.290    -0.700
      1.827     0.293    -0.700
      1.834     0.295    -0.700
      1.842     0.298    -0.700
      1.849     0.300    -0.700
      1.857     0.302    -0.700
      1.865     0.305    -0.700
      1.872     0.307    -0.700
      1.880     0.309    -0.700
      1.887     0.312    -0.700
      1.895     0.314    -0.700
      1.902     0.316    -0.700
      1.910     0.318    -0.700
      1.917     0.320    -0.700
      1.925     0.323    -0.700
      1.932     0.325    -0.700
      1.940     0.327    -0.700
      1.948     0.329    -0.700
      1.955     0.331    -0.700
      1.963     0.333    -0.700
      1.970     0.335    -0.700
      1.978     0.337    -0.700
      1.985     0.339    -0.700
      1.993     0.341    -0.700
      2.001     0.343    -0.700
      2.008     0.345    -0.700
      2.016     0.347    -0.700
      2.024     0.349    -0.700
      2.031     0.351    -0.700
      2.039     0.353    -0.700
      2.047     0.354    -0.700
      2.055     0.356    -0.700
      2.062     0.358    -0.700
      2.070     0.360    -0.700
      2.078     0.362    -0.700
      2.085     0.363    -0.700
      2.093     0.365    -0.700
      2.101     0.367    -0.700
      2.108     0.368    -0.700
      2.116     0.370    -0.700
      2.124     0.372    -0.700
      2.131     0.373    -0.700
      2.139     0.375    -0.700
      2.147     0.376    -0.700
      2.155     0.378    -0.700
      2.162     0.379    -0.700
      2.170     0.381    -0.700
      2.178     0.382    -0.700
      2.186     0.384    -0.700
      2.194     0.385    -0.700
      2.202     0.387    -0.700
      2.209     0.388    -0.700
      2.217     0.389    -0.700
      2.225     0.391    -0.700
      2.232     0.392    -0.700
      2.239     0.393    -0.700
      2.246     0.394    -0.700
      2.254     0.395    -0.700
      2.261     0.397    -0.700
      2.268     0.398    -0.700
      2.275     0.399    -0.700
      2.282     0.400    -0.700
      2.289     0.401    -0.700
      2.296     0.402    -0.700
      2.304     0.403    -0.700
      2.311     0.404    -0.700
      2.318     0.405    -0.700
      2.326     0.406    -0.700
      2.334     0.407    -0.700
      2.341     0.408    -0.700
      2.349     0.409    -0.700
      2.357     0.410    -0.700
      2.365     0.411    -0.700
      2.373     0.412    -0.700
      2.381     0.413    -0.700
      2.389     0.413    -0.700
      2.397     0.414    -0.700
      2.404     0.415    -0.700
      2.412     0.416    -0.700
      2.420     0.417    -0.700
      2.427     0.417    -0.700
      2.435     0.418    -0.700
      2.443     0.419    -0.700
      2.451     0.419    -0.700
      2.459     0.420    -0.700
      2.467     0.421    -0.700
      2.475     0.421    -0.700
      2.482     0.422    -0.700
      2.490     0.422    -0.700
      2.498     0.423    -0.700
      2.506     0.424    -0.700
      2.514     0.424    -0.700
      2.522     0.424    -0.700
      2.530     0.425    -0.700
      2.538     0.425    -0.700
      2.546     0.426    -0.700
      2.553     0.426    -0.700
      2.561     0.426    -0.700
      2.569     0.427    -0.700
      2.577     0.427    -0.700
      2.585     0.427    -0.700
      2.593     0.428    -0.700
      2.601     0.428    -0.700
      2.609     0.428    -0.700
      2.616     0.428    -0.700
      2.624     0.428    -0.700
      2.632     0.429    -0.700
      2.640     0.429    -0.700
      2.648     0.429    -0.700
      2.656     0.429    -0.700
      2.664     0.429    -0.700
      2.672     0.429    -0.700
      2.680     0.429    -0.700
      2.688     0.429    -0.700
      2.695     0.429    -0.700
      2.703     0.429    -0.700
      2.711     0.429    -0.700
      2.719     0.429    -0.700
      2.727     0.428    -0.700
      2.735     0.428    -0.700
      2.742     0.428    -0.700
      2.750     0.428    -0.700
      2.757     0.428    -0.700
      2.764     0.427    -0.700
      2.771     0.427    -0.700
      2.779     0.427    -0.700
      2.787     0.427    -0.700
      2.795     0.426    -0.700
      2.802     0.426    -0.700
      2.810     0.426    -0.700
      2.818     0.425    -0.700
      2.826     0.425    -0.700
      2.834     0.424    -0.700
      2.842     0.424    -0.700
      2.849     0.423    -0.700
      2.857     0.423    -0.700
      2.865     0.422    -0.700
      2.873     0.422    -0.700
      2.881     0.421    -0.700
      2.889     0.421    -0.700
      2.897     0.420    -0.700
      2.905     0.419    -0.700
      2.913     0.419    -0.700
      2.921     0.418    -0.700
      2.928     0.417    -0.700
      2.936     0.416    -0.700
      2.944     0.416    -0.700
      2.952     0.415    -0.700
      2.960     0.414    -0.700
      2.967     0.413    -0.700
      2.975     0.413    -0.700
      2.982     0.412    -0.700
      2.989     0.411    -0.700
      2.996     0.410    -0.700
      3.004     0.409    -0.700
      3.011     0.408    -0.700
      3.019     0.407    -0.700
      3.027     0.406    -0.700
      3.035     0.405    -0.700
      3.043     0.404    -0.700
      3.051     0.403    -0.700
      3.059     0.402    -0.700
      3.066     0.401    -0.700
      3.073     0.400    -0.700
      3.080     0.399    -0.700
      3.088     0.398    -0.700
      3.095     0.397    -0.700
      3.102     0.396    -0.700
      3.109     0.395    -0.700
      3.116     0.394    -0.700
      3.123     0.393    -0.700
      3.131     0.391    -0.700
      3.138     0.390    -0.700
      3.145     0.389    -0.700
      3.152     0.388    -0.700
      3.159     0.387    -0.700
      3.165     0.386    -0.699
      3.172     0.384    -0.699
      3.179     0.383    -0.699
      3.186     0.382    -0.699
      3.193     0.381    -0.699
      3.200     0.379    -0.699
      3.207     0.378    -0.699
      3.214     0.377    -0.699
      3.221     0.375    -0.699
      3.228     0.374    -0.699
      3.236     0.373    -0.699
      3.244     0.371    -0.699
      3.252     0.369    -0.699
      3.259     0.368    -0.699
      3.267     0.366    -0.699
      3.275     0.365    -0.699
      3.283     0.363    -0.699
      3.290     0.361    -0.699
      3.298     0.360    -0.699
      3.306     0.358    -0.699
      3.313     0.356    -0.699
      3.321     0.355    -0.699
      3.328     0.353    -0.699
      3.336     0.351    -0.699
      3.344     0.349    -0.699
      3.351     0.348    -0.699
      3.359     0.346    -0.699
      3.367     0.344    -0.699
      3.375     0.342    -0.699
      3.382     0.340    -0.699
      3.390     0.338    -0.699
      3.397     0.337    -0.699
      3.405     0.335    -0.699
      3.412     0.333    -0.699
      3.420     0.331    -0.699
      3.428     0.329    -0.699
      3.435     0.327    -0.699
      3.443     0.325    -0.699
      3.451     0.323    -0.699
      3.458     0.321    -0.699
      3.466     0.319    -0.699
      3.474     0.317    -0.699
      3.481     0.315    -0.699
      3.489     0.312    -0.699
      3.497     0.310    -0.699
      3.504     0.308    -0.699
      3.512     0.306    -0.699
      3.519     0.304    -0.699
      3.527     0.302    -0.699
      3.534     0.300    -0.699
      3.542     0.298    -0.699
      3.549     0.295    -0.698
      3.557     0.293    -0.698
      3.565     0.291    -0.698
      3.572     0.289    -0.698
      3.580     0.286    -0.698
      3.588     0.284    -0.698
      3.595     0.282    -0.698
      3.603     0.279    -0.698
      3.610     0.277    -0.698
      3.618     0.275    -0.698
      3.625     0.272    -0.698
      3.633     0.270    -0.698
      3.640     0.268    -0.698
      3.647     0.266    -0.698
      3.654     0.263    -0.698
      3.661     0.261    -0.698
      3.668     0.259    -0.698
      3.675     0.257    -0.698
      3.682     0.254    -0.698
      3.690     0.252    -0.698
      3.697     0.249    -0.698
      3.705     0.247    -0.698
      3.712     0.244    -0.698
      3.720     0.242    -0.698
      3.727     0.239    -0.698
      3.734     0.237    -0.698
      3.742     0.234    -0.697
      3.749     0.232    -0.697
      3.757     0.229    -0.697
      3.764     0.226    -0.697
      3.772     0.224    -0.697
      3.779     0.221    -0.697
      3.787     0.218    -0.697
      3.794     0.216    -0.697
      3.802     0.213    -0.697
      3.809     0.210    -0.697
      3.817     0.208    -0.697
      3.824     0.205    -0.697
      3.832     0.202    -0.697
      3.839     0.200    -0.697
      3.846     0.197    -0.697
      3.853     0.194    -0.697
      3.860     0.192    -0.697
      3.867     0.189    -0.697
      3.874     0.187    -0.696
      3.881     0.184    -0.696
      3.887     0.182    -0.696
      3.895     0.179    -0.696
      3.902     0.176    -0.696
      3.910     0.173    -0.696
      3.917     0.170    -0.696
      3.925     0.167    -0.696
      3.932     0.165    -0.696
      3.939     0.162    -0.696
      3.946     0.159    -0.696
      3.953     0.156    -0.696
      3.960     0.154    -0.696
      3.966     0.151    -0.696
      3.973     0.148    -0.696
      3.980     0.146    -0.695
      3.987     0.143    -0.695
      3.994     0.140    -0.695
      4.000     0.138    -0.695
      4.007     0.135    -0.695
      4.014     0.132    -0.695
      4.021     0.129    -0.695
      4.027     0.127    -0.695
      4.033     0.124    -0.695
      4.040     0.122    -0.695
      4.046     0.119    -0.695
      4.052     0.116    -0.695
      4.060     0.113    -0.695
      4.067     0.110    -0.694
      4.074     0.107    -0.694
      4.082     0.104    -0.694
      4.089     0.101    -0.694
      4.096     0.098    -0.694
      4.103     0.095    -0.694
      4.110     0.092    -0.694
      4.118     0.089    -0.694
      4.125     0.086    -0.694
      4.132     0.083    -0.694
      4.139     0.080    -0.694
      4.147     0.077    -0.693
      4.154     0.074    -0.693
      4.161     0.071    -0.693
      4.169     0.067    -0.693
      4.176     0.064    -0.693
      4.183     0.061    -0.693
      4.190     0.058    -0.693
      4.198     0.055    -0.693
      4.205     0.052    -0.693
      4.212     0.048    -0.692
      4.219     0.045    -0.692
      4.226     0.042    -0.692
      4.233     0.039    -0.692
      4.239     0.037    -0.692
      4.246     0.034    -0.692
      4.253     0.031    -0.692
      4.259     0.028    -0.692
      4.267     0.024    -0.692
      4.274     0.021    -0.691
      4.281     0.018    -0.691
      4.288     0.015    -0.691
      4.295     0.012    -0.691
      4.303     0.008    -0.691
      4.310     0.005    -0.691
      4.317     0.002    -0.691
      4.323    -0.001    -0.690
      4.330    -0.004    -0.690
      4.336    -0.007    -0.690
      4.343    -0.010    -0.690
      4.350    -0.013    -0.690
      4.356    -0.016    -0.690
      4.363    -0.019    -0.690
      4.370    -0.022    -0.690
      4.376    -0.025    -0.689
      4.383    -0.028    -0.689
      4.389    -0.031    -0.689
      4.396    -0.034    -0.689
      4.402    -0.037    -0.689
      4.408    -0.040    -0.689
      4.414    -0.043    -0.689
      4.421    -0.046    -0.688
      4.428    -0.049    -0.688
      4.435    -0.052    -0.688
      4.442    -0.056    -0.688
      4.449    -0.059    -0.688
      4.457    -0.062    -0.688
      4.464    -0.066    -0.687
      4.471    -0.069    -0.687
      4.477    -0.072    -0.687
      4.484    -0.075    -0.687
      4.491    -0.078    -0.687
      4.497    -0.081    -0.687
      4.504    -0.085    -0.686
      4.510    -0.088    -0.686
      4.517    -0.091    -0.686
      4.524    -0.094    -0.686
      4.530    -0.097    -0.686
      4.537    -0.100    -0.686
      4.543    -0.103    -0.685
      4.550    -0.106    -0.685
      4.556    -0.109    -0.685
      4.562    -0.112    -0.685
      4.568    -0.115    -0.685
      4.575    -0.118    -0.685
      4.581    -0.121    -0.684
      4.587    -0.124    -0.684
      4.594    -0.127    -0.684
      4.600    -0.130    -0.684
      4.607    -0.134    -0.684
      4.614    -0.137    -0.683
      4.620    -0.140    -0.683
      4.626    -0.143    -0.683
      4.632    -0.146    -0.683
      4.639    -0.149    -0.683
      4.645    -0.152    -0.682
      4.651    -0.155    -0.682
      4.658    -0.158    -0.682
      4.665    -0.161    -0.682
      4.672    -0.165    -0.682
      4.679    -0.168    -0.681
      4.685    -0.171    -0.681
      4.692    -0.175    -0.681
      4.699    -0.178    -0.681
      4.706    -0.181    -0.680
      4.713    -0.184    -0.680
      4.719    -0.188    -0.680
      4.726    -0.191    -0.680
      4.732    -0.194    -0.679
      4.738    -0.197    -0.679
      4.745    -0.200    -0.679
      4.751    -0.203    -0.679
      4.759    -0.207    -0.678
      4.766    -0.210    -0.678
      4.773    -0.214    -0.678
      4.780    -0.217    -0.678
      4.787    -0.221    -0.677
      4.794    -0.224    -0.677
      4.801    -0.227    -0.677
      4.808    -0.231    -0.676
      4.815    -0.234    -0.676
      4.823    -0.238    -0.676
      4.830    -0.241    -0.675
      4.837    -0.245    -0.675
      4.844    -0.248    -0.675
      4.851    -0.251    -0.675
      4.858    -0.255    -0.674
      4.865    -0.258    -0.674
      4.872    -0.262    -0.674
      4.879    -0.265    -0.673
      4.886    -0.269    -0.673
      4.893    -0.272    -0.673
      4.900    -0.276    -0.672
      4.907    -0.279    -0.672
      4.914    -0.282    -0.672
      4.921    -0.286    -0.671
      4.928    -0.289    -0.671
      4.935    -0.293    -0.671
      4.943    -0.296    -0.670
      4.950    -0.300    -0.670
      4.957    -0.303    -0.669
      4.964    -0.307    -0.669
      4.971    -0.310    -0.669
      4.978    -0.314    -0.668
      4.985    -0.317    -0.668
      4.992    -0.321    -0.668
      4.999    -0.324    -0.667
      5.006    -0.327    -0.667
      5.013    -0.331    -0.666
      5.020    -0.334    -0.666
      5.027    -0.338    -0.666
      5.035    -0.341    -0.665
      5.042    -0.345    -0.665
      5.049    -0.348    -0.664
      5.056    -0.351    -0.664
      5.063    -0.355    -0.664
      5.070    -0.358    -0.663
      5.077    -0.362    -0.663
      5.084    -0.365    -0.662
      5.092    -0.369    -0.662
      5.099    -0.372    -0.661
      5.106    -0.376    -0.661
      5.113    -0.379    -0.661
      5.120    -0.383    -0.660
      5.127    -0.386    -0.660
      5.134    -0.389    -0.659
      5.140    -0.392    -0.659
      5.147    -0.396    -0.658
      5.153    -0.399    -0.658
      5.160    -0.402    -0.657
      5.166    -0.405    -0.657
      5.174    -0.408    -0.657
      5.181    -0.412    -0.656
      5.188    -0.415    -0.656
      5.195    -0.419    -0.655
      5.202    -0.422    -0.655
      5.209    -0.426    -0.654
      5.216    -0.429    -0.654
      5.223    -0.432    -0.653
      5.230    -0.436    -0.653
      5.237    -0.439    -0.652
      5.244    -0.443    -0.652
      5.251    -0.446    -0.651
      5.259    -0.449    -0.651
      5.266    -0.453    -0.650
      5.273    -0.456    -0.649
      5.280    -0.460    -0.649
      5.287    -0.463    -0.648
      5.294    -0.466    -0.648
      5.301    -0.470    -0.647
      5.309    -0.473    -0.647
      5.316    -0.477    -0.646
      5.323    -0.480    -0.646
      5.330    -0.483    -0.645
      5.337    -0.487    -0.644
      5.343    -0.490    -0.644
      5.350    -0.493    -0.643
      5.356    -0.496    -0.643
      5.363    -0.499    -0.642
      5.369    -0.502    -0.642
      5.376    -0.505    -0.641
      5.384    -0.509    -0.641
      5.391    -0.512    -0.640
      5.398    -0.516    -0.639
      5.405    -0.519    -0.639
      5.412    -0.522    -0.638
      5.419    -0.526    -0.637
      5.426    -0.529    -0.637
      5.433    -0.532    -0.636
      5.439    -0.535    -0.636
      5.446    -0.538    -0.635
      5.452    -0.541    -0.635
      5.459    -0.544    -0.634
      5.465    -0.547    -0.633
      5.472    -0.550    -0.633
      5.479    -0.553    -0.632
      5.485    -0.556    -0.632
      5.492    -0.559    -0.631
      5.498    -0.563    -0.630
      5.504    -0.565    -0.630
      5.511    -0.568    -0.629
      5.517    -0.571    -0.629
      5.523    -0.574    -0.628
      5.529    -0.577    -0.627
      5.536    -0.580    -0.627
      5.544    -0.584    -0.626
      5.551    -0.587    -0.625
      5.558    -0.590    -0.625
      5.565    -0.593    -0.624
      5.572    -0.597    -0.623
      5.579    -0.600    -0.623
      5.586    -0.603    -0.622
      5.593    -0.606    -0.621
      5.600    -0.610    -0.620
      5.608    -0.613    -0.620
      5.615    -0.616    -0.619
      5.622    -0.619    -0.618
      5.629    -0.623    -0.617
      5.636    -0.626    -0.617
      5.644    -0.629    -0.616
      5.651    -0.633    -0.615
      5.658    -0.636    -0.614
      5.665    -0.639    -0.614
      5.672    -0.642    -0.613
      5.679    -0.646    -0.612
      5.687    -0.649    -0.611
      5.694    -0.652    -0.611
      5.700    -0.655    -0.610
      5.707    -0.658    -0.609
      5.714    -0.661    -0.608
      5.720    -0.664    -0.608
      5.727    -0.667    -0.607
      5.734    -0.670    -0.606
      5.741    -0.673    -0.605
      5.748    -0.676    -0.605
      5.755    -0.680    -0.604
      5.762    -0.683    -0.603
      5.770    -0.686    -0.602
      5.777    -0.689    -0.601
      5.784    -0.692    -0.601
      5.791    -0.695    -0.600
      5.797    -0.698    -0.599
      5.804    -0.701    -0.598
      5.810    -0.704    -0.598
      5.817    -0.707    -0.597
      5.824    -0.710    -0.596
      5.830    -0.713    -0.595
      5.837    -0.716    -0.594
      5.843    -0.719    -0.594
      5.850    -0.722    -0.593
      5.857    -0.725    -0.592
      5.863    -0.728    -0.591
      5.870    -0.730    -0.590
      5.876    -0.733    -0.590
      5.882    -0.736    -0.589
      5.888    -0.738    -0.588
      5.895    -0.741    -0.587
      5.902    -0.744    -0.587
      5.909    -0.747    -0.586
      5.916    -0.751    -0.585
      5.923    -0.754    -0.584
      5.931    -0.757    -0.583
      5.938    -0.760    -0.582
      5.945    -0.763    -0.581
      5.952    -0.766    -0.580
      5.958    -0.769    -0.579
      5.965    -0.772    -0.579
      5.972    -0.775    -0.578
      5.978    -0.777    -0.577
      5.985    -0.780    -0.576
      5.992    -0.783    -0.575
      5.998    -0.786    -0.574
      6.005    -0.789    -0.574
      6.012    -0.792    -0.573
      6.018    -0.795    -0.572
      6.025    -0.797    -0.571
      6.031    -0.800    -0.570
      6.037    -0.803    -0.569
      6.044    -0.805    -0.569
      6.050    -0.808    -0.568
      6.056    -0.811    -0.567
      6.063    -0.814    -0.566
      6.069    -0.816    -0.565
      6.076    -0.819    -0.564
      6.083    -0.822    -0.563
      6.089    -0.825    -0.562
      6.096    -0.828    -0.562
      6.102    -0.830    -0.561
      6.109    -0.833    -0.560
      6.115    -0.835    -0.559
      6.121    -0.838    -0.558
      6.127    -0.841    -0.557
      6.134    -0.844    -0.556
      6.141    -0.847    -0.555
      6.148    -0.849    -0.554
      6.156    -0.852    -0.554
      6.163    -0.855    -0.553
      6.170    -0.858    -0.552
      6.177    -0.861    -0.551
      6.184    -0.864    -0.550
      6.191    -0.867    -0.549
      6.198    -0.870    -0.548
      6.205    -0.873    -0.547
      6.213    -0.876    -0.546
      6.220    -0.879    -0.545
      6.227    -0.882    -0.544
      6.234    -0.885    -0.543
      6.241    -0.888    -0.542
      6.249    -0.891    -0.541
      6.256    -0.893    -0.540
      6.263    -0.896    -0.539
      6.270    -0.899    -0.538
      6.278    -0.902    -0.537
      6.285    -0.905    -0.536
      6.292    -0.908    -0.535
      6.300    -0.911    -0.534
      6.307    -0.914    -0.533
      6.314    -0.917    -0.532
      6.322    -0.920    -0.531
      6.329    -0.923    -0.530
      6.336    -0.926    -0.529
      6.344    -0.929    -0.528
      6.351    -0.931    -0.527
      6.358    -0.934    -0.526
      6.364    -0.937    -0.525
      6.371    -0.939    -0.524
      6.378    -0.942    -0.523
      6.384    -0.945    -0.522
      6.391    -0.947    -0.521
      6.398    -0.950    -0.520
      6.406    -0.953    -0.519
      6.413    -0.956    -0.518
      6.420    -0.959    -0.517
      6.428    -0.961    -0.516
      6.435    -0.964    -0.515
      6.443    -0.967    -0.514
      6.449    -0.970    -0.513
      6.456    -0.972    -0.512
      6.463    -0.975    -0.511
      6.470    -0.977    -0.510
      6.476    -0.980    -0.509
      6.483    -0.982    -0.508
      6.490    -0.985    -0.507
      6.497    -0.987    -0.506
      6.503    -0.990    -0.505
      6.510    -0.992    -0.504
      6.517    -0.995    -0.504
      6.524    -0.998    -0.503
      6.530    -1.000    -0.502
      6.536    -1.002    -0.501
      6.543    -1.005    -0.500
      6.549    -1.007    -0.499
      6.555    -1.009    -0.498
      6.563    -1.012    -0.497
      6.570    -1.015    -0.496
      6.578    -1.017    -0.495
      6.585    -1.020    -0.494
      6.592    -1.023    -0.493
      6.600    -1.025    -0.492
      6.607    -1.028    -0.491
      6.614    -1.031    -0.490
      6.621    -1.033    -0.489
      6.628    -1.035    -0.488
      6.634    -1.038    -0.487
      6.641    -1.040    -0.486
      6.648    -1.043    -0.485
      6.655    -1.045    -0.484
      6.662    -1.048    -0.484
      6.668    -1.050    -0.483
      6.675    -1.052    -0.482
      6.682    -1.055    -0.481
      6.689    -1.057    -0.480
      6.695    -1.059    -0.479
      6.702    -1.062    -0.478
      6.708    -1.064    -0.477
      6.714    -1.066    -0.476
      6.721    -1.068    -0.475
      6.728    -1.071    -0.474
      6.735    -1.073    -0.474
      6.741    -1.075    -0.473
      6.748    -1.078    -0.472
      6.755    -1.080    -0.471
      6.762    -1.082    -0.470
      6.768    -1.084    -0.469
      6.775    -1.087    -0.468
      6.781    -1.089    -0.467
      6.788    -1.091    -0.466
      6.794    -1.093    -0.466
      6.801    -1.095    -0.465
      6.809    -1.098    -0.464
      6.816    -1.100    -0.463
      6.823    -1.102    -0.462
      6.830    -1.105    -0.461
      6.837    -1.107    -0.460
      6.845    -1.109    -0.459
      6.852    -1.112    -0.458
      6.859    -1.114    -0.457
      6.867    -1.117    -0.456
      6.874    -1.119    -0.455
      6.882    -1.121    -0.454
      6.889    -1.124    -0.453
      6.897    -1.126    -0.452
      6.905    -1.128    -0.451
      6.911    -1.131    -0.450
      6.918    -1.133    -0.449
      6.925    -1.135    -0.449
      6.932    -1.137    -0.448
      6.939    -1.139    -0.447
      6.946    -1.141    -0.446
      6.953    -1.143    -0.445
      6.960    -1.145    -0.444
      6.967    -1.147    -0.443
      6.974    -1.149    -0.442
      6.981    -1.151    -0.442
      6.987    -1.154    -0.441
      6.994    -1.155    -0.440
      7.001    -1.157    -0.439
      7.007    -1.159    -0.438
      7.014    -1.161    -0.437
      7.020    -1.163    -0.437
      7.027    -1.165    -0.436
      7.034    -1.167    -0.435
      7.041    -1.169    -0.434
      7.048    -1.171    -0.433
      7.055    -1.173    -0.432
      7.062    -1.175    -0.432
      7.068    -1.177    -0.431
      7.075    -1.179    -0.430
      7.082    -1.180    -0.429
      7.088    -1.182    -0.428
      7.095    -1.184    -0.428
      7.102    -1.186    -0.427
      7.109    -1.188    -0.426
      7.117    -1.190    -0.425
      7.124    -1.192    -0.424
      7.131    -1.194    -0.423
      7.139    -1.196    -0.422
      7.146    -1.198    -0.422
      7.153    -1.200    -0.421
      7.160    -1.201    -0.420
      7.167    -1.203    -0.419
      7.174    -1.205    -0.418
      7.181    -1.207    -0.418
      7.189    -1.209    -0.417
      7.196    -1.210    -0.416
      7.202    -1.212    -0.415
      7.209    -1.214    -0.414
      7.215    -1.215    -0.414
      7.222    -1.217    -0.413
      7.229    -1.219    -0.412
      7.236    -1.220    -0.411
      7.243    -1.222    -0.411
      7.251    -1.224    -0.410
      7.258    -1.226    -0.409
      7.266    -1.227    -0.408
      7.273    -1.229    -0.407
      7.280    -1.231    -0.407
      7.288    -1.233    -0.406
      7.295    -1.234    -0.405
      7.303    -1.236    -0.404
      7.310    -1.238    -0.403
      7.318    -1.239    -0.403
      7.325    -1.241    -0.402
      7.332    -1.243    -0.401
      7.340    -1.244    -0.400
      7.347    -1.246    -0.399
      7.355    -1.248    -0.399
      7.363    -1.249    -0.398
      7.371    -1.251    -0.397
      7.378    -1.253    -0.396
      7.386    -1.254    -0.395
      7.394    -1.256    -0.395
