Count of Points:874

WCS coordinates of Points:
      1.181     0.000    -0.984
      1.187     0.004    -0.984
      1.193     0.008    -0.984
      1.199     0.012    -0.984
      1.205     0.016    -0.984
      1.211     0.020    -0.984
      1.217     0.023    -0.984
      1.223     0.027    -0.984
      1.229     0.031    -0.984
      1.235     0.035    -0.984
      1.241     0.039    -0.984
      1.247     0.042    -0.984
      1.253     0.046    -0.984
      1.259     0.050    -0.984
      1.265     0.054    -0.984
      1.271     0.057    -0.984
      1.278     0.061    -0.984
      1.284     0.065    -0.984
      1.290     0.068    -0.984
      1.296     0.072    -0.984
      1.302     0.076    -0.984
      1.309     0.079    -0.984
      1.315     0.083    -0.984
      1.321     0.087    -0.984
      1.328     0.091    -0.984
      1.335     0.094    -0.984
      1.342     0.098    -0.984
      1.348     0.102    -0.984
      1.355     0.106    -0.984
      1.362     0.110    -0.984
      1.368     0.113    -0.984
      1.374     0.117    -0.984
      1.380     0.120    -0.984
      1.387     0.123    -0.984
      1.393     0.127    -0.984
      1.399     0.130    -0.984
      1.406     0.134    -0.984
      1.413     0.138    -0.984
      1.420     0.141    -0.984
      1.427     0.145    -0.984
      1.434     0.148    -0.984
      1.441     0.152    -0.984
      1.449     0.156    -0.984
      1.456     0.159    -0.984
      1.463     0.163    -0.984
      1.470     0.166    -0.984
      1.477     0.170    -0.984
      1.484     0.173    -0.984
      1.491     0.177    -0.984
      1.498     0.180    -0.983
      1.504     0.183    -0.983
      1.511     0.186    -0.983
      1.517     0.189    -0.983
      1.523     0.192    -0.983
      1.530     0.195    -0.983
      1.536     0.198    -0.983
      1.543     0.201    -0.983
      1.550     0.205    -0.983
      1.557     0.208    -0.983
      1.565     0.211    -0.983
      1.572     0.215    -0.983
      1.579     0.218    -0.983
      1.586     0.221    -0.983
      1.593     0.224    -0.983
      1.601     0.227    -0.983
      1.608     0.230    -0.983
      1.615     0.234    -0.983
      1.622     0.237    -0.983
      1.629     0.240    -0.983
      1.637     0.243    -0.983
      1.644     0.246    -0.983
      1.651     0.249    -0.983
      1.658     0.252    -0.983
      1.666     0.255    -0.983
      1.673     0.258    -0.983
      1.680     0.260    -0.983
      1.688     0.263    -0.983
      1.695     0.266    -0.983
      1.702     0.269    -0.983
      1.709     0.272    -0.983
      1.717     0.275    -0.983
      1.724     0.277    -0.983
      1.731     0.280    -0.983
      1.739     0.283    -0.983
      1.746     0.286    -0.983
      1.754     0.289    -0.983
      1.761     0.291    -0.983
      1.768     0.294    -0.983
      1.775     0.296    -0.983
      1.781     0.299    -0.983
      1.788     0.301    -0.983
      1.795     0.303    -0.983
      1.802     0.306    -0.983
      1.809     0.308    -0.983
      1.816     0.311    -0.983
      1.824     0.313    -0.983
      1.831     0.316    -0.983
      1.838     0.318    -0.983
      1.846     0.321    -0.983
      1.853     0.323    -0.983
      1.861     0.326    -0.983
      1.869     0.328    -0.983
      1.876     0.330    -0.983
      1.884     0.333    -0.983
      1.891     0.335    -0.983
      1.898     0.337    -0.983
      1.906     0.340    -0.983
      1.913     0.342    -0.983
      1.921     0.344    -0.983
      1.928     0.346    -0.983
      1.936     0.349    -0.983
      1.944     0.351    -0.983
      1.951     0.353    -0.983
      1.959     0.355    -0.983
      1.966     0.357    -0.983
      1.974     0.359    -0.983
      1.981     0.361    -0.983
      1.989     0.363    -0.983
      1.996     0.366    -0.983
      2.004     0.368    -0.983
      2.012     0.370    -0.983
      2.019     0.372    -0.983
      2.027     0.374    -0.983
      2.035     0.376    -0.983
      2.042     0.377    -0.983
      2.050     0.379    -0.983
      2.058     0.381    -0.983
      2.065     0.383    -0.983
      2.073     0.385    -0.983
      2.081     0.387    -0.983
      2.088     0.389    -0.983
      2.096     0.390    -0.983
      2.103     0.392    -0.983
      2.111     0.394    -0.983
      2.119     0.395    -0.983
      2.126     0.397    -0.983
      2.134     0.399    -0.983
      2.142     0.400    -0.983
      2.150     0.402    -0.983
      2.157     0.404    -0.983
      2.165     0.405    -0.983
      2.173     0.407    -0.983
      2.181     0.408    -0.983
      2.188     0.410    -0.983
      2.196     0.411    -0.983
      2.204     0.413    -0.983
      2.212     0.414    -0.983
      2.219     0.416    -0.983
      2.226     0.417    -0.983
      2.233     0.418    -0.983
      2.240     0.419    -0.983
      2.248     0.421    -0.983
      2.255     0.422    -0.983
      2.262     0.423    -0.983
      2.269     0.424    -0.983
      2.276     0.425    -0.983
      2.283     0.426    -0.983
      2.290     0.427    -0.983
      2.297     0.429    -0.982
      2.304     0.430    -0.982
      2.312     0.431    -0.982
      2.320     0.432    -0.982
      2.328     0.433    -0.982
      2.336     0.434    -0.982
      2.343     0.435    -0.982
      2.351     0.436    -0.982
      2.359     0.437    -0.982
      2.367     0.438    -0.982
      2.375     0.439    -0.982
      2.383     0.440    -0.982
      2.390     0.441    -0.982
      2.398     0.442    -0.982
      2.406     0.443    -0.982
      2.413     0.444    -0.982
      2.421     0.444    -0.982
      2.429     0.445    -0.982
      2.437     0.446    -0.982
      2.445     0.447    -0.982
      2.453     0.448    -0.982
      2.461     0.448    -0.982
      2.468     0.449    -0.982
      2.476     0.450    -0.982
      2.484     0.450    -0.982
      2.492     0.451    -0.982
      2.500     0.451    -0.982
      2.507     0.452    -0.982
      2.515     0.453    -0.982
      2.523     0.453    -0.982
      2.531     0.454    -0.982
      2.539     0.454    -0.982
      2.547     0.455    -0.982
      2.555     0.455    -0.982
      2.563     0.456    -0.982
      2.571     0.456    -0.982
      2.578     0.456    -0.982
      2.586     0.457    -0.982
      2.594     0.457    -0.982
      2.602     0.457    -0.982
      2.609     0.458    -0.982
      2.617     0.458    -0.982
      2.625     0.458    -0.982
      2.633     0.458    -0.982
      2.641     0.459    -0.982
      2.649     0.459    -0.982
      2.657     0.459    -0.982
      2.665     0.459    -0.982
      2.673     0.459    -0.982
      2.681     0.459    -0.982
      2.689     0.459    -0.982
      2.696     0.459    -0.982
      2.704     0.459    -0.982
      2.712     0.459    -0.982
      2.720     0.459    -0.982
      2.727     0.459    -0.982
      2.735     0.459    -0.982
      2.742     0.459    -0.982
      2.749     0.459    -0.982
      2.756     0.459    -0.982
      2.764     0.459    -0.982
      2.772     0.459    -0.982
      2.780     0.458    -0.982
      2.787     0.458    -0.982
      2.795     0.458    -0.982
      2.803     0.458    -0.982
      2.811     0.458    -0.982
      2.819     0.457    -0.982
      2.826     0.457    -0.982
      2.834     0.457    -0.982
      2.842     0.456    -0.982
      2.850     0.456    -0.982
      2.858     0.455    -0.982
      2.866     0.455    -0.982
      2.874     0.455    -0.982
      2.882     0.454    -0.982
      2.890     0.454    -0.982
      2.898     0.453    -0.982
      2.905     0.453    -0.982
      2.913     0.452    -0.982
      2.921     0.452    -0.981
      2.929     0.451    -0.981
      2.937     0.450    -0.981
      2.945     0.450    -0.981
      2.952     0.449    -0.981
      2.959     0.449    -0.981
      2.967     0.448    -0.981
      2.974     0.447    -0.981
      2.981     0.447    -0.981
      2.988     0.446    -0.981
      2.996     0.445    -0.981
      3.004     0.444    -0.981
      3.012     0.444    -0.981
      3.020     0.443    -0.981
      3.028     0.442    -0.981
      3.036     0.441    -0.981
      3.044     0.440    -0.981
      3.051     0.439    -0.981
      3.058     0.439    -0.981
      3.065     0.438    -0.981
      3.072     0.437    -0.981
      3.080     0.436    -0.981
      3.087     0.435    -0.981
      3.094     0.434    -0.981
      3.101     0.433    -0.981
      3.108     0.432    -0.981
      3.116     0.431    -0.981
      3.123     0.430    -0.981
      3.130     0.429    -0.981
      3.137     0.428    -0.981
      3.143     0.427    -0.981
      3.150     0.426    -0.981
      3.157     0.425    -0.981
      3.164     0.424    -0.981
      3.171     0.423    -0.981
      3.178     0.422    -0.981
      3.185     0.421    -0.981
      3.192     0.420    -0.981
      3.199     0.419    -0.981
      3.206     0.418    -0.981
      3.213     0.416    -0.981
      3.221     0.415    -0.980
      3.229     0.414    -0.980
      3.237     0.413    -0.980
      3.245     0.411    -0.980
      3.252     0.410    -0.980
      3.260     0.408    -0.980
      3.268     0.407    -0.980
      3.276     0.406    -0.980
      3.283     0.404    -0.980
      3.291     0.403    -0.980
      3.299     0.401    -0.980
      3.306     0.400    -0.980
      3.314     0.398    -0.980
      3.322     0.397    -0.980
      3.329     0.395    -0.980
      3.337     0.394    -0.980
      3.345     0.392    -0.980
      3.353     0.391    -0.980
      3.360     0.389    -0.980
      3.368     0.387    -0.980
      3.375     0.386    -0.980
      3.383     0.384    -0.980
      3.391     0.383    -0.980
      3.398     0.381    -0.980
      3.406     0.379    -0.980
      3.414     0.378    -0.980
      3.422     0.376    -0.979
      3.429     0.374    -0.979
      3.437     0.372    -0.979
      3.445     0.371    -0.979
      3.452     0.369    -0.979
      3.460     0.367    -0.979
      3.468     0.365    -0.979
      3.475     0.363    -0.979
      3.483     0.362    -0.979
      3.491     0.360    -0.979
      3.498     0.358    -0.979
      3.506     0.356    -0.979
      3.513     0.354    -0.979
      3.521     0.352    -0.979
      3.529     0.350    -0.979
      3.536     0.348    -0.979
      3.544     0.346    -0.979
      3.552     0.344    -0.978
      3.559     0.343    -0.978
      3.567     0.341    -0.978
      3.575     0.339    -0.978
      3.582     0.337    -0.978
      3.590     0.334    -0.978
      3.598     0.332    -0.978
      3.605     0.330    -0.978
      3.613     0.328    -0.978
      3.621     0.326    -0.978
      3.628     0.324    -0.978
      3.635     0.322    -0.978
      3.642     0.320    -0.978
      3.649     0.319    -0.978
      3.656     0.317    -0.977
      3.663     0.315    -0.977
      3.670     0.312    -0.977
      3.678     0.310    -0.977
      3.685     0.308    -0.977
      3.693     0.306    -0.977
      3.701     0.304    -0.977
      3.708     0.302    -0.977
      3.715     0.299    -0.977
      3.723     0.297    -0.977
      3.730     0.295    -0.977
      3.738     0.293    -0.976
      3.746     0.290    -0.976
      3.753     0.288    -0.976
      3.761     0.286    -0.976
      3.768     0.284    -0.976
      3.776     0.281    -0.976
      3.783     0.279    -0.976
      3.791     0.277    -0.976
      3.799     0.274    -0.976
      3.806     0.272    -0.976
      3.814     0.270    -0.975
      3.821     0.267    -0.975
      3.829     0.265    -0.975
      3.836     0.263    -0.975
      3.843     0.260    -0.975
      3.850     0.258    -0.975
      3.857     0.256    -0.975
      3.864     0.254    -0.975
      3.871     0.251    -0.974
      3.878     0.249    -0.974
      3.885     0.247    -0.974
      3.893     0.244    -0.974
      3.901     0.242    -0.974
      3.908     0.239    -0.974
      3.916     0.237    -0.974
      3.923     0.234    -0.974
      3.931     0.232    -0.973
      3.938     0.230    -0.973
      3.944     0.227    -0.973
      3.951     0.225    -0.973
      3.958     0.223    -0.973
      3.965     0.220    -0.973
      3.972     0.218    -0.973
      3.979     0.216    -0.972
      3.986     0.213    -0.972
      3.993     0.211    -0.972
      3.999     0.209    -0.972
      4.006     0.206    -0.972
      4.013     0.204    -0.972
      4.020     0.202    -0.972
      4.026     0.199    -0.971
      4.033     0.197    -0.971
      4.039     0.195    -0.971
      4.045     0.193    -0.971
      4.053     0.190    -0.971
      4.060     0.187    -0.971
      4.068     0.185    -0.970
      4.075     0.182    -0.970
      4.083     0.180    -0.970
      4.090     0.177    -0.970
      4.097     0.174    -0.970
      4.105     0.172    -0.970
      4.112     0.169    -0.969
      4.119     0.166    -0.969
      4.127     0.164    -0.969
      4.134     0.161    -0.969
      4.142     0.158    -0.969
      4.149     0.156    -0.968
      4.157     0.153    -0.968
      4.164     0.150    -0.968
      4.171     0.148    -0.968
      4.179     0.145    -0.967
      4.186     0.142    -0.967
      4.194     0.139    -0.967
      4.201     0.137    -0.967
      4.209     0.134    -0.967
      4.216     0.131    -0.966
      4.223     0.129    -0.966
      4.229     0.126    -0.966
      4.236     0.124    -0.966
      4.243     0.121    -0.966
      4.250     0.119    -0.965
      4.257     0.116    -0.965
      4.264     0.113    -0.965
      4.271     0.111    -0.965
      4.279     0.108    -0.964
      4.286     0.105    -0.964
      4.294     0.102    -0.964
      4.301     0.099    -0.964
      4.308     0.097    -0.963
      4.315     0.094    -0.963
      4.322     0.092    -0.963
      4.329     0.089    -0.963
      4.336     0.086    -0.962
      4.342     0.084    -0.962
      4.349     0.081    -0.962
      4.356     0.079    -0.962
      4.363     0.076    -0.961
      4.370     0.074    -0.961
      4.376     0.071    -0.961
      4.383     0.068    -0.961
      4.390     0.066    -0.960
      4.396     0.063    -0.960
      4.403     0.061    -0.960
      4.409     0.058    -0.960
      4.415     0.056    -0.959
      4.422     0.053    -0.959
      4.429     0.051    -0.959
      4.437     0.048    -0.959
      4.444     0.045    -0.958
      4.451     0.042    -0.958
      4.459     0.039    -0.958
      4.466     0.036    -0.957
      4.473     0.034    -0.957
      4.480     0.031    -0.957
      4.487     0.028    -0.956
      4.494     0.026    -0.956
      4.501     0.023    -0.956
      4.507     0.020    -0.955
      4.514     0.018    -0.955
      4.521     0.015    -0.955
      4.528     0.013    -0.954
      4.534     0.010    -0.954
      4.541     0.007    -0.954
      4.548     0.005    -0.953
      4.555     0.002    -0.953
      4.561    -0.001    -0.953
      4.567    -0.003    -0.952
      4.574    -0.006    -0.952
      4.580    -0.008    -0.952
      4.586    -0.010    -0.951
      4.593    -0.013    -0.951
      4.600    -0.016    -0.951
      4.607    -0.018    -0.950
      4.613    -0.021    -0.950
      4.620    -0.024    -0.950
      4.627    -0.026    -0.949
      4.633    -0.029    -0.949
      4.640    -0.031    -0.948
      4.646    -0.034    -0.948
      4.652    -0.036    -0.948
      4.659    -0.039    -0.947
      4.666    -0.042    -0.947
      4.673    -0.044    -0.947
      4.680    -0.047    -0.946
      4.687    -0.050    -0.946
      4.694    -0.053    -0.945
      4.701    -0.056    -0.945
      4.708    -0.058    -0.944
      4.715    -0.061    -0.944
      4.722    -0.064    -0.943
      4.729    -0.067    -0.943
      4.735    -0.069    -0.943
      4.742    -0.072    -0.942
      4.749    -0.074    -0.942
      4.755    -0.077    -0.941
      4.762    -0.080    -0.941
      4.769    -0.083    -0.940
      4.777    -0.085    -0.940
      4.784    -0.088    -0.939
      4.791    -0.091    -0.939
      4.799    -0.094    -0.938
      4.806    -0.097    -0.938
      4.813    -0.100    -0.937
      4.821    -0.103    -0.937
      4.828    -0.106    -0.936
      4.835    -0.109    -0.936
      4.843    -0.111    -0.935
      4.850    -0.114    -0.935
      4.857    -0.117    -0.934
      4.864    -0.120    -0.933
      4.872    -0.123    -0.933
      4.879    -0.126    -0.932
      4.886    -0.129    -0.932
      4.894    -0.132    -0.931
      4.901    -0.134    -0.931
      4.908    -0.137    -0.930
      4.915    -0.140    -0.929
      4.922    -0.143    -0.929
      4.930    -0.146    -0.928
      4.937    -0.149    -0.928
      4.944    -0.151    -0.927
      4.952    -0.154    -0.926
      4.959    -0.157    -0.926
      4.966    -0.160    -0.925
      4.974    -0.163    -0.924
      4.981    -0.166    -0.924
      4.988    -0.169    -0.923
      4.996    -0.172    -0.922
      5.003    -0.175    -0.922
      5.010    -0.177    -0.921
      5.018    -0.180    -0.920
      5.025    -0.183    -0.920
      5.032    -0.186    -0.919
      5.039    -0.189    -0.918
      5.046    -0.192    -0.918
      5.054    -0.194    -0.917
      5.061    -0.197    -0.916
      5.068    -0.200    -0.915
      5.076    -0.203    -0.915
      5.083    -0.206    -0.914
      5.091    -0.209    -0.913
      5.098    -0.212    -0.912
      5.105    -0.215    -0.912
      5.113    -0.217    -0.911
      5.120    -0.220    -0.910
      5.127    -0.223    -0.909
      5.135    -0.226    -0.909
      5.142    -0.229    -0.908
      5.149    -0.232    -0.907
      5.156    -0.234    -0.906
      5.163    -0.237    -0.906
      5.169    -0.240    -0.905
      5.176    -0.242    -0.904
      5.183    -0.245    -0.903
      5.190    -0.247    -0.903
      5.197    -0.250    -0.902
      5.204    -0.253    -0.901
      5.212    -0.256    -0.900
      5.219    -0.259    -0.899
      5.226    -0.262    -0.899
      5.233    -0.264    -0.898
      5.241    -0.267    -0.897
      5.248    -0.270    -0.896
      5.255    -0.273    -0.895
      5.262    -0.276    -0.894
      5.270    -0.279    -0.893
      5.277    -0.281    -0.892
      5.284    -0.284    -0.892
      5.292    -0.287    -0.891
      5.299    -0.290    -0.890
      5.306    -0.293    -0.889
      5.314    -0.296    -0.888
      5.321    -0.298    -0.887
      5.328    -0.301    -0.886
      5.336    -0.304    -0.885
      5.343    -0.307    -0.884
      5.350    -0.310    -0.883
      5.358    -0.313    -0.882
      5.364    -0.315    -0.881
      5.371    -0.318    -0.881
      5.378    -0.320    -0.880
      5.385    -0.323    -0.879
      5.391    -0.325    -0.878
      5.398    -0.328    -0.877
      5.405    -0.331    -0.876
      5.413    -0.334    -0.875
      5.420    -0.336    -0.874
      5.427    -0.339    -0.873
      5.435    -0.342    -0.872
      5.442    -0.345    -0.871
      5.449    -0.348    -0.870
      5.456    -0.350    -0.869
      5.463    -0.353    -0.868
      5.470    -0.355    -0.867
      5.476    -0.358    -0.866
      5.483    -0.361    -0.865
      5.490    -0.363    -0.864
      5.496    -0.366    -0.863
      5.503    -0.368    -0.862
      5.510    -0.371    -0.861
      5.517    -0.373    -0.860
      5.523    -0.376    -0.859
      5.530    -0.378    -0.858
      5.536    -0.381    -0.857
      5.543    -0.383    -0.857
      5.549    -0.386    -0.856
      5.555    -0.388    -0.855
      5.562    -0.391    -0.854
      5.569    -0.393    -0.853
      5.576    -0.396    -0.852
      5.584    -0.399    -0.850
      5.591    -0.402    -0.849
      5.598    -0.404    -0.848
      5.605    -0.407    -0.847
      5.613    -0.410    -0.846
      5.620    -0.413    -0.845
      5.627    -0.415    -0.844
      5.634    -0.418    -0.843
      5.642    -0.421    -0.841
      5.649    -0.424    -0.840
      5.656    -0.426    -0.839
      5.664    -0.429    -0.838
      5.671    -0.432    -0.837
      5.678    -0.435    -0.836
      5.686    -0.437    -0.835
      5.693    -0.440    -0.833
      5.700    -0.443    -0.832
      5.708    -0.446    -0.831
      5.715    -0.448    -0.830
      5.722    -0.451    -0.829
      5.730    -0.454    -0.827
      5.736    -0.456    -0.826
      5.743    -0.459    -0.825
      5.750    -0.461    -0.824
      5.756    -0.464    -0.823
      5.763    -0.466    -0.822
      5.770    -0.469    -0.821
      5.777    -0.472    -0.820
      5.784    -0.475    -0.818
      5.792    -0.477    -0.817
      5.799    -0.480    -0.816
      5.806    -0.483    -0.815
      5.814    -0.486    -0.813
      5.821    -0.488    -0.812
      5.828    -0.491    -0.811
      5.835    -0.493    -0.810
      5.841    -0.496    -0.809
      5.848    -0.498    -0.807
      5.855    -0.501    -0.806
      5.861    -0.503    -0.805
      5.868    -0.506    -0.804
      5.875    -0.508    -0.803
      5.881    -0.511    -0.802
      5.888    -0.513    -0.800
      5.895    -0.516    -0.799
      5.902    -0.518    -0.798
      5.908    -0.521    -0.797
      5.914    -0.523    -0.796
      5.921    -0.526    -0.795
      5.927    -0.528    -0.794
      5.933    -0.530    -0.792
      5.940    -0.533    -0.791
      5.948    -0.536    -0.790
      5.955    -0.538    -0.789
      5.962    -0.541    -0.787
      5.970    -0.544    -0.786
      5.977    -0.547    -0.785
      5.984    -0.549    -0.783
      5.991    -0.552    -0.782
      5.998    -0.554    -0.781
      6.004    -0.557    -0.780
      6.011    -0.559    -0.778
      6.018    -0.562    -0.777
      6.025    -0.565    -0.776
      6.031    -0.567    -0.775
      6.038    -0.570    -0.773
      6.045    -0.572    -0.772
      6.051    -0.575    -0.771
      6.058    -0.577    -0.770
      6.065    -0.580    -0.768
      6.071    -0.582    -0.767
      6.077    -0.584    -0.766
      6.084    -0.587    -0.765
      6.090    -0.589    -0.764
      6.096    -0.591    -0.763
      6.103    -0.594    -0.761
      6.110    -0.596    -0.760
      6.116    -0.599    -0.759
      6.123    -0.601    -0.758
      6.130    -0.604    -0.756
      6.136    -0.606    -0.755
      6.143    -0.609    -0.754
      6.149    -0.611    -0.753
      6.155    -0.613    -0.751
      6.162    -0.616    -0.750
      6.168    -0.618    -0.749
      6.175    -0.621    -0.748
      6.182    -0.623    -0.746
      6.189    -0.626    -0.745
      6.196    -0.629    -0.744
      6.203    -0.631    -0.742
      6.210    -0.634    -0.741
      6.217    -0.637    -0.740
      6.224    -0.639    -0.738
      6.232    -0.642    -0.737
      6.239    -0.645    -0.736
      6.246    -0.647    -0.734
      6.254    -0.650    -0.733
      6.261    -0.653    -0.731
      6.268    -0.655    -0.730
      6.275    -0.658    -0.729
      6.282    -0.661    -0.727
      6.289    -0.663    -0.726
      6.297    -0.666    -0.724
      6.304    -0.669    -0.723
      6.311    -0.671    -0.722
      6.319    -0.674    -0.720
      6.326    -0.677    -0.719
      6.333    -0.679    -0.717
      6.341    -0.682    -0.716
      6.348    -0.685    -0.715
      6.355    -0.688    -0.713
      6.363    -0.690    -0.712
      6.370    -0.693    -0.710
      6.377    -0.696    -0.709
      6.385    -0.698    -0.708
      6.392    -0.701    -0.706
      6.399    -0.703    -0.705
      6.405    -0.706    -0.704
      6.412    -0.708    -0.702
      6.419    -0.711    -0.701
      6.425    -0.713    -0.700
      6.432    -0.716    -0.699
      6.439    -0.718    -0.697
      6.447    -0.721    -0.696
      6.454    -0.724    -0.694
      6.461    -0.726    -0.693
      6.469    -0.729    -0.692
      6.476    -0.731    -0.690
      6.483    -0.734    -0.689
      6.490    -0.737    -0.688
      6.497    -0.739    -0.686
      6.504    -0.741    -0.685
      6.510    -0.744    -0.684
      6.517    -0.746    -0.683
      6.524    -0.749    -0.681
      6.531    -0.751    -0.680
      6.537    -0.753    -0.679
      6.544    -0.756    -0.678
      6.551    -0.758    -0.676
      6.558    -0.761    -0.675
      6.564    -0.763    -0.674
      6.571    -0.765    -0.673
      6.577    -0.767    -0.672
      6.583    -0.770    -0.670
      6.590    -0.772    -0.669
      6.596    -0.774    -0.668
      6.603    -0.777    -0.667
      6.611    -0.779    -0.665
      6.618    -0.782    -0.664
      6.626    -0.784    -0.663
      6.633    -0.787    -0.661
      6.640    -0.790    -0.660
      6.648    -0.792    -0.659
      6.654    -0.794    -0.657
      6.661    -0.797    -0.656
      6.668    -0.799    -0.655
      6.675    -0.801    -0.654
      6.681    -0.804    -0.653
      6.688    -0.806    -0.651
      6.695    -0.808    -0.650
      6.702    -0.811    -0.649
      6.709    -0.813    -0.648
      6.715    -0.815    -0.646
      6.722    -0.817    -0.645
      6.729    -0.820    -0.644
      6.735    -0.822    -0.643
      6.742    -0.824    -0.642
      6.748    -0.826    -0.641
      6.755    -0.828    -0.640
      6.761    -0.830    -0.638
      6.768    -0.833    -0.637
      6.775    -0.835    -0.636
      6.781    -0.837    -0.635
      6.788    -0.839    -0.634
      6.795    -0.842    -0.633
      6.802    -0.844    -0.631
      6.808    -0.846    -0.630
      6.815    -0.848    -0.629
      6.821    -0.850    -0.628
      6.827    -0.852    -0.627
      6.834    -0.854    -0.626
      6.841    -0.857    -0.625
      6.848    -0.859    -0.623
      6.855    -0.861    -0.622
      6.863    -0.863    -0.621
      6.870    -0.866    -0.620
      6.877    -0.868    -0.619
      6.884    -0.870    -0.617
      6.891    -0.873    -0.616
      6.899    -0.875    -0.615
      6.906    -0.877    -0.614
      6.914    -0.880    -0.613
      6.921    -0.882    -0.611
      6.929    -0.884    -0.610
      6.936    -0.886    -0.609
      6.944    -0.889    -0.608
      6.951    -0.891    -0.607
      6.957    -0.893    -0.605
      6.964    -0.895    -0.604
      6.971    -0.897    -0.603
      6.978    -0.899    -0.602
      6.985    -0.901    -0.601
      6.992    -0.903    -0.600
      6.999    -0.905    -0.599
      7.006    -0.907    -0.598
      7.012    -0.909    -0.597
      7.019    -0.911    -0.596
      7.026    -0.913    -0.595
      7.033    -0.915    -0.594
      7.039    -0.917    -0.593
      7.046    -0.919    -0.592
      7.052    -0.921    -0.591
      7.059    -0.922    -0.590
      7.066    -0.924    -0.589
      7.073    -0.926    -0.587
      7.080    -0.928    -0.586
      7.086    -0.930    -0.585
      7.093    -0.932    -0.584
      7.100    -0.934    -0.583
      7.107    -0.936    -0.582
      7.113    -0.938    -0.581
      7.120    -0.939    -0.580
      7.126    -0.941    -0.579
      7.133    -0.943    -0.578
      7.140    -0.945    -0.577
      7.148    -0.947    -0.576
      7.155    -0.949    -0.575
      7.162    -0.951    -0.574
      7.170    -0.953    -0.573
      7.177    -0.955    -0.572
      7.184    -0.956    -0.571
      7.191    -0.958    -0.570
      7.198    -0.960    -0.569
      7.205    -0.962    -0.568
      7.212    -0.964    -0.567
      7.219    -0.965    -0.566
      7.226    -0.967    -0.565
      7.233    -0.969    -0.564
      7.240    -0.970    -0.563
      7.247    -0.972    -0.562
      7.253    -0.974    -0.561
      7.260    -0.975    -0.560
      7.266    -0.977    -0.560
      7.274    -0.979    -0.559
      7.281    -0.980    -0.558
      7.288    -0.982    -0.557
      7.296    -0.984    -0.556
      7.303    -0.985    -0.555
      7.311    -0.987    -0.554
      7.318    -0.989    -0.553
      7.325    -0.990    -0.552
      7.333    -0.992    -0.551
      7.340    -0.994    -0.550
      7.348    -0.995    -0.549
      7.355    -0.997    -0.548
      7.362    -0.999    -0.547
      7.370    -1.000    -0.546
      7.377    -1.002    -0.545
      7.385    -1.003    -0.544
      7.392    -1.005    -0.543
      7.400    -1.007    -0.542
      7.408    -1.008    -0.541
      7.416    -1.010    -0.540
      7.423    -1.011    -0.539
      7.431    -1.013    -0.538
