Count of Points:874

WCS coordinates of Points:
      1.181     0.000    -1.456
      1.187     0.005    -1.456
      1.192     0.009    -1.456
      1.197     0.014    -1.456
      1.203     0.019    -1.456
      1.208     0.023    -1.456
      1.214     0.028    -1.456
      1.219     0.032    -1.456
      1.225     0.037    -1.456
      1.230     0.041    -1.456
      1.236     0.046    -1.456
      1.241     0.050    -1.456
      1.247     0.055    -1.456
      1.253     0.059    -1.456
      1.258     0.064    -1.456
      1.264     0.068    -1.456
      1.270     0.073    -1.456
      1.276     0.077    -1.455
      1.281     0.081    -1.455
      1.287     0.086    -1.455
      1.293     0.090    -1.455
      1.299     0.094    -1.455
      1.304     0.098    -1.455
      1.310     0.103    -1.455
      1.317     0.107    -1.455
      1.323     0.112    -1.455
      1.330     0.116    -1.455
      1.336     0.121    -1.455
      1.343     0.126    -1.455
      1.349     0.130    -1.455
      1.355     0.134    -1.455
      1.361     0.138    -1.455
      1.367     0.142    -1.455
      1.373     0.146    -1.454
      1.379     0.150    -1.454
      1.385     0.154    -1.454
      1.391     0.158    -1.454
      1.398     0.162    -1.454
      1.405     0.166    -1.454
      1.411     0.171    -1.454
      1.418     0.175    -1.454
      1.425     0.179    -1.454
      1.431     0.183    -1.454
      1.438     0.187    -1.454
      1.445     0.191    -1.454
      1.452     0.196    -1.454
      1.458     0.200    -1.454
      1.465     0.204    -1.454
      1.472     0.207    -1.454
      1.479     0.211    -1.453
      1.485     0.215    -1.453
      1.491     0.219    -1.453
      1.497     0.222    -1.453
      1.504     0.226    -1.453
      1.510     0.229    -1.453
      1.516     0.233    -1.453
      1.523     0.236    -1.453
      1.529     0.240    -1.453
      1.536     0.244    -1.453
      1.543     0.247    -1.453
      1.550     0.251    -1.453
      1.557     0.255    -1.453
      1.564     0.259    -1.453
      1.571     0.262    -1.453
      1.579     0.266    -1.453
      1.586     0.270    -1.453
      1.593     0.273    -1.453
      1.600     0.277    -1.453
      1.607     0.280    -1.453
      1.614     0.284    -1.453
      1.621     0.287    -1.452
      1.628     0.290    -1.452
      1.635     0.294    -1.452
      1.642     0.297    -1.452
      1.649     0.301    -1.452
      1.656     0.304    -1.452
      1.663     0.307    -1.452
      1.670     0.311    -1.452
      1.677     0.314    -1.452
      1.685     0.317    -1.452
      1.692     0.320    -1.452
      1.699     0.324    -1.452
      1.706     0.327    -1.452
      1.714     0.330    -1.452
      1.721     0.333    -1.452
      1.728     0.336    -1.452
      1.735     0.339    -1.452
      1.742     0.342    -1.452
      1.749     0.345    -1.452
      1.755     0.348    -1.452
      1.762     0.351    -1.452
      1.769     0.353    -1.452
      1.775     0.356    -1.452
      1.782     0.359    -1.452
      1.789     0.362    -1.452
      1.797     0.365    -1.452
      1.804     0.367    -1.452
      1.812     0.370    -1.452
      1.819     0.373    -1.452
      1.826     0.376    -1.452
      1.834     0.379    -1.452
      1.841     0.382    -1.451
      1.849     0.384    -1.451
      1.856     0.387    -1.451
      1.863     0.390    -1.451
      1.871     0.392    -1.451
      1.878     0.395    -1.451
      1.885     0.398    -1.451
      1.893     0.400    -1.451
      1.900     0.403    -1.451
      1.908     0.405    -1.451
      1.915     0.408    -1.451
      1.923     0.410    -1.451
      1.930     0.413    -1.451
      1.938     0.415    -1.451
      1.945     0.418    -1.451
      1.952     0.420    -1.451
      1.960     0.423    -1.451
      1.968     0.425    -1.451
      1.975     0.427    -1.451
      1.983     0.430    -1.451
      1.990     0.432    -1.451
      1.998     0.434    -1.451
      2.006     0.436    -1.451
      2.013     0.439    -1.451
      2.021     0.441    -1.451
      2.028     0.443    -1.451
      2.036     0.445    -1.451
      2.044     0.447    -1.451
      2.051     0.450    -1.450
      2.059     0.452    -1.450
      2.066     0.454    -1.450
      2.074     0.456    -1.450
      2.081     0.458    -1.450
      2.089     0.460    -1.450
      2.097     0.462    -1.450
      2.104     0.464    -1.450
      2.112     0.466    -1.450
      2.120     0.468    -1.450
      2.128     0.469    -1.450
      2.135     0.471    -1.450
      2.143     0.473    -1.450
      2.151     0.475    -1.450
      2.158     0.477    -1.450
      2.166     0.479    -1.450
      2.174     0.480    -1.450
      2.182     0.482    -1.450
      2.189     0.484    -1.450
      2.196     0.485    -1.450
      2.203     0.487    -1.450
      2.210     0.488    -1.450
      2.217     0.490    -1.450
      2.224     0.491    -1.450
      2.232     0.493    -1.450
      2.239     0.494    -1.449
      2.246     0.496    -1.449
      2.253     0.497    -1.449
      2.260     0.498    -1.449
      2.267     0.500    -1.449
      2.274     0.501    -1.449
      2.282     0.502    -1.449
      2.290     0.504    -1.449
      2.297     0.505    -1.449
      2.305     0.507    -1.449
      2.313     0.508    -1.449
      2.321     0.509    -1.449
      2.329     0.511    -1.449
      2.336     0.512    -1.449
      2.344     0.513    -1.449
      2.352     0.514    -1.449
      2.360     0.516    -1.449
      2.367     0.517    -1.449
      2.375     0.518    -1.449
      2.383     0.519    -1.449
      2.391     0.520    -1.449
      2.399     0.521    -1.448
      2.406     0.522    -1.448
      2.414     0.523    -1.448
      2.422     0.524    -1.448
      2.430     0.525    -1.448
      2.438     0.526    -1.448
      2.445     0.527    -1.448
      2.453     0.528    -1.448
      2.461     0.529    -1.448
      2.469     0.530    -1.448
      2.477     0.531    -1.448
      2.485     0.532    -1.448
      2.492     0.533    -1.448
      2.500     0.533    -1.448
      2.508     0.534    -1.448
      2.516     0.535    -1.448
      2.524     0.536    -1.448
      2.532     0.537    -1.448
      2.540     0.537    -1.447
      2.548     0.538    -1.447
      2.556     0.539    -1.447
      2.563     0.539    -1.447
      2.571     0.540    -1.447
      2.579     0.540    -1.447
      2.587     0.541    -1.447
      2.595     0.542    -1.447
      2.603     0.542    -1.447
      2.610     0.543    -1.447
      2.618     0.543    -1.447
      2.626     0.544    -1.447
      2.634     0.544    -1.447
      2.642     0.544    -1.447
      2.650     0.545    -1.447
      2.658     0.545    -1.447
      2.666     0.546    -1.447
      2.674     0.546    -1.447
      2.682     0.546    -1.447
      2.690     0.547    -1.446
      2.697     0.547    -1.446
      2.704     0.547    -1.446
      2.712     0.547    -1.446
      2.719     0.548    -1.446
      2.726     0.548    -1.446
      2.733     0.548    -1.446
      2.741     0.548    -1.446
      2.749     0.548    -1.446
      2.757     0.548    -1.446
      2.765     0.549    -1.446
      2.773     0.549    -1.446
      2.781     0.549    -1.446
      2.789     0.549    -1.446
      2.796     0.549    -1.446
      2.804     0.549    -1.446
      2.812     0.549    -1.446
      2.820     0.549    -1.446
      2.828     0.549    -1.446
      2.836     0.549    -1.446
      2.844     0.549    -1.445
      2.852     0.549    -1.445
      2.860     0.548    -1.445
      2.868     0.548    -1.445
      2.876     0.548    -1.445
      2.884     0.548    -1.445
      2.892     0.548    -1.445
      2.900     0.548    -1.445
      2.907     0.547    -1.445
      2.915     0.547    -1.445
      2.923     0.547    -1.445
      2.930     0.547    -1.445
      2.937     0.546    -1.445
      2.945     0.546    -1.445
      2.952     0.546    -1.445
      2.959     0.545    -1.445
      2.967     0.545    -1.445
      2.975     0.545    -1.444
      2.983     0.544    -1.444
      2.991     0.544    -1.444
      2.999     0.543    -1.444
      3.007     0.543    -1.444
      3.015     0.543    -1.444
      3.022     0.542    -1.444
      3.029     0.542    -1.444
      3.036     0.541    -1.444
      3.044     0.541    -1.444
      3.051     0.540    -1.444
      3.058     0.540    -1.444
      3.065     0.539    -1.444
      3.073     0.539    -1.444
      3.080     0.538    -1.444
      3.087     0.537    -1.443
      3.094     0.537    -1.443
      3.102     0.536    -1.443
      3.109     0.536    -1.443
      3.115     0.535    -1.443
      3.122     0.534    -1.443
      3.129     0.534    -1.443
      3.136     0.533    -1.443
      3.143     0.533    -1.443
      3.150     0.532    -1.443
      3.157     0.531    -1.443
      3.165     0.530    -1.443
      3.172     0.530    -1.442
      3.179     0.529    -1.442
      3.186     0.528    -1.442
      3.194     0.527    -1.442
      3.202     0.526    -1.442
      3.210     0.526    -1.442
      3.218     0.525    -1.442
      3.225     0.524    -1.442
      3.233     0.523    -1.442
      3.241     0.522    -1.442
      3.249     0.521    -1.441
      3.257     0.520    -1.441
      3.265     0.519    -1.441
      3.273     0.518    -1.441
      3.280     0.517    -1.441
      3.288     0.516    -1.441
      3.296     0.515    -1.441
      3.304     0.514    -1.441
      3.311     0.513    -1.440
      3.319     0.512    -1.440
      3.327     0.511    -1.440
      3.335     0.510    -1.440
      3.343     0.509    -1.440
      3.350     0.507    -1.440
      3.358     0.506    -1.440
      3.366     0.505    -1.439
      3.374     0.504    -1.439
      3.382     0.503    -1.439
      3.389     0.502    -1.439
      3.397     0.500    -1.439
      3.405     0.499    -1.439
      3.413     0.498    -1.438
      3.421     0.497    -1.438
      3.429     0.496    -1.438
      3.436     0.494    -1.438
      3.444     0.493    -1.438
      3.452     0.492    -1.438
      3.460     0.490    -1.437
      3.468     0.489    -1.437
      3.475     0.488    -1.437
      3.483     0.487    -1.437
      3.491     0.485    -1.437
      3.498     0.484    -1.437
      3.506     0.482    -1.436
      3.514     0.481    -1.436
      3.522     0.480    -1.436
      3.530     0.478    -1.436
      3.537     0.477    -1.436
      3.545     0.476    -1.435
      3.553     0.474    -1.435
      3.561     0.473    -1.435
      3.569     0.471    -1.435
      3.576     0.470    -1.434
      3.584     0.468    -1.434
      3.592     0.467    -1.434
      3.600     0.465    -1.434
      3.607     0.464    -1.434
      3.614     0.463    -1.433
      3.621     0.461    -1.433
      3.628     0.460    -1.433
      3.636     0.458    -1.433
      3.643     0.457    -1.433
      3.651     0.455    -1.432
      3.658     0.454    -1.432
      3.666     0.452    -1.432
      3.674     0.451    -1.432
      3.682     0.449    -1.431
      3.689     0.448    -1.431
      3.697     0.446    -1.431
      3.704     0.445    -1.430
      3.712     0.443    -1.430
      3.720     0.441    -1.430
      3.728     0.440    -1.430
      3.735     0.438    -1.429
      3.743     0.436    -1.429
      3.751     0.435    -1.429
      3.759     0.433    -1.429
      3.766     0.431    -1.428
      3.774     0.430    -1.428
      3.782     0.428    -1.428
      3.790     0.426    -1.427
      3.797     0.425    -1.427
      3.805     0.423    -1.427
      3.813     0.421    -1.426
      3.821     0.420    -1.426
      3.828     0.418    -1.426
      3.835     0.416    -1.425
      3.842     0.415    -1.425
      3.849     0.413    -1.425
      3.856     0.412    -1.425
      3.863     0.410    -1.424
      3.871     0.408    -1.424
      3.879     0.407    -1.424
      3.887     0.405    -1.423
      3.894     0.403    -1.423
      3.902     0.401    -1.422
      3.910     0.399    -1.422
      3.917     0.398    -1.422
      3.925     0.396    -1.421
      3.932     0.394    -1.421
      3.939     0.393    -1.421
      3.946     0.391    -1.420
      3.953     0.389    -1.420
      3.960     0.388    -1.420
      3.967     0.386    -1.419
      3.974     0.384    -1.419
      3.981     0.383    -1.418
      3.988     0.381    -1.418
      3.995     0.379    -1.418
      4.002     0.378    -1.417
      4.009     0.376    -1.417
      4.016     0.374    -1.417
      4.022     0.373    -1.416
      4.029     0.371    -1.416
      4.036     0.370    -1.415
      4.043     0.368    -1.415
      4.051     0.366    -1.415
      4.059     0.364    -1.414
      4.066     0.362    -1.414
      4.074     0.360    -1.413
      4.082     0.358    -1.413
      4.089     0.357    -1.412
      4.097     0.355    -1.412
      4.104     0.353    -1.411
      4.112     0.351    -1.411
      4.120     0.349    -1.410
      4.127     0.347    -1.410
      4.135     0.345    -1.409
      4.143     0.343    -1.409
      4.151     0.341    -1.408
      4.158     0.339    -1.408
      4.166     0.338    -1.407
      4.174     0.336    -1.407
      4.181     0.334    -1.406
      4.189     0.332    -1.406
      4.197     0.330    -1.405
      4.204     0.328    -1.405
      4.212     0.326    -1.404
      4.219     0.324    -1.404
      4.226     0.322    -1.403
      4.233     0.321    -1.402
      4.240     0.319    -1.402
      4.247     0.317    -1.401
      4.254     0.315    -1.401
      4.262     0.313    -1.400
      4.270     0.311    -1.400
      4.277     0.309    -1.399
      4.285     0.307    -1.398
      4.293     0.306    -1.398
      4.300     0.304    -1.397
      4.308     0.302    -1.397
      4.315     0.300    -1.396
      4.322     0.298    -1.395
      4.329     0.296    -1.395
      4.336     0.294    -1.394
      4.343     0.293    -1.394
      4.350     0.291    -1.393
      4.357     0.289    -1.392
      4.364     0.287    -1.392
      4.371     0.286    -1.391
      4.378     0.284    -1.391
      4.385     0.282    -1.390
      4.392     0.280    -1.389
      4.399     0.278    -1.389
      4.406     0.277    -1.388
      4.412     0.275    -1.388
      4.419     0.273    -1.387
      4.425     0.272    -1.386
      4.433     0.270    -1.386
      4.441     0.268    -1.385
      4.448     0.266    -1.384
      4.456     0.264    -1.383
      4.464     0.262    -1.383
      4.471     0.260    -1.382
      4.479     0.258    -1.381
      4.486     0.256    -1.381
      4.493     0.254    -1.380
      4.500     0.252    -1.379
      4.507     0.250    -1.378
      4.514     0.249    -1.378
      4.521     0.247    -1.377
      4.528     0.245    -1.376
      4.535     0.243    -1.376
      4.542     0.241    -1.375
      4.549     0.240    -1.374
      4.556     0.238    -1.373
      4.563     0.236    -1.373
      4.570     0.234    -1.372
      4.576     0.233    -1.371
      4.583     0.231    -1.370
      4.590     0.229    -1.370
      4.596     0.227    -1.369
      4.603     0.226    -1.368
      4.610     0.224    -1.367
      4.617     0.222    -1.367
      4.624     0.220    -1.366
      4.631     0.218    -1.365
      4.638     0.217    -1.364
      4.645     0.215    -1.364
      4.652     0.213    -1.363
      4.658     0.211    -1.362
      4.665     0.210    -1.361
      4.671     0.208    -1.360
      4.679     0.206    -1.360
      4.686     0.204    -1.359
      4.693     0.202    -1.358
      4.701     0.200    -1.357
      4.708     0.199    -1.356
      4.716     0.197    -1.355
      4.723     0.195    -1.354
      4.730     0.193    -1.353
      4.737     0.191    -1.352
      4.744     0.189    -1.351
      4.751     0.187    -1.351
      4.758     0.186    -1.350
      4.765     0.184    -1.349
      4.772     0.182    -1.348
      4.779     0.180    -1.347
      4.786     0.178    -1.346
      4.794     0.176    -1.345
      4.802     0.174    -1.344
      4.809     0.172    -1.343
      4.817     0.170    -1.342
      4.824     0.169    -1.341
      4.832     0.167    -1.340
      4.840     0.165    -1.339
      4.847     0.163    -1.338
      4.855     0.161    -1.336
      4.862     0.159    -1.335
      4.870     0.157    -1.334
      4.877     0.155    -1.333
      4.885     0.153    -1.332
      4.892     0.151    -1.331
      4.900     0.149    -1.330
      4.907     0.147    -1.329
      4.915     0.145    -1.328
      4.923     0.143    -1.326
      4.930     0.141    -1.325
      4.938     0.139    -1.324
      4.945     0.137    -1.323
      4.952     0.135    -1.322
      4.960     0.133    -1.321
      4.968     0.131    -1.319
      4.975     0.129    -1.318
      4.983     0.127    -1.317
      4.990     0.125    -1.316
      4.998     0.123    -1.314
      5.006     0.122    -1.313
      5.013     0.120    -1.312
      5.021     0.118    -1.311
      5.028     0.116    -1.309
      5.036     0.114    -1.308
      5.043     0.112    -1.307
      5.051     0.110    -1.306
      5.058     0.108    -1.304
      5.066     0.106    -1.303
      5.073     0.104    -1.302
      5.081     0.102    -1.300
      5.088     0.100    -1.299
      5.096     0.098    -1.298
      5.103     0.096    -1.296
      5.111     0.094    -1.295
      5.119     0.092    -1.294
      5.126     0.090    -1.292
      5.134     0.088    -1.291
      5.141     0.086    -1.289
      5.149     0.084    -1.288
      5.156     0.082    -1.287
      5.164     0.080    -1.285
      5.172     0.078    -1.284
      5.179     0.076    -1.282
      5.186     0.074    -1.281
      5.193     0.072    -1.280
      5.200     0.071    -1.278
      5.207     0.069    -1.277
      5.214     0.067    -1.276
      5.221     0.065    -1.274
      5.228     0.063    -1.273
      5.236     0.061    -1.271
      5.243     0.059    -1.270
      5.251     0.057    -1.268
      5.258     0.055    -1.267
      5.266     0.053    -1.265
      5.273     0.051    -1.264
      5.280     0.049    -1.262
      5.288     0.047    -1.261
      5.295     0.045    -1.259
      5.303     0.043    -1.258
      5.310     0.041    -1.256
      5.318     0.039    -1.255
      5.325     0.037    -1.253
      5.333     0.035    -1.252
      5.340     0.033    -1.250
      5.348     0.031    -1.248
      5.356     0.029    -1.247
      5.363     0.027    -1.245
      5.371     0.025    -1.244
      5.378     0.023    -1.242
      5.386     0.021    -1.240
      5.393     0.019    -1.239
      5.400     0.017    -1.237
      5.407     0.015    -1.236
      5.414     0.014    -1.234
      5.421     0.012    -1.233
      5.427     0.010    -1.231
      5.434     0.008    -1.230
      5.442     0.006    -1.228
      5.449     0.004    -1.226
      5.457     0.002    -1.225
      5.464    -0.000    -1.223
      5.472    -0.002    -1.221
      5.479    -0.004    -1.220
      5.487    -0.006    -1.218
      5.494    -0.008    -1.216
      5.500    -0.010    -1.215
      5.507    -0.012    -1.213
      5.514    -0.014    -1.212
      5.521    -0.015    -1.210
      5.528    -0.017    -1.208
      5.535    -0.019    -1.207
      5.542    -0.021    -1.205
      5.548    -0.023    -1.204
      5.555    -0.025    -1.202
      5.562    -0.027    -1.200
      5.569    -0.029    -1.199
      5.575    -0.030    -1.197
      5.582    -0.032    -1.196
      5.588    -0.034    -1.194
      5.595    -0.036    -1.193
      5.601    -0.038    -1.191
      5.609    -0.040    -1.189
      5.616    -0.042    -1.187
      5.624    -0.044    -1.186
      5.631    -0.046    -1.184
      5.638    -0.048    -1.182
      5.646    -0.050    -1.180
      5.653    -0.052    -1.178
      5.660    -0.054    -1.177
      5.668    -0.056    -1.175
      5.675    -0.058    -1.173
      5.683    -0.060    -1.171
      5.690    -0.062    -1.169
      5.697    -0.064    -1.167
      5.705    -0.066    -1.166
      5.712    -0.068    -1.164
      5.720    -0.071    -1.162
      5.727    -0.073    -1.160
      5.735    -0.075    -1.158
      5.742    -0.077    -1.156
      5.749    -0.079    -1.154
      5.757    -0.081    -1.153
      5.764    -0.083    -1.151
      5.772    -0.085    -1.149
      5.778    -0.087    -1.147
      5.785    -0.089    -1.145
      5.792    -0.091    -1.144
      5.799    -0.093    -1.142
      5.806    -0.095    -1.140
      5.812    -0.097    -1.138
      5.820    -0.099    -1.136
      5.827    -0.101    -1.135
      5.835    -0.103    -1.133
      5.842    -0.105    -1.131
      5.850    -0.108    -1.129
      5.857    -0.110    -1.127
      5.864    -0.112    -1.125
      5.871    -0.114    -1.123
      5.878    -0.116    -1.121
      5.885    -0.118    -1.120
      5.891    -0.120    -1.118
      5.898    -0.122    -1.116
      5.905    -0.124    -1.114
      5.912    -0.126    -1.113
      5.919    -0.128    -1.111
      5.925    -0.130    -1.109
      5.932    -0.132    -1.107
      5.939    -0.134    -1.105
      5.946    -0.136    -1.104
      5.952    -0.137    -1.102
      5.958    -0.139    -1.100
      5.965    -0.141    -1.099
      5.971    -0.143    -1.097
      5.978    -0.145    -1.095
      5.985    -0.147    -1.093
      5.992    -0.149    -1.091
      6.000    -0.151    -1.089
      6.007    -0.154    -1.087
      6.014    -0.156    -1.085
      6.022    -0.158    -1.083
      6.029    -0.160    -1.081
      6.036    -0.162    -1.080
      6.043    -0.164    -1.078
      6.049    -0.166    -1.076
      6.056    -0.168    -1.074
      6.063    -0.170    -1.072
      6.070    -0.172    -1.071
      6.077    -0.174    -1.069
      6.083    -0.177    -1.067
      6.090    -0.179    -1.065
      6.097    -0.181    -1.063
      6.104    -0.183    -1.061
      6.110    -0.185    -1.060
      6.117    -0.187    -1.058
      6.123    -0.189    -1.056
      6.129    -0.191    -1.055
      6.136    -0.192    -1.053
      6.142    -0.194    -1.051
      6.149    -0.197    -1.049
      6.156    -0.199    -1.047
      6.162    -0.201    -1.046
      6.169    -0.203    -1.044
      6.176    -0.205    -1.042
      6.182    -0.207    -1.040
      6.189    -0.209    -1.039
      6.195    -0.211    -1.037
      6.202    -0.213    -1.035
      6.208    -0.215    -1.033
      6.214    -0.217    -1.032
      6.221    -0.219    -1.030
      6.228    -0.221    -1.028
      6.235    -0.223    -1.026
      6.243    -0.226    -1.024
      6.250    -0.228    -1.022
      6.257    -0.230    -1.020
      6.264    -0.232    -1.018
      6.271    -0.235    -1.016
      6.278    -0.237    -1.014
      6.286    -0.239    -1.013
      6.293    -0.241    -1.011
      6.300    -0.244    -1.009
      6.307    -0.246    -1.007
      6.315    -0.248    -1.005
      6.322    -0.251    -1.003
      6.329    -0.253    -1.001
      6.336    -0.255    -0.999
      6.344    -0.258    -0.997
      6.351    -0.260    -0.995
      6.358    -0.262    -0.993
      6.366    -0.265    -0.991
      6.373    -0.267    -0.989
      6.380    -0.269    -0.987
      6.388    -0.272    -0.985
      6.395    -0.274    -0.983
      6.402    -0.276    -0.982
      6.410    -0.279    -0.980
      6.417    -0.281    -0.978
      6.424    -0.284    -0.976
      6.432    -0.286    -0.974
      6.439    -0.288    -0.972
      6.446    -0.290    -0.970
      6.452    -0.293    -0.968
      6.459    -0.295    -0.967
      6.466    -0.297    -0.965
      6.473    -0.299    -0.963
      6.479    -0.301    -0.961
      6.487    -0.304    -0.960
      6.494    -0.306    -0.958
      6.501    -0.309    -0.956
      6.509    -0.311    -0.954
      6.516    -0.313    -0.952
      6.523    -0.316    -0.950
      6.531    -0.318    -0.948
      6.537    -0.320    -0.947
      6.544    -0.322    -0.945
      6.551    -0.325    -0.943
      6.558    -0.327    -0.942
      6.564    -0.329    -0.940
      6.571    -0.331    -0.938
      6.578    -0.333    -0.936
      6.584    -0.336    -0.935
      6.591    -0.338    -0.933
      6.598    -0.340    -0.931
      6.605    -0.342    -0.930
      6.611    -0.345    -0.928
      6.618    -0.347    -0.927
      6.624    -0.349    -0.925
      6.630    -0.351    -0.923
      6.637    -0.353    -0.922
      6.643    -0.355    -0.920
      6.651    -0.357    -0.919
      6.658    -0.360    -0.917
      6.665    -0.362    -0.915
      6.673    -0.365    -0.913
      6.680    -0.367    -0.912
      6.687    -0.369    -0.910
      6.695    -0.372    -0.908
      6.701    -0.374    -0.906
      6.708    -0.376    -0.905
      6.715    -0.378    -0.903
      6.722    -0.381    -0.902
      6.729    -0.383    -0.900
      6.735    -0.385    -0.899
      6.742    -0.387    -0.897
      6.749    -0.389    -0.895
      6.756    -0.392    -0.894
      6.762    -0.394    -0.892
      6.769    -0.396    -0.891
      6.776    -0.398    -0.889
      6.782    -0.400    -0.888
      6.789    -0.402    -0.886
      6.795    -0.404    -0.885
      6.801    -0.406    -0.883
      6.808    -0.409    -0.882
      6.815    -0.411    -0.880
      6.821    -0.413    -0.879
      6.828    -0.415    -0.877
      6.835    -0.417    -0.876
      6.842    -0.419    -0.874
      6.848    -0.422    -0.873
      6.855    -0.424    -0.872
      6.861    -0.426    -0.870
      6.868    -0.428    -0.869
      6.874    -0.430    -0.867
      6.881    -0.432    -0.866
      6.888    -0.434    -0.864
      6.895    -0.436    -0.863
      6.902    -0.439    -0.861
      6.909    -0.441    -0.860
      6.916    -0.443    -0.858
      6.924    -0.445    -0.857
      6.931    -0.448    -0.855
      6.938    -0.450    -0.854
      6.945    -0.452    -0.852
      6.953    -0.454    -0.851
      6.960    -0.457    -0.849
      6.968    -0.459    -0.848
      6.975    -0.461    -0.846
      6.983    -0.464    -0.845
      6.990    -0.466    -0.843
      6.997    -0.468    -0.842
      7.004    -0.470    -0.841
      7.011    -0.472    -0.839
      7.017    -0.474    -0.838
      7.024    -0.476    -0.837
      7.031    -0.478    -0.835
      7.038    -0.480    -0.834
      7.045    -0.482    -0.833
      7.052    -0.484    -0.831
      7.059    -0.487    -0.830
      7.065    -0.489    -0.829
      7.072    -0.491    -0.827
      7.079    -0.492    -0.826
      7.085    -0.494    -0.825
      7.092    -0.496    -0.824
      7.098    -0.498    -0.823
      7.105    -0.500    -0.821
      7.112    -0.502    -0.820
      7.119    -0.504    -0.819
      7.125    -0.506    -0.818
      7.132    -0.508    -0.816
      7.139    -0.510    -0.815
      7.146    -0.512    -0.814
      7.153    -0.514    -0.813
      7.159    -0.516    -0.812
      7.166    -0.517    -0.810
      7.172    -0.519    -0.809
      7.179    -0.521    -0.808
      7.186    -0.523    -0.807
      7.193    -0.525    -0.806
      7.201    -0.527    -0.804
      7.208    -0.529    -0.803
      7.215    -0.531    -0.802
      7.222    -0.533    -0.801
      7.230    -0.535    -0.799
      7.237    -0.537    -0.798
      7.244    -0.539    -0.797
      7.251    -0.541    -0.796
      7.258    -0.542    -0.795
      7.265    -0.544    -0.794
      7.272    -0.546    -0.793
      7.279    -0.548    -0.791
      7.285    -0.549    -0.790
      7.292    -0.551    -0.789
      7.299    -0.553    -0.788
      7.305    -0.554    -0.787
      7.312    -0.556    -0.786
      7.319    -0.558    -0.785
      7.326    -0.560    -0.784
      7.334    -0.562    -0.783
      7.341    -0.563    -0.782
      7.349    -0.565    -0.781
      7.356    -0.567    -0.780
      7.363    -0.569    -0.778
      7.371    -0.571    -0.777
      7.378    -0.572    -0.776
      7.385    -0.574    -0.775
      7.393    -0.576    -0.774
      7.400    -0.577    -0.773
      7.408    -0.579    -0.772
      7.415    -0.581    -0.771
      7.422    -0.583    -0.770
      7.430    -0.584    -0.769
      7.438    -0.586    -0.768
      7.445    -0.588    -0.767
      7.453    -0.589    -0.766
      7.461    -0.591    -0.765
      7.469    -0.593    -0.763
      7.476    -0.594    -0.762
