Count of Points:866

WCS coordinates of Points:
      7.498    -0.179    -0.934
      7.491    -0.177    -0.935
      7.484    -0.175    -0.936
      7.477    -0.174    -0.937
      7.470    -0.172    -0.938
      7.464    -0.170    -0.939
      7.457    -0.169    -0.939
      7.450    -0.167    -0.940
      7.444    -0.165    -0.941
      7.437    -0.164    -0.942
      7.429    -0.161    -0.943
      7.421    -0.159    -0.945
      7.413    -0.157    -0.946
      7.405    -0.155    -0.947
      7.397    -0.153    -0.948
      7.389    -0.151    -0.950
      7.381    -0.149    -0.951
      7.373    -0.147    -0.952
      7.365    -0.145    -0.953
      7.357    -0.143    -0.955
      7.349    -0.141    -0.956
      7.341    -0.138    -0.957
      7.334    -0.136    -0.958
      7.326    -0.134    -0.960
      7.319    -0.132    -0.961
      7.312    -0.130    -0.962
      7.304    -0.128    -0.964
      7.296    -0.126    -0.965
      7.288    -0.124    -0.966
      7.280    -0.122    -0.968
      7.273    -0.119    -0.969
      7.265    -0.117    -0.971
      7.257    -0.115    -0.972
      7.249    -0.113    -0.974
      7.242    -0.111    -0.975
      7.235    -0.109    -0.977
      7.227    -0.107    -0.978
      7.220    -0.104    -0.979
      7.212    -0.102    -0.981
      7.205    -0.100    -0.982
      7.198    -0.098    -0.984
      7.190    -0.096    -0.985
      7.183    -0.094    -0.987
      7.176    -0.092    -0.988
      7.168    -0.089    -0.990
      7.161    -0.087    -0.991
      7.154    -0.085    -0.993
      7.146    -0.083    -0.995
      7.138    -0.081    -0.996
      7.130    -0.078    -0.998
      7.123    -0.076    -1.000
      7.115    -0.074    -1.002
      7.107    -0.071    -1.003
      7.100    -0.069    -1.005
      7.092    -0.067    -1.007
      7.085    -0.065    -1.008
      7.078    -0.063    -1.010
      7.070    -0.060    -1.012
      7.063    -0.058    -1.013
      7.056    -0.056    -1.015
      7.049    -0.054    -1.017
      7.041    -0.051    -1.019
      7.034    -0.049    -1.020
      7.027    -0.047    -1.022
      7.020    -0.045    -1.024
      7.012    -0.043    -1.026
      7.005    -0.040    -1.028
      6.998    -0.038    -1.029
      6.991    -0.036    -1.031
      6.983    -0.034    -1.033
      6.976    -0.032    -1.035
      6.969    -0.029    -1.037
      6.962    -0.027    -1.039
      6.955    -0.025    -1.040
      6.947    -0.023    -1.042
      6.940    -0.021    -1.044
      6.933    -0.018    -1.046
      6.926    -0.016    -1.048
      6.918    -0.014    -1.050
      6.911    -0.012    -1.052
      6.904    -0.009    -1.054
      6.897    -0.007    -1.056
      6.889    -0.005    -1.058
      6.882    -0.002    -1.060
      6.874    -0.000    -1.062
      6.866     0.002    -1.064
      6.859     0.005    -1.066
      6.851     0.007    -1.068
      6.843     0.009    -1.070
      6.836     0.012    -1.073
      6.829     0.014    -1.075
      6.822     0.016    -1.077
      6.814     0.018    -1.079
      6.807     0.021    -1.081
      6.800     0.023    -1.083
      6.793     0.025    -1.085
      6.786     0.027    -1.087
      6.778     0.030    -1.089
      6.771     0.032    -1.091
      6.764     0.034    -1.093
      6.757     0.036    -1.095
      6.750     0.038    -1.097
      6.743     0.040    -1.100
      6.736     0.043    -1.102
      6.728     0.045    -1.104
      6.721     0.047    -1.106
      6.714     0.049    -1.108
      6.707     0.052    -1.110
      6.700     0.054    -1.112
      6.693     0.056    -1.115
      6.686     0.058    -1.117
      6.678     0.060    -1.119
      6.671     0.062    -1.121
      6.664     0.065    -1.123
      6.657     0.067    -1.126
      6.650     0.069    -1.128
      6.642     0.071    -1.130
      6.635     0.073    -1.132
      6.628     0.075    -1.134
      6.621     0.078    -1.137
      6.614     0.080    -1.139
      6.606     0.082    -1.141
      6.599     0.084    -1.143
      6.592     0.086    -1.146
      6.585     0.088    -1.148
      6.578     0.090    -1.150
      6.571     0.092    -1.152
      6.564     0.095    -1.155
      6.557     0.097    -1.157
      6.549     0.099    -1.159
      6.542     0.101    -1.162
      6.535     0.103    -1.164
      6.528     0.105    -1.166
      6.521     0.107    -1.169
      6.513     0.109    -1.171
      6.506     0.111    -1.173
      6.499     0.114    -1.176
      6.492     0.116    -1.178
      6.485     0.118    -1.180
      6.477     0.120    -1.183
      6.470     0.122    -1.185
      6.463     0.124    -1.187
      6.456     0.126    -1.189
      6.450     0.128    -1.192
      6.443     0.130    -1.194
      6.437     0.132    -1.196
      6.430     0.133    -1.198
      6.423     0.135    -1.200
      6.416     0.137    -1.203
      6.408     0.140    -1.205
      6.401     0.142    -1.208
      6.393     0.144    -1.210
      6.385     0.146    -1.213
      6.378     0.148    -1.215
      6.370     0.150    -1.218
      6.363     0.152    -1.220
      6.356     0.154    -1.223
      6.349     0.156    -1.225
      6.342     0.158    -1.227
      6.335     0.160    -1.230
      6.327     0.162    -1.232
      6.320     0.164    -1.235
      6.313     0.166    -1.237
      6.306     0.168    -1.240
      6.299     0.170    -1.242
      6.292     0.172    -1.244
      6.285     0.174    -1.247
      6.277     0.176    -1.249
      6.270     0.178    -1.251
      6.263     0.180    -1.254
      6.256     0.181    -1.256
      6.249     0.183    -1.259
      6.241     0.185    -1.261
      6.234     0.187    -1.264
      6.227     0.189    -1.266
      6.220     0.191    -1.268
      6.213     0.193    -1.271
      6.206     0.195    -1.273
      6.199     0.197    -1.276
      6.192     0.198    -1.278
      6.184     0.200    -1.280
      6.177     0.202    -1.283
      6.170     0.204    -1.285
      6.163     0.206    -1.288
      6.155     0.208    -1.290
      6.148     0.210    -1.293
      6.141     0.211    -1.295
      6.134     0.213    -1.298
      6.127     0.215    -1.300
      6.119     0.217    -1.302
      6.112     0.219    -1.305
      6.105     0.220    -1.307
      6.098     0.222    -1.310
      6.091     0.224    -1.312
      6.084     0.226    -1.315
      6.076     0.228    -1.317
      6.069     0.229    -1.319
      6.062     0.231    -1.322
      6.055     0.233    -1.324
      6.047     0.235    -1.327
      6.040     0.237    -1.329
      6.033     0.238    -1.332
      6.026     0.240    -1.334
      6.018     0.242    -1.337
      6.011     0.244    -1.339
      6.004     0.245    -1.341
      5.997     0.247    -1.344
      5.990     0.249    -1.346
      5.983     0.250    -1.348
      5.977     0.252    -1.351
      5.970     0.253    -1.353
      5.963     0.255    -1.355
      5.957     0.257    -1.357
      5.949     0.258    -1.360
      5.942     0.260    -1.362
      5.935     0.262    -1.365
      5.928     0.263    -1.367
      5.920     0.265    -1.369
      5.913     0.267    -1.372
      5.906     0.268    -1.374
      5.899     0.270    -1.377
      5.892     0.272    -1.379
      5.885     0.273    -1.381
      5.877     0.275    -1.384
      5.870     0.277    -1.386
      5.863     0.278    -1.389
      5.855     0.280    -1.391
      5.848     0.281    -1.393
      5.841     0.283    -1.396
      5.834     0.285    -1.398
      5.826     0.286    -1.401
      5.819     0.288    -1.403
      5.812     0.290    -1.405
      5.804     0.291    -1.408
      5.797     0.293    -1.410
      5.790     0.294    -1.413
      5.783     0.296    -1.415
      5.776     0.297    -1.417
      5.770     0.299    -1.419
      5.763     0.300    -1.421
      5.756     0.302    -1.424
      5.750     0.303    -1.426
      5.742     0.305    -1.428
      5.735     0.306    -1.430
      5.728     0.308    -1.433
      5.720     0.310    -1.435
      5.713     0.311    -1.437
      5.706     0.313    -1.440
      5.698     0.314    -1.442
      5.692     0.316    -1.444
      5.685     0.317    -1.446
      5.678     0.318    -1.449
      5.671     0.320    -1.451
      5.665     0.321    -1.453
      5.658     0.323    -1.455
      5.651     0.324    -1.457
      5.644     0.325    -1.459
      5.638     0.327    -1.461
      5.631     0.328    -1.464
      5.624     0.330    -1.466
      5.617     0.331    -1.468
      5.611     0.332    -1.470
      5.605     0.334    -1.472
      5.598     0.335    -1.474
      5.592     0.336    -1.476
      5.586     0.338    -1.478
      5.578     0.339    -1.480
      5.570     0.341    -1.483
      5.562     0.342    -1.485
      5.554     0.344    -1.487
      5.547     0.345    -1.490
      5.539     0.347    -1.492
      5.531     0.348    -1.494
      5.524     0.350    -1.497
      5.517     0.351    -1.499
      5.509     0.353    -1.501
      5.502     0.354    -1.503
      5.495     0.356    -1.506
      5.487     0.357    -1.508
      5.480     0.359    -1.510
      5.473     0.360    -1.512
      5.465     0.362    -1.514
      5.458     0.363    -1.517
      5.451     0.364    -1.519
      5.443     0.366    -1.521
      5.436     0.367    -1.523
      5.429     0.369    -1.525
      5.421     0.370    -1.527
      5.414     0.372    -1.530
      5.407     0.373    -1.532
      5.399     0.374    -1.534
      5.392     0.376    -1.536
      5.385     0.377    -1.538
      5.377     0.378    -1.540
      5.370     0.380    -1.542
      5.363     0.381    -1.544
      5.355     0.383    -1.547
      5.348     0.384    -1.549
      5.340     0.385    -1.551
      5.333     0.387    -1.553
      5.325     0.388    -1.555
      5.318     0.390    -1.557
      5.311     0.391    -1.559
      5.303     0.392    -1.561
      5.296     0.394    -1.563
      5.288     0.395    -1.565
      5.281     0.396    -1.567
      5.274     0.398    -1.569
      5.266     0.399    -1.571
      5.259     0.400    -1.573
      5.252     0.402    -1.575
      5.244     0.403    -1.577
      5.237     0.404    -1.579
      5.229     0.406    -1.581
      5.222     0.407    -1.583
      5.214     0.408    -1.585
      5.207     0.410    -1.587
      5.199     0.411    -1.589
      5.192     0.412    -1.591
      5.184     0.414    -1.593
      5.177     0.415    -1.595
      5.169     0.416    -1.597
      5.162     0.418    -1.599
      5.154     0.419    -1.601
      5.147     0.420    -1.603
      5.140     0.422    -1.605
      5.133     0.423    -1.606
      5.126     0.424    -1.608
      5.119     0.425    -1.610
      5.112     0.426    -1.612
      5.105     0.428    -1.613
      5.098     0.429    -1.615
      5.090     0.430    -1.617
      5.083     0.431    -1.619
      5.075     0.433    -1.621
      5.068     0.434    -1.623
      5.061     0.435    -1.624
      5.053     0.437    -1.626
      5.046     0.438    -1.628
      5.038     0.439    -1.630
      5.031     0.440    -1.632
      5.023     0.442    -1.633
      5.016     0.443    -1.635
      5.008     0.444    -1.637
      5.001     0.445    -1.639
      4.993     0.447    -1.640
      4.986     0.448    -1.642
      4.978     0.449    -1.644
      4.971     0.450    -1.646
      4.963     0.452    -1.647
      4.955     0.453    -1.649
      4.948     0.454    -1.651
      4.940     0.455    -1.653
      4.933     0.457    -1.654
      4.926     0.458    -1.656
      4.919     0.459    -1.657
      4.912     0.460    -1.659
      4.905     0.461    -1.660
      4.898     0.462    -1.662
      4.891     0.464    -1.663
      4.883     0.465    -1.665
      4.876     0.466    -1.667
      4.868     0.467    -1.668
      4.861     0.469    -1.670
      4.853     0.470    -1.672
      4.846     0.471    -1.673
      4.838     0.472    -1.675
      4.831     0.473    -1.676
      4.824     0.475    -1.678
      4.817     0.476    -1.679
      4.810     0.477    -1.681
      4.803     0.478    -1.682
      4.796     0.479    -1.683
      4.789     0.480    -1.685
      4.782     0.481    -1.686
      4.775     0.482    -1.688
      4.768     0.484    -1.689
      4.761     0.485    -1.690
      4.754     0.486    -1.692
      4.748     0.487    -1.693
      4.741     0.488    -1.694
      4.735     0.489    -1.696
      4.728     0.490    -1.697
      4.721     0.491    -1.698
      4.714     0.492    -1.700
      4.706     0.494    -1.701
      4.699     0.495    -1.702
      4.691     0.496    -1.704
      4.683     0.497    -1.705
      4.676     0.498    -1.707
      4.668     0.500    -1.708
      4.661     0.501    -1.709
      4.653     0.502    -1.711
      4.646     0.503    -1.712
      4.638     0.504    -1.714
      4.631     0.506    -1.715
      4.623     0.507    -1.716
      4.615     0.508    -1.718
      4.608     0.509    -1.719
      4.600     0.511    -1.720
      4.592     0.512    -1.722
      4.585     0.513    -1.723
      4.577     0.514    -1.724
      4.569     0.515    -1.726
      4.562     0.517    -1.727
      4.554     0.518    -1.728
      4.546     0.519    -1.729
      4.539     0.520    -1.731
      4.532     0.521    -1.732
      4.525     0.522    -1.733
      4.518     0.524    -1.734
      4.511     0.525    -1.735
      4.504     0.526    -1.736
      4.497     0.527    -1.738
      4.489     0.528    -1.739
      4.481     0.529    -1.740
      4.474     0.531    -1.741
      4.466     0.532    -1.742
      4.458     0.533    -1.744
      4.451     0.534    -1.745
      4.444     0.535    -1.746
      4.437     0.536    -1.747
      4.430     0.538    -1.748
      4.423     0.539    -1.749
      4.416     0.540    -1.750
      4.409     0.541    -1.751
      4.401     0.542    -1.752
      4.394     0.543    -1.753
      4.387     0.544    -1.754
      4.380     0.545    -1.755
      4.373     0.546    -1.756
      4.366     0.548    -1.757
      4.360     0.549    -1.758
      4.353     0.550    -1.759
      4.346     0.551    -1.760
      4.340     0.552    -1.761
      4.333     0.553    -1.762
      4.325     0.554    -1.763
      4.318     0.555    -1.764
      4.310     0.556    -1.765
      4.302     0.558    -1.766
      4.295     0.559    -1.767
      4.287     0.560    -1.768
      4.279     0.561    -1.770
      4.272     0.562    -1.770
      4.265     0.563    -1.771
      4.258     0.564    -1.772
      4.251     0.566    -1.773
      4.244     0.567    -1.774
      4.237     0.568    -1.775
      4.230     0.569    -1.776
      4.223     0.570    -1.777
      4.216     0.571    -1.778
      4.209     0.572    -1.779
      4.202     0.573    -1.780
      4.195     0.574    -1.780
      4.188     0.575    -1.781
      4.181     0.576    -1.782
      4.175     0.577    -1.783
      4.168     0.578    -1.784
      4.161     0.579    -1.784
      4.154     0.580    -1.785
      4.147     0.582    -1.786
      4.140     0.583    -1.787
      4.133     0.584    -1.788
      4.126     0.585    -1.789
      4.119     0.586    -1.789
      4.112     0.587    -1.790
      4.105     0.588    -1.791
      4.099     0.589    -1.792
      4.092     0.590    -1.792
      4.085     0.591    -1.793
      4.078     0.592    -1.794
      4.071     0.593    -1.795
      4.063     0.594    -1.796
      4.056     0.595    -1.796
      4.048     0.596    -1.797
      4.041     0.597    -1.798
      4.033     0.599    -1.799
      4.026     0.600    -1.800
      4.018     0.601    -1.800
      4.009     0.602    -1.801
      4.001     0.603    -1.802
      3.993     0.604    -1.803
      3.985     0.606    -1.804
      3.977     0.607    -1.805
      3.969     0.608    -1.805
      3.961     0.609    -1.806
      3.954     0.610    -1.807
      3.946     0.611    -1.807
      3.938     0.612    -1.808
      3.930     0.613    -1.809
      3.923     0.614    -1.810
      3.915     0.616    -1.810
      3.907     0.617    -1.811
      3.899     0.618    -1.812
      3.892     0.619    -1.812
      3.884     0.620    -1.813
      3.877     0.621    -1.814
      3.869     0.622    -1.814
      3.861     0.623    -1.815
      3.854     0.624    -1.816
      3.846     0.625    -1.816
      3.838     0.626    -1.817
      3.830     0.627    -1.818
      3.823     0.628    -1.818
      3.815     0.629    -1.819
      3.808     0.630    -1.820
      3.800     0.631    -1.820
      3.792     0.632    -1.821
      3.784     0.633    -1.821
      3.777     0.634    -1.822
      3.769     0.635    -1.823
      3.761     0.636    -1.823
      3.753     0.637    -1.824
      3.746     0.638    -1.824
      3.738     0.639    -1.825
      3.730     0.640    -1.825
      3.722     0.641    -1.826
      3.715     0.642    -1.826
      3.707     0.643    -1.827
      3.699     0.644    -1.828
      3.692     0.645    -1.828
      3.684     0.646    -1.829
      3.676     0.647    -1.829
      3.668     0.648    -1.830
      3.661     0.648    -1.830
      3.653     0.649    -1.831
      3.645     0.650    -1.831
      3.637     0.651    -1.832
      3.630     0.652    -1.832
      3.622     0.653    -1.833
      3.614     0.654    -1.833
      3.606     0.655    -1.834
      3.598     0.656    -1.834
      3.591     0.656    -1.835
      3.583     0.657    -1.835
      3.575     0.658    -1.835
      3.567     0.659    -1.836
      3.560     0.660    -1.836
      3.553     0.661    -1.837
      3.546     0.661    -1.837
      3.539     0.662    -1.838
      3.531     0.663    -1.838
      3.524     0.664    -1.838
      3.517     0.664    -1.839
      3.509     0.665    -1.839
      3.501     0.666    -1.840
      3.493     0.667    -1.840
      3.485     0.667    -1.840
      3.478     0.668    -1.841
      3.470     0.669    -1.841
      3.462     0.670    -1.842
      3.455     0.670    -1.842
      3.447     0.671    -1.842
      3.439     0.672    -1.843
      3.431     0.672    -1.843
      3.423     0.673    -1.843
      3.416     0.674    -1.844
      3.408     0.674    -1.844
      3.400     0.675    -1.845
      3.392     0.676    -1.845
      3.384     0.676    -1.845
      3.377     0.677    -1.846
      3.369     0.678    -1.846
      3.361     0.678    -1.846
      3.353     0.679    -1.847
      3.345     0.679    -1.847
      3.338     0.680    -1.847
      3.331     0.680    -1.848
      3.324     0.681    -1.848
      3.317     0.681    -1.848
      3.309     0.682    -1.848
      3.302     0.682    -1.849
      3.294     0.683    -1.849
      3.287     0.683    -1.849
      3.279     0.684    -1.850
      3.271     0.684    -1.850
      3.263     0.685    -1.850
      3.255     0.685    -1.850
      3.247     0.686    -1.851
      3.240     0.686    -1.851
      3.233     0.687    -1.851
      3.226     0.687    -1.852
      3.219     0.687    -1.852
      3.212     0.688    -1.852
      3.204     0.688    -1.852
      3.197     0.689    -1.853
      3.190     0.689    -1.853
      3.183     0.689    -1.853
      3.176     0.690    -1.853
      3.168     0.690    -1.854
      3.161     0.690    -1.854
      3.154     0.690    -1.854
      3.148     0.691    -1.854
      3.141     0.691    -1.854
      3.134     0.691    -1.855
      3.127     0.691    -1.855
      3.119     0.692    -1.855
      3.112     0.692    -1.855
      3.104     0.692    -1.856
      3.096     0.692    -1.856
      3.088     0.693    -1.856
      3.080     0.693    -1.856
      3.073     0.693    -1.857
      3.065     0.693    -1.857
      3.057     0.693    -1.857
      3.050     0.693    -1.857
      3.042     0.694    -1.858
      3.034     0.694    -1.858
      3.026     0.694    -1.858
      3.018     0.694    -1.858
      3.010     0.694    -1.858
      3.002     0.694    -1.859
      2.995     0.694    -1.859
      2.987     0.694    -1.859
      2.979     0.694    -1.859
      2.971     0.694    -1.860
      2.963     0.694    -1.860
      2.955     0.694    -1.860
      2.947     0.694    -1.860
      2.940     0.694    -1.860
      2.933     0.694    -1.861
      2.926     0.694    -1.861
      2.919     0.694    -1.861
      2.911     0.694    -1.861
      2.904     0.693    -1.861
      2.896     0.693    -1.861
      2.889     0.693    -1.862
      2.881     0.693    -1.862
      2.873     0.693    -1.862
      2.865     0.693    -1.862
      2.857     0.692    -1.862
      2.849     0.692    -1.863
      2.842     0.692    -1.863
      2.835     0.692    -1.863
      2.828     0.691    -1.863
      2.821     0.691    -1.863
      2.813     0.691    -1.863
      2.806     0.691    -1.864
      2.799     0.690    -1.864
      2.792     0.690    -1.864
      2.785     0.690    -1.864
      2.777     0.689    -1.864
      2.770     0.689    -1.864
      2.763     0.688    -1.865
      2.756     0.688    -1.865
      2.749     0.688    -1.865
      2.743     0.687    -1.865
      2.736     0.687    -1.865
      2.729     0.686    -1.865
      2.721     0.686    -1.865
      2.713     0.685    -1.866
      2.706     0.685    -1.866
      2.698     0.684    -1.866
      2.690     0.684    -1.866
      2.682     0.683    -1.866
      2.674     0.682    -1.866
      2.667     0.682    -1.866
      2.660     0.681    -1.867
      2.653     0.681    -1.867
      2.646     0.680    -1.867
      2.638     0.679    -1.867
      2.631     0.679    -1.867
      2.624     0.678    -1.867
      2.617     0.677    -1.867
      2.610     0.676    -1.867
      2.603     0.676    -1.868
      2.595     0.675    -1.868
      2.588     0.674    -1.868
      2.582     0.673    -1.868
      2.575     0.673    -1.868
      2.568     0.672    -1.868
      2.561     0.671    -1.868
      2.555     0.670    -1.868
      2.547     0.670    -1.868
      2.540     0.669    -1.869
      2.533     0.668    -1.869
      2.526     0.667    -1.869
      2.519     0.666    -1.869
      2.512     0.665    -1.869
      2.505     0.664    -1.869
      2.498     0.663    -1.869
      2.492     0.662    -1.869
      2.485     0.661    -1.869
      2.478     0.660    -1.870
      2.471     0.659    -1.870
      2.463     0.658    -1.870
      2.456     0.657    -1.870
      2.448     0.656    -1.870
      2.441     0.655    -1.870
      2.433     0.653    -1.870
      2.426     0.652    -1.870
      2.418     0.651    -1.870
      2.411     0.650    -1.870
      2.403     0.648    -1.871
      2.395     0.647    -1.871
      2.387     0.646    -1.871
      2.380     0.644    -1.871
      2.372     0.643    -1.871
      2.365     0.642    -1.871
      2.357     0.640    -1.871
      2.349     0.639    -1.871
      2.342     0.637    -1.871
      2.334     0.636    -1.872
      2.326     0.634    -1.872
      2.319     0.633    -1.872
      2.311     0.631    -1.872
      2.303     0.630    -1.872
      2.296     0.628    -1.872
      2.288     0.626    -1.872
      2.280     0.625    -1.872
      2.272     0.623    -1.872
      2.265     0.621    -1.873
      2.257     0.620    -1.873
      2.249     0.618    -1.873
      2.242     0.616    -1.873
      2.235     0.615    -1.873
      2.228     0.613    -1.873
      2.221     0.611    -1.873
      2.214     0.610    -1.873
      2.207     0.608    -1.873
      2.200     0.606    -1.873
      2.192     0.604    -1.874
      2.185     0.602    -1.874
      2.177     0.600    -1.874
      2.169     0.598    -1.874
      2.162     0.596    -1.874
      2.154     0.594    -1.874
      2.147     0.592    -1.874
      2.140     0.591    -1.874
      2.133     0.589    -1.875
      2.126     0.587    -1.875
      2.119     0.585    -1.875
      2.112     0.583    -1.875
      2.105     0.581    -1.875
      2.098     0.579    -1.875
      2.091     0.577    -1.875
      2.084     0.575    -1.875
      2.077     0.573    -1.875
      2.070     0.571    -1.876
      2.064     0.569    -1.876
      2.057     0.567    -1.876
      2.051     0.565    -1.876
      2.044     0.563    -1.876
      2.038     0.560    -1.876
      2.031     0.558    -1.876
      2.024     0.556    -1.876
      2.016     0.554    -1.876
      2.009     0.551    -1.877
      2.001     0.549    -1.877
      1.994     0.546    -1.877
      1.986     0.544    -1.877
      1.979     0.541    -1.877
      1.972     0.539    -1.877
      1.965     0.536    -1.877
      1.959     0.534    -1.878
      1.952     0.531    -1.878
      1.945     0.529    -1.878
      1.938     0.527    -1.878
      1.931     0.524    -1.878
      1.925     0.521    -1.878
      1.918     0.519    -1.878
      1.911     0.516    -1.879
      1.905     0.514    -1.879
      1.898     0.511    -1.879
      1.891     0.509    -1.879
      1.885     0.506    -1.879
      1.879     0.504    -1.879
      1.873     0.501    -1.879
      1.866     0.499    -1.879
      1.860     0.496    -1.880
      1.853     0.493    -1.880
      1.846     0.490    -1.880
      1.840     0.488    -1.880
      1.833     0.485    -1.880
      1.826     0.482    -1.880
      1.820     0.479    -1.881
      1.814     0.477    -1.881
      1.808     0.474    -1.881
      1.802     0.471    -1.881
      1.795     0.468    -1.881
      1.789     0.465    -1.881
      1.782     0.462    -1.881
      1.775     0.459    -1.882
      1.768     0.456    -1.882
      1.761     0.452    -1.882
      1.754     0.449    -1.882
      1.747     0.446    -1.882
      1.741     0.442    -1.882
      1.734     0.439    -1.883
      1.727     0.436    -1.883
      1.720     0.432    -1.883
      1.713     0.428    -1.883
      1.706     0.425    -1.883
      1.699     0.421    -1.884
      1.692     0.418    -1.884
      1.685     0.414    -1.884
      1.679     0.411    -1.884
      1.673     0.408    -1.884
      1.666     0.404    -1.885
      1.660     0.401    -1.885
      1.654     0.397    -1.885
      1.647     0.394    -1.885
      1.641     0.390    -1.885
      1.635     0.387    -1.885
      1.629     0.383    -1.886
      1.622     0.379    -1.886
      1.616     0.376    -1.886
      1.610     0.372    -1.886
      1.604     0.369    -1.886
      1.599     0.365    -1.887
      1.593     0.362    -1.887
      1.587     0.358    -1.887
      1.581     0.355    -1.887
      1.575     0.351    -1.887
      1.569     0.347    -1.888
      1.563     0.343    -1.888
      1.557     0.339    -1.888
      1.550     0.335    -1.888
      1.545     0.332    -1.888
      1.539     0.328    -1.889
      1.533     0.324    -1.889
      1.528     0.320    -1.889
      1.522     0.317    -1.889
      1.516     0.312    -1.889
      1.510     0.308    -1.890
      1.503     0.304    -1.890
      1.497     0.299    -1.890
      1.491     0.295    -1.890
      1.485     0.291    -1.890
      1.479     0.286    -1.891
      1.473     0.282    -1.891
      1.467     0.277    -1.891
      1.461     0.273    -1.891
      1.455     0.269    -1.891
      1.450     0.264    -1.892
      1.444     0.260    -1.892
      1.438     0.256    -1.892
      1.433     0.251    -1.892
      1.428     0.247    -1.892
      1.422     0.243    -1.892
      1.417     0.239    -1.893
      1.412     0.234    -1.893
      1.406     0.230    -1.893
      1.400     0.225    -1.893
      1.394     0.220    -1.893
      1.388     0.215    -1.893
      1.383     0.210    -1.894
      1.377     0.205    -1.894
      1.371     0.200    -1.894
      1.365     0.195    -1.894
      1.360     0.190    -1.894
      1.354     0.185    -1.894
      1.349     0.180    -1.895
      1.343     0.175    -1.895
      1.337     0.170    -1.895
      1.332     0.165    -1.895
      1.326     0.159    -1.895
      1.321     0.154    -1.895
      1.315     0.149    -1.895
      1.310     0.143    -1.896
      1.304     0.138    -1.896
      1.298     0.132    -1.896
      1.293     0.126    -1.896
      1.287     0.121    -1.896
