Count of Points:874

WCS coordinates of Points:
      1.181     0.000    -1.015
      1.187     0.004    -1.015
      1.193     0.008    -1.015
      1.199     0.012    -1.015
      1.205     0.016    -1.015
      1.211     0.020    -1.015
      1.217     0.024    -1.015
      1.223     0.027    -1.015
      1.229     0.031    -1.015
      1.235     0.035    -1.015
      1.241     0.039    -1.015
      1.247     0.043    -1.015
      1.253     0.047    -1.015
      1.259     0.050    -1.015
      1.265     0.054    -1.015
      1.271     0.058    -1.015
      1.277     0.062    -1.015
      1.283     0.065    -1.015
      1.290     0.069    -1.015
      1.296     0.073    -1.015
      1.302     0.077    -1.015
      1.308     0.080    -1.015
      1.314     0.084    -1.015
      1.320     0.087    -1.015
      1.327     0.091    -1.015
      1.334     0.095    -1.015
      1.341     0.099    -1.015
      1.348     0.103    -1.015
      1.355     0.107    -1.015
      1.361     0.111    -1.015
      1.367     0.114    -1.015
      1.373     0.118    -1.015
      1.380     0.121    -1.015
      1.386     0.125    -1.015
      1.392     0.128    -1.015
      1.399     0.131    -1.015
      1.406     0.135    -1.015
      1.413     0.139    -1.015
      1.420     0.143    -1.015
      1.427     0.146    -1.015
      1.434     0.150    -1.015
      1.441     0.153    -1.015
      1.448     0.157    -1.015
      1.455     0.161    -1.015
      1.462     0.164    -1.015
      1.469     0.168    -1.015
      1.476     0.171    -1.015
      1.483     0.175    -1.015
      1.490     0.178    -1.015
      1.497     0.182    -1.015
      1.503     0.185    -1.015
      1.510     0.188    -1.015
      1.516     0.191    -1.015
      1.522     0.194    -1.015
      1.529     0.197    -1.015
      1.535     0.200    -1.015
      1.542     0.203    -1.015
      1.549     0.207    -1.015
      1.556     0.210    -1.015
      1.564     0.213    -1.015
      1.571     0.216    -1.015
      1.578     0.220    -1.015
      1.585     0.223    -1.015
      1.592     0.226    -1.015
      1.600     0.229    -1.015
      1.607     0.232    -1.015
      1.614     0.236    -1.015
      1.621     0.239    -1.015
      1.628     0.242    -1.015
      1.635     0.245    -1.015
      1.643     0.248    -1.015
      1.650     0.251    -1.015
      1.657     0.254    -1.015
      1.665     0.257    -1.015
      1.672     0.260    -1.015
      1.679     0.263    -1.015
      1.686     0.266    -1.015
      1.694     0.268    -1.014
      1.701     0.271    -1.014
      1.708     0.274    -1.014
      1.715     0.277    -1.014
      1.723     0.280    -1.014
      1.730     0.283    -1.014
      1.738     0.285    -1.014
      1.745     0.288    -1.014
      1.752     0.291    -1.014
      1.760     0.294    -1.014
      1.767     0.296    -1.014
      1.773     0.299    -1.014
      1.780     0.301    -1.014
      1.787     0.303    -1.014
      1.794     0.306    -1.014
      1.800     0.308    -1.014
      1.807     0.311    -1.014
      1.815     0.313    -1.014
      1.822     0.316    -1.014
      1.830     0.318    -1.014
      1.837     0.321    -1.014
      1.845     0.323    -1.014
      1.852     0.326    -1.014
      1.860     0.328    -1.014
      1.867     0.331    -1.014
      1.875     0.333    -1.014
      1.882     0.335    -1.014
      1.890     0.338    -1.014
      1.897     0.340    -1.014
      1.904     0.342    -1.014
      1.912     0.345    -1.014
      1.919     0.347    -1.014
      1.927     0.349    -1.014
      1.934     0.351    -1.014
      1.942     0.354    -1.014
      1.950     0.356    -1.014
      1.957     0.358    -1.014
      1.965     0.360    -1.014
      1.972     0.362    -1.014
      1.980     0.364    -1.014
      1.987     0.366    -1.014
      1.995     0.368    -1.014
      2.002     0.371    -1.014
      2.010     0.373    -1.014
      2.018     0.375    -1.014
      2.025     0.377    -1.014
      2.033     0.379    -1.014
      2.041     0.380    -1.014
      2.048     0.382    -1.014
      2.056     0.384    -1.014
      2.064     0.386    -1.014
      2.071     0.388    -1.014
      2.079     0.390    -1.014
      2.087     0.392    -1.014
      2.094     0.393    -1.014
      2.102     0.395    -1.014
      2.109     0.397    -1.014
      2.117     0.399    -1.014
      2.125     0.400    -1.014
      2.133     0.402    -1.014
      2.140     0.404    -1.014
      2.148     0.405    -1.014
      2.156     0.407    -1.014
      2.164     0.408    -1.014
      2.171     0.410    -1.014
      2.179     0.412    -1.014
      2.187     0.413    -1.014
      2.195     0.415    -1.014
      2.202     0.416    -1.014
      2.210     0.418    -1.014
      2.217     0.419    -1.014
      2.224     0.420    -1.014
      2.232     0.421    -1.014
      2.239     0.423    -1.014
      2.246     0.424    -1.014
      2.253     0.425    -1.014
      2.260     0.426    -1.014
      2.267     0.428    -1.014
      2.274     0.429    -1.014
      2.281     0.430    -1.014
      2.288     0.431    -1.014
      2.296     0.432    -1.014
      2.303     0.433    -1.014
      2.310     0.434    -1.014
      2.318     0.435    -1.014
      2.326     0.437    -1.014
      2.334     0.438    -1.014
      2.342     0.439    -1.014
      2.350     0.440    -1.014
      2.357     0.441    -1.014
      2.365     0.442    -1.014
      2.373     0.443    -1.014
      2.381     0.444    -1.014
      2.389     0.445    -1.014
      2.396     0.446    -1.014
      2.404     0.446    -1.014
      2.412     0.447    -1.014
      2.420     0.448    -1.014
      2.428     0.449    -1.014
      2.435     0.450    -1.014
      2.443     0.451    -1.014
      2.451     0.451    -1.014
      2.459     0.452    -1.014
      2.467     0.453    -1.014
      2.474     0.453    -1.014
      2.482     0.454    -1.014
      2.490     0.455    -1.014
      2.498     0.455    -1.013
      2.506     0.456    -1.013
      2.514     0.457    -1.013
      2.522     0.457    -1.013
      2.529     0.458    -1.013
      2.537     0.458    -1.013
      2.545     0.459    -1.013
      2.553     0.459    -1.013
      2.561     0.460    -1.013
      2.569     0.460    -1.013
      2.577     0.460    -1.013
      2.584     0.461    -1.013
      2.592     0.461    -1.013
      2.600     0.461    -1.013
      2.608     0.462    -1.013
      2.616     0.462    -1.013
      2.624     0.462    -1.013
      2.631     0.463    -1.013
      2.639     0.463    -1.013
      2.647     0.463    -1.013
      2.655     0.463    -1.013
      2.663     0.463    -1.013
      2.671     0.463    -1.013
      2.679     0.463    -1.013
      2.687     0.464    -1.013
      2.695     0.464    -1.013
      2.703     0.464    -1.013
      2.711     0.464    -1.013
      2.718     0.464    -1.013
      2.726     0.464    -1.013
      2.733     0.464    -1.013
      2.740     0.464    -1.013
      2.747     0.464    -1.013
      2.755     0.463    -1.013
      2.762     0.463    -1.013
      2.770     0.463    -1.013
      2.778     0.463    -1.013
      2.786     0.463    -1.013
      2.794     0.463    -1.013
      2.801     0.462    -1.013
      2.809     0.462    -1.013
      2.817     0.462    -1.013
      2.825     0.462    -1.013
      2.832     0.461    -1.013
      2.840     0.461    -1.013
      2.848     0.461    -1.013
      2.856     0.460    -1.013
      2.864     0.460    -1.013
      2.872     0.459    -1.013
      2.880     0.459    -1.013
      2.888     0.458    -1.013
      2.896     0.458    -1.013
      2.904     0.457    -1.013
      2.912     0.457    -1.013
      2.919     0.456    -1.013
      2.927     0.456    -1.013
      2.935     0.455    -1.013
      2.943     0.455    -1.013
      2.950     0.454    -1.013
      2.958     0.453    -1.013
      2.965     0.453    -1.013
      2.972     0.452    -1.012
      2.979     0.452    -1.012
      2.987     0.451    -1.012
      2.994     0.450    -1.012
      3.002     0.449    -1.012
      3.010     0.449    -1.012
      3.018     0.448    -1.012
      3.026     0.447    -1.012
      3.034     0.446    -1.012
      3.042     0.445    -1.012
      3.049     0.445    -1.012
      3.056     0.444    -1.012
      3.063     0.443    -1.012
      3.071     0.442    -1.012
      3.078     0.441    -1.012
      3.085     0.440    -1.012
      3.092     0.439    -1.012
      3.099     0.439    -1.012
      3.107     0.438    -1.012
      3.114     0.437    -1.012
      3.121     0.436    -1.012
      3.128     0.435    -1.012
      3.135     0.434    -1.012
      3.142     0.433    -1.012
      3.149     0.432    -1.012
      3.155     0.431    -1.012
      3.162     0.430    -1.012
      3.169     0.429    -1.012
      3.176     0.428    -1.012
      3.183     0.427    -1.012
      3.190     0.426    -1.012
      3.198     0.424    -1.012
      3.205     0.423    -1.012
      3.212     0.422    -1.012
      3.220     0.421    -1.012
      3.227     0.420    -1.012
      3.235     0.418    -1.011
      3.243     0.417    -1.011
      3.251     0.416    -1.011
      3.258     0.414    -1.011
      3.266     0.413    -1.011
      3.274     0.412    -1.011
      3.282     0.410    -1.011
      3.290     0.409    -1.011
      3.297     0.407    -1.011
      3.305     0.406    -1.011
      3.312     0.404    -1.011
      3.320     0.403    -1.011
      3.328     0.401    -1.011
      3.335     0.400    -1.011
      3.343     0.398    -1.011
      3.351     0.397    -1.011
      3.359     0.395    -1.011
      3.366     0.394    -1.011
      3.374     0.392    -1.011
      3.381     0.391    -1.011
      3.389     0.389    -1.011
      3.397     0.387    -1.011
      3.405     0.386    -1.011
      3.412     0.384    -1.010
      3.420     0.382    -1.010
      3.428     0.381    -1.010
      3.435     0.379    -1.010
      3.443     0.377    -1.010
      3.451     0.375    -1.010
      3.459     0.374    -1.010
      3.466     0.372    -1.010
      3.474     0.370    -1.010
      3.482     0.368    -1.010
      3.489     0.366    -1.010
      3.497     0.365    -1.010
      3.504     0.363    -1.010
      3.512     0.361    -1.010
      3.520     0.359    -1.010
      3.527     0.357    -1.010
      3.535     0.355    -1.010
      3.543     0.353    -1.009
      3.550     0.352    -1.009
      3.558     0.350    -1.009
      3.566     0.348    -1.009
      3.573     0.346    -1.009
      3.581     0.344    -1.009
      3.589     0.342    -1.009
      3.596     0.340    -1.009
      3.604     0.338    -1.009
      3.612     0.336    -1.009
      3.619     0.334    -1.009
      3.626     0.332    -1.009
      3.633     0.330    -1.009
      3.640     0.328    -1.008
      3.647     0.326    -1.008
      3.654     0.324    -1.008
      3.661     0.322    -1.008
      3.669     0.320    -1.008
      3.676     0.318    -1.008
      3.684     0.316    -1.008
      3.692     0.314    -1.008
      3.699     0.312    -1.008
      3.707     0.309    -1.008
      3.714     0.307    -1.008
      3.722     0.305    -1.007
      3.729     0.303    -1.007
      3.737     0.301    -1.007
      3.744     0.299    -1.007
      3.752     0.296    -1.007
      3.760     0.294    -1.007
      3.767     0.292    -1.007
      3.775     0.290    -1.007
      3.782     0.287    -1.007
      3.790     0.285    -1.006
      3.798     0.283    -1.006
      3.805     0.280    -1.006
      3.813     0.278    -1.006
      3.820     0.276    -1.006
      3.828     0.273    -1.006
      3.835     0.271    -1.006
      3.842     0.269    -1.006
      3.849     0.267    -1.005
      3.856     0.265    -1.005
      3.863     0.262    -1.005
      3.870     0.260    -1.005
      3.877     0.258    -1.005
      3.885     0.256    -1.005
      3.892     0.253    -1.005
      3.900     0.251    -1.005
      3.907     0.248    -1.004
      3.915     0.246    -1.004
      3.922     0.243    -1.004
      3.930     0.241    -1.004
      3.937     0.239    -1.004
      3.944     0.236    -1.004
      3.950     0.234    -1.004
      3.957     0.232    -1.003
      3.964     0.230    -1.003
      3.971     0.227    -1.003
      3.978     0.225    -1.003
      3.985     0.223    -1.003
      3.992     0.220    -1.003
      3.999     0.218    -1.002
      4.006     0.216    -1.002
      4.012     0.213    -1.002
      4.019     0.211    -1.002
      4.025     0.209    -1.002
      4.032     0.207    -1.002
      4.038     0.205    -1.002
      4.045     0.202    -1.001
      4.052     0.200    -1.001
      4.060     0.197    -1.001
      4.067     0.195    -1.001
      4.075     0.192    -1.001
      4.082     0.190    -1.000
      4.089     0.187    -1.000
      4.097     0.184    -1.000
      4.104     0.182    -1.000
      4.111     0.179    -1.000
      4.119     0.177    -0.999
      4.126     0.174    -0.999
      4.134     0.171    -0.999
      4.141     0.169    -0.999
      4.149     0.166    -0.999
      4.156     0.164    -0.998
      4.164     0.161    -0.998
      4.171     0.158    -0.998
      4.179     0.156    -0.998
      4.186     0.153    -0.997
      4.193     0.150    -0.997
      4.201     0.148    -0.997
      4.208     0.145    -0.997
      4.216     0.142    -0.996
      4.222     0.140    -0.996
      4.229     0.137    -0.996
      4.236     0.135    -0.996
      4.243     0.132    -0.996
      4.250     0.130    -0.995
      4.257     0.127    -0.995
      4.264     0.125    -0.995
      4.271     0.122    -0.995
      4.279     0.119    -0.994
      4.286     0.116    -0.994
      4.294     0.114    -0.994
      4.301     0.111    -0.993
      4.308     0.108    -0.993
      4.315     0.106    -0.993
      4.322     0.103    -0.993
      4.329     0.101    -0.992
      4.336     0.098    -0.992
      4.342     0.096    -0.992
      4.349     0.093    -0.992
      4.356     0.091    -0.991
      4.363     0.088    -0.991
      4.370     0.086    -0.991
      4.376     0.083    -0.990
      4.383     0.080    -0.990
      4.390     0.078    -0.990
      4.396     0.075    -0.990
      4.403     0.073    -0.989
      4.409     0.071    -0.989
      4.416     0.068    -0.989
      4.422     0.066    -0.988
      4.429     0.063    -0.988
      4.437     0.060    -0.988
      4.444     0.057    -0.987
      4.452     0.055    -0.987
      4.459     0.052    -0.987
      4.466     0.049    -0.986
      4.474     0.046    -0.986
      4.481     0.044    -0.986
      4.487     0.041    -0.985
      4.494     0.039    -0.985
      4.501     0.036    -0.985
      4.508     0.033    -0.984
      4.515     0.031    -0.984
      4.521     0.028    -0.984
      4.528     0.026    -0.983
      4.535     0.023    -0.983
      4.542     0.020    -0.983
      4.548     0.018    -0.982
      4.555     0.015    -0.982
      4.562     0.013    -0.981
      4.568     0.010    -0.981
      4.574     0.008    -0.981
      4.581     0.006    -0.980
      4.587     0.003    -0.980
      4.594     0.001    -0.980
      4.601    -0.002    -0.979
      4.607    -0.005    -0.979
      4.614    -0.007    -0.978
      4.621    -0.010    -0.978
      4.628    -0.012    -0.978
      4.634    -0.015    -0.977
      4.640    -0.017    -0.977
      4.647    -0.020    -0.977
      4.653    -0.022    -0.976
      4.660    -0.025    -0.976
      4.667    -0.027    -0.975
      4.674    -0.030    -0.975
      4.681    -0.033    -0.975
      4.688    -0.036    -0.974
      4.695    -0.038    -0.974
      4.702    -0.041    -0.973
      4.709    -0.044    -0.973
      4.716    -0.046    -0.972
      4.723    -0.049    -0.972
      4.730    -0.052    -0.971
      4.737    -0.054    -0.971
      4.743    -0.057    -0.970
      4.750    -0.059    -0.970
      4.757    -0.062    -0.970
      4.763    -0.064    -0.969
      4.771    -0.067    -0.969
      4.778    -0.070    -0.968
      4.785    -0.073    -0.968
      4.793    -0.076    -0.967
      4.800    -0.078    -0.966
      4.808    -0.081    -0.966
      4.815    -0.084    -0.965
      4.822    -0.087    -0.965
      4.830    -0.090    -0.964
      4.837    -0.093    -0.964
      4.844    -0.095    -0.963
      4.851    -0.098    -0.963
      4.859    -0.101    -0.962
      4.866    -0.104    -0.961
      4.873    -0.107    -0.961
      4.881    -0.109    -0.960
      4.888    -0.112    -0.960
      4.895    -0.115    -0.959
      4.903    -0.118    -0.958
      4.910    -0.121    -0.958
      4.917    -0.123    -0.957
      4.924    -0.126    -0.956
      4.931    -0.129    -0.956
      4.939    -0.132    -0.955
      4.946    -0.135    -0.954
      4.954    -0.137    -0.954
      4.961    -0.140    -0.953
      4.968    -0.143    -0.952
      4.976    -0.146    -0.952
      4.983    -0.149    -0.951
      4.990    -0.152    -0.950
      4.998    -0.154    -0.950
      5.005    -0.157    -0.949
      5.012    -0.160    -0.948
      5.020    -0.163    -0.947
      5.027    -0.166    -0.947
      5.034    -0.168    -0.946
      5.041    -0.171    -0.945
      5.049    -0.174    -0.944
      5.056    -0.177    -0.944
      5.063    -0.179    -0.943
      5.071    -0.182    -0.942
      5.078    -0.185    -0.941
      5.085    -0.188    -0.941
      5.093    -0.191    -0.940
      5.100    -0.194    -0.939
      5.107    -0.196    -0.938
      5.115    -0.199    -0.937
      5.122    -0.202    -0.937
      5.130    -0.205    -0.936
      5.137    -0.208    -0.935
      5.144    -0.210    -0.934
      5.152    -0.213    -0.933
      5.158    -0.216    -0.933
      5.165    -0.218    -0.932
      5.172    -0.221    -0.931
      5.179    -0.223    -0.930
      5.185    -0.226    -0.929
      5.192    -0.229    -0.929
      5.199    -0.231    -0.928
      5.207    -0.234    -0.927
      5.214    -0.237    -0.926
      5.221    -0.240    -0.925
      5.229    -0.242    -0.924
      5.236    -0.245    -0.923
      5.243    -0.248    -0.922
      5.250    -0.251    -0.922
      5.258    -0.253    -0.921
      5.265    -0.256    -0.920
      5.272    -0.259    -0.919
      5.280    -0.262    -0.918
      5.287    -0.264    -0.917
      5.294    -0.267    -0.916
      5.302    -0.270    -0.915
      5.309    -0.273    -0.914
      5.316    -0.276    -0.913
      5.324    -0.278    -0.912
      5.331    -0.281    -0.911
      5.338    -0.284    -0.910
      5.346    -0.287    -0.909
      5.353    -0.289    -0.908
      5.361    -0.292    -0.907
      5.367    -0.295    -0.906
      5.374    -0.297    -0.905
      5.381    -0.300    -0.904
      5.387    -0.302    -0.904
      5.394    -0.305    -0.903
      5.401    -0.307    -0.902
      5.408    -0.310    -0.901
      5.416    -0.313    -0.900
      5.423    -0.316    -0.899
      5.430    -0.318    -0.898
      5.438    -0.321    -0.896
      5.445    -0.324    -0.895
      5.452    -0.327    -0.894
      5.459    -0.329    -0.893
      5.466    -0.332    -0.892
      5.473    -0.334    -0.891
      5.479    -0.337    -0.890
      5.486    -0.339    -0.889
      5.493    -0.342    -0.888
      5.500    -0.344    -0.887
      5.506    -0.347    -0.886
      5.513    -0.349    -0.885
      5.520    -0.352    -0.884
      5.526    -0.354    -0.883
      5.533    -0.357    -0.882
      5.540    -0.359    -0.881
      5.546    -0.362    -0.880
      5.552    -0.364    -0.879
      5.559    -0.366    -0.878
      5.565    -0.369    -0.877
      5.572    -0.371    -0.876
      5.580    -0.374    -0.875
      5.587    -0.377    -0.874
      5.594    -0.379    -0.873
      5.602    -0.382    -0.872
      5.609    -0.385    -0.870
      5.616    -0.388    -0.869
      5.623    -0.390    -0.868
      5.630    -0.393    -0.867
      5.638    -0.396    -0.866
      5.645    -0.398    -0.865
      5.652    -0.401    -0.863
      5.660    -0.404    -0.862
      5.667    -0.406    -0.861
      5.674    -0.409    -0.860
      5.682    -0.412    -0.859
      5.689    -0.415    -0.857
      5.696    -0.417    -0.856
      5.704    -0.420    -0.855
      5.711    -0.423    -0.854
      5.718    -0.425    -0.852
      5.726    -0.428    -0.851
      5.733    -0.431    -0.850
      5.740    -0.433    -0.849
      5.747    -0.436    -0.848
      5.753    -0.438    -0.847
      5.760    -0.441    -0.845
      5.767    -0.443    -0.844
      5.773    -0.446    -0.843
      5.781    -0.448    -0.842
      5.788    -0.451    -0.841
      5.795    -0.454    -0.839
      5.803    -0.456    -0.838
      5.810    -0.459    -0.837
      5.817    -0.462    -0.835
      5.825    -0.465    -0.834
      5.831    -0.467    -0.833
      5.838    -0.470    -0.832
      5.845    -0.472    -0.830
      5.852    -0.474    -0.829
      5.858    -0.477    -0.828
      5.865    -0.479    -0.827
      5.872    -0.482    -0.826
      5.878    -0.484    -0.824
      5.885    -0.487    -0.823
      5.892    -0.489    -0.822
      5.899    -0.492    -0.821
      5.905    -0.494    -0.820
      5.912    -0.497    -0.818
      5.918    -0.499    -0.817
      5.924    -0.501    -0.816
      5.931    -0.504    -0.815
      5.937    -0.506    -0.814
      5.944    -0.509    -0.812
      5.952    -0.511    -0.811
      5.959    -0.514    -0.810
      5.966    -0.517    -0.808
      5.973    -0.519    -0.807
      5.981    -0.522    -0.806
      5.988    -0.525    -0.804
      5.995    -0.527    -0.803
      6.002    -0.530    -0.802
      6.008    -0.532    -0.800
      6.015    -0.535    -0.799
      6.022    -0.537    -0.798
      6.028    -0.540    -0.797
      6.035    -0.542    -0.795
      6.042    -0.545    -0.794
      6.048    -0.547    -0.793
      6.055    -0.550    -0.792
      6.062    -0.552    -0.790
      6.069    -0.555    -0.789
      6.075    -0.557    -0.788
      6.081    -0.559    -0.787
      6.088    -0.562    -0.785
      6.094    -0.564    -0.784
      6.100    -0.566    -0.783
      6.107    -0.569    -0.782
      6.114    -0.571    -0.780
      6.120    -0.574    -0.779
      6.127    -0.576    -0.778
      6.134    -0.579    -0.776
      6.140    -0.581    -0.775
      6.147    -0.583    -0.774
      6.153    -0.586    -0.773
      6.159    -0.588    -0.771
      6.166    -0.590    -0.770
      6.172    -0.593    -0.769
      6.179    -0.595    -0.768
      6.186    -0.598    -0.766
      6.193    -0.600    -0.765
      6.200    -0.603    -0.764
      6.207    -0.606    -0.762
      6.214    -0.608    -0.761
      6.221    -0.611    -0.759
      6.228    -0.613    -0.758
      6.236    -0.616    -0.757
      6.243    -0.619    -0.755
      6.250    -0.621    -0.754
      6.257    -0.624    -0.752
      6.265    -0.627    -0.751
      6.272    -0.629    -0.749
      6.279    -0.632    -0.748
      6.286    -0.635    -0.747
      6.293    -0.637    -0.745
      6.301    -0.640    -0.744
      6.308    -0.643    -0.742
      6.315    -0.645    -0.741
      6.323    -0.648    -0.739
      6.330    -0.651    -0.738
      6.337    -0.653    -0.737
      6.345    -0.656    -0.735
      6.352    -0.659    -0.734
      6.359    -0.661    -0.732
      6.367    -0.664    -0.731
      6.374    -0.667    -0.729
      6.381    -0.669    -0.728
      6.389    -0.672    -0.727
      6.396    -0.675    -0.725
      6.403    -0.677    -0.724
      6.409    -0.679    -0.723
      6.416    -0.682    -0.721
      6.423    -0.684    -0.720
      6.429    -0.687    -0.719
      6.436    -0.689    -0.717
      6.443    -0.692    -0.716
      6.451    -0.694    -0.714
      6.458    -0.697    -0.713
      6.465    -0.700    -0.712
      6.473    -0.702    -0.710
      6.480    -0.705    -0.709
      6.487    -0.708    -0.707
      6.494    -0.710    -0.706
      6.501    -0.712    -0.705
      6.508    -0.715    -0.704
      6.514    -0.717    -0.702
      6.521    -0.720    -0.701
      6.528    -0.722    -0.700
      6.535    -0.724    -0.698
      6.541    -0.727    -0.697
      6.548    -0.729    -0.696
      6.555    -0.731    -0.695
      6.561    -0.734    -0.693
      6.568    -0.736    -0.692
      6.575    -0.738    -0.691
      6.581    -0.741    -0.690
      6.587    -0.743    -0.688
      6.594    -0.745    -0.687
      6.600    -0.747    -0.686
      6.607    -0.750    -0.685
      6.615    -0.752    -0.683
      6.622    -0.755    -0.682
      6.629    -0.758    -0.680
      6.637    -0.760    -0.679
      6.644    -0.763    -0.678
      6.652    -0.765    -0.676
      6.658    -0.767    -0.675
      6.665    -0.770    -0.674
      6.672    -0.772    -0.673
      6.679    -0.774    -0.671
      6.685    -0.777    -0.670
      6.692    -0.779    -0.669
      6.699    -0.781    -0.668
      6.706    -0.784    -0.666
      6.712    -0.786    -0.665
      6.719    -0.788    -0.664
      6.726    -0.790    -0.663
      6.733    -0.793    -0.662
      6.739    -0.795    -0.660
      6.746    -0.797    -0.659
      6.752    -0.799    -0.658
      6.758    -0.801    -0.657
      6.765    -0.803    -0.656
      6.772    -0.806    -0.655
      6.778    -0.808    -0.653
      6.785    -0.810    -0.652
      6.792    -0.812    -0.651
      6.799    -0.815    -0.650
      6.806    -0.817    -0.649
      6.812    -0.819    -0.647
      6.818    -0.821    -0.646
      6.825    -0.823    -0.645
      6.831    -0.825    -0.644
      6.838    -0.827    -0.643
      6.845    -0.829    -0.642
      6.852    -0.832    -0.641
      6.859    -0.834    -0.639
      6.866    -0.836    -0.638
      6.874    -0.839    -0.637
      6.881    -0.841    -0.636
      6.888    -0.843    -0.634
      6.895    -0.845    -0.633
      6.903    -0.848    -0.632
      6.910    -0.850    -0.631
      6.918    -0.852    -0.629
      6.925    -0.855    -0.628
      6.933    -0.857    -0.627
      6.940    -0.859    -0.626
      6.948    -0.862    -0.624
      6.954    -0.864    -0.623
      6.961    -0.866    -0.622
      6.968    -0.868    -0.621
      6.975    -0.870    -0.620
      6.982    -0.872    -0.619
      6.989    -0.874    -0.618
      6.996    -0.876    -0.617
      7.003    -0.878    -0.615
      7.009    -0.880    -0.614
      7.016    -0.882    -0.613
      7.023    -0.884    -0.612
      7.030    -0.886    -0.611
      7.037    -0.888    -0.610
      7.043    -0.890    -0.609
      7.050    -0.892    -0.608
      7.056    -0.893    -0.607
      7.063    -0.895    -0.606
      7.069    -0.897    -0.605
      7.076    -0.899    -0.604
      7.083    -0.901    -0.603
      7.090    -0.903    -0.602
      7.097    -0.905    -0.601
      7.104    -0.907    -0.600
      7.111    -0.909    -0.599
      7.117    -0.910    -0.598
      7.124    -0.912    -0.597
      7.130    -0.914    -0.596
      7.137    -0.916    -0.595
      7.144    -0.918    -0.594
      7.151    -0.920    -0.592
      7.159    -0.922    -0.591
      7.166    -0.923    -0.590
      7.173    -0.925    -0.589
      7.181    -0.927    -0.588
      7.188    -0.929    -0.587
      7.195    -0.931    -0.586
      7.202    -0.933    -0.585
      7.209    -0.935    -0.584
      7.216    -0.936    -0.583
      7.223    -0.938    -0.582
      7.230    -0.940    -0.581
      7.237    -0.942    -0.580
      7.244    -0.943    -0.579
      7.250    -0.945    -0.578
      7.257    -0.946    -0.577
      7.263    -0.948    -0.576
      7.270    -0.950    -0.576
      7.277    -0.951    -0.575
      7.285    -0.953    -0.573
      7.292    -0.955    -0.572
      7.299    -0.956    -0.571
      7.307    -0.958    -0.571
      7.314    -0.960    -0.570
      7.322    -0.962    -0.569
      7.329    -0.963    -0.568
      7.336    -0.965    -0.567
      7.344    -0.966    -0.566
      7.351    -0.968    -0.565
      7.359    -0.970    -0.564
      7.366    -0.971    -0.563
      7.373    -0.973    -0.562
      7.381    -0.974    -0.561
      7.388    -0.976    -0.560
      7.396    -0.978    -0.559
      7.404    -0.979    -0.558
      7.412    -0.981    -0.557
      7.419    -0.982    -0.556
      7.427    -0.984    -0.555
      7.435    -0.986    -0.554
