Count of Points:874

WCS coordinates of Points:
      7.390    -1.283    -0.378
      7.383    -1.281    -0.379
      7.376    -1.280    -0.380
      7.369    -1.278    -0.380
      7.362    -1.277    -0.381
      7.355    -1.275    -0.382
      7.348    -1.274    -0.383
      7.341    -1.272    -0.383
      7.334    -1.271    -0.384
      7.327    -1.269    -0.385
      7.320    -1.268    -0.385
      7.313    -1.266    -0.386
      7.306    -1.264    -0.387
      7.299    -1.263    -0.388
      7.292    -1.261    -0.388
      7.285    -1.260    -0.389
      7.278    -1.258    -0.390
      7.271    -1.256    -0.391
      7.264    -1.255    -0.391
      7.257    -1.253    -0.392
      7.250    -1.251    -0.393
      7.243    -1.250    -0.393
      7.236    -1.248    -0.394
      7.229    -1.246    -0.395
      7.222    -1.245    -0.396
      7.214    -1.243    -0.397
      7.206    -1.241    -0.397
      7.199    -1.239    -0.398
      7.191    -1.237    -0.399
      7.184    -1.235    -0.400
      7.177    -1.233    -0.401
      7.170    -1.232    -0.401
      7.163    -1.230    -0.402
      7.157    -1.228    -0.403
      7.150    -1.226    -0.404
      7.143    -1.224    -0.405
      7.135    -1.222    -0.405
      7.127    -1.220    -0.406
      7.120    -1.218    -0.407
      7.112    -1.216    -0.408
      7.105    -1.214    -0.409
      7.097    -1.212    -0.410
      7.089    -1.210    -0.411
      7.082    -1.208    -0.411
      7.074    -1.206    -0.412
      7.067    -1.204    -0.413
      7.059    -1.202    -0.414
      7.052    -1.200    -0.415
      7.044    -1.198    -0.416
      7.037    -1.195    -0.417
      7.030    -1.193    -0.417
      7.023    -1.191    -0.418
      7.016    -1.189    -0.419
      7.009    -1.187    -0.420
      7.003    -1.185    -0.421
      6.996    -1.183    -0.422
      6.989    -1.181    -0.422
      6.981    -1.179    -0.423
      6.974    -1.177    -0.424
      6.966    -1.175    -0.425
      6.959    -1.172    -0.426
      6.951    -1.170    -0.427
      6.944    -1.168    -0.428
      6.936    -1.166    -0.429
      6.929    -1.163    -0.430
      6.921    -1.161    -0.431
      6.913    -1.159    -0.432
      6.906    -1.156    -0.432
      6.899    -1.154    -0.433
      6.891    -1.152    -0.434
      6.884    -1.149    -0.435
      6.876    -1.147    -0.436
      6.869    -1.145    -0.437
      6.861    -1.142    -0.438
      6.854    -1.140    -0.439
      6.847    -1.137    -0.440
      6.839    -1.135    -0.441
      6.832    -1.133    -0.442
      6.824    -1.130    -0.443
      6.817    -1.128    -0.444
      6.810    -1.125    -0.445
      6.802    -1.123    -0.446
      6.795    -1.121    -0.446
      6.787    -1.118    -0.447
      6.780    -1.116    -0.448
      6.772    -1.113    -0.449
      6.765    -1.110    -0.450
      6.758    -1.108    -0.451
      6.751    -1.106    -0.452
      6.744    -1.104    -0.453
      6.738    -1.101    -0.454
      6.731    -1.099    -0.455
      6.724    -1.097    -0.456
      6.717    -1.094    -0.456
      6.710    -1.092    -0.457
      6.703    -1.089    -0.458
      6.695    -1.087    -0.459
      6.688    -1.084    -0.460
      6.680    -1.081    -0.461
      6.673    -1.079    -0.462
      6.666    -1.076    -0.463
      6.658    -1.074    -0.464
      6.651    -1.071    -0.465
      6.643    -1.068    -0.466
      6.636    -1.066    -0.467
      6.629    -1.063    -0.468
      6.621    -1.060    -0.469
      6.614    -1.058    -0.470
      6.607    -1.055    -0.471
      6.599    -1.052    -0.472
      6.592    -1.050    -0.473
      6.585    -1.047    -0.474
      6.577    -1.044    -0.475
      6.570    -1.042    -0.476
      6.563    -1.039    -0.477
      6.556    -1.036    -0.478
      6.548    -1.034    -0.479
      6.541    -1.031    -0.480
      6.534    -1.028    -0.481
      6.526    -1.025    -0.482
      6.519    -1.023    -0.483
      6.511    -1.020    -0.484
      6.504    -1.017    -0.485
      6.497    -1.014    -0.486
      6.489    -1.011    -0.487
      6.482    -1.009    -0.488
      6.475    -1.006    -0.489
      6.467    -1.003    -0.490
      6.460    -1.000    -0.491
      6.453    -0.997    -0.492
      6.446    -0.995    -0.493
      6.438    -0.992    -0.494
      6.431    -0.989    -0.494
      6.424    -0.986    -0.495
      6.416    -0.983    -0.496
      6.409    -0.981    -0.497
      6.402    -0.978    -0.498
      6.394    -0.975    -0.499
      6.387    -0.972    -0.500
      6.380    -0.969    -0.501
      6.372    -0.966    -0.502
      6.365    -0.963    -0.503
      6.358    -0.960    -0.504
      6.351    -0.957    -0.505
      6.343    -0.955    -0.506
      6.336    -0.952    -0.507
      6.329    -0.949    -0.508
      6.322    -0.946    -0.509
      6.315    -0.943    -0.510
      6.308    -0.941    -0.511
      6.302    -0.938    -0.512
      6.295    -0.935    -0.513
      6.288    -0.932    -0.514
      6.282    -0.930    -0.514
      6.275    -0.927    -0.515
      6.269    -0.924    -0.516
      6.262    -0.922    -0.517
      6.255    -0.919    -0.518
      6.249    -0.916    -0.519
      6.242    -0.914    -0.520
      6.235    -0.911    -0.521
      6.227    -0.908    -0.522
      6.220    -0.905    -0.523
      6.213    -0.902    -0.524
      6.206    -0.899    -0.524
      6.198    -0.896    -0.525
      6.191    -0.893    -0.526
      6.184    -0.890    -0.527
      6.177    -0.886    -0.528
      6.169    -0.883    -0.529
      6.162    -0.880    -0.530
      6.155    -0.877    -0.531
      6.148    -0.874    -0.532
      6.141    -0.871    -0.533
      6.134    -0.868    -0.534
      6.126    -0.865    -0.535
      6.119    -0.862    -0.536
      6.112    -0.859    -0.537
      6.105    -0.856    -0.538
      6.098    -0.853    -0.538
      6.090    -0.850    -0.539
      6.083    -0.847    -0.540
      6.076    -0.844    -0.541
      6.069    -0.841    -0.542
      6.062    -0.838    -0.543
      6.055    -0.835    -0.544
      6.047    -0.832    -0.545
      6.040    -0.828    -0.546
      6.033    -0.825    -0.547
      6.026    -0.822    -0.548
      6.018    -0.819    -0.548
      6.011    -0.816    -0.549
      6.004    -0.813    -0.550
      5.997    -0.810    -0.551
      5.989    -0.806    -0.552
      5.982    -0.803    -0.553
      5.975    -0.800    -0.554
      5.968    -0.797    -0.555
      5.961    -0.794    -0.556
      5.954    -0.791    -0.556
      5.947    -0.788    -0.557
      5.939    -0.785    -0.558
      5.932    -0.781    -0.559
      5.925    -0.778    -0.560
      5.918    -0.775    -0.561
      5.911    -0.772    -0.562
      5.903    -0.769    -0.562
      5.896    -0.765    -0.563
      5.889    -0.762    -0.564
      5.882    -0.759    -0.565
      5.875    -0.756    -0.566
      5.867    -0.753    -0.567
      5.860    -0.749    -0.567
      5.853    -0.746    -0.568
      5.847    -0.743    -0.569
      5.840    -0.740    -0.570
      5.834    -0.737    -0.570
      5.827    -0.734    -0.571
      5.820    -0.732    -0.572
      5.813    -0.728    -0.573
      5.806    -0.725    -0.574
      5.799    -0.722    -0.574
      5.792    -0.719    -0.575
      5.785    -0.715    -0.576
      5.778    -0.712    -0.577
      5.770    -0.709    -0.577
      5.763    -0.706    -0.578
      5.756    -0.702    -0.579
      5.749    -0.699    -0.580
      5.742    -0.696    -0.581
      5.735    -0.693    -0.581
      5.728    -0.689    -0.582
      5.720    -0.686    -0.583
      5.713    -0.683    -0.584
      5.706    -0.679    -0.584
      5.699    -0.676    -0.585
      5.692    -0.673    -0.586
      5.685    -0.670    -0.586
      5.677    -0.666    -0.587
      5.670    -0.663    -0.588
      5.663    -0.660    -0.589
      5.656    -0.656    -0.589
      5.649    -0.653    -0.590
      5.643    -0.650    -0.591
      5.636    -0.647    -0.591
      5.629    -0.644    -0.592
      5.623    -0.641    -0.593
      5.616    -0.638    -0.593
      5.609    -0.635    -0.594
      5.602    -0.631    -0.595
      5.595    -0.628    -0.595
      5.588    -0.625    -0.596
      5.580    -0.621    -0.597
      5.573    -0.618    -0.597
      5.566    -0.615    -0.598
      5.560    -0.612    -0.599
      5.553    -0.608    -0.599
      5.546    -0.605    -0.600
      5.540    -0.602    -0.600
      5.533    -0.599    -0.601
      5.527    -0.596    -0.601
      5.520    -0.593    -0.602
      5.514    -0.590    -0.603
      5.507    -0.587    -0.603
      5.501    -0.584    -0.604
      5.494    -0.581    -0.604
      5.487    -0.578    -0.605
      5.481    -0.575    -0.605
      5.475    -0.572    -0.606
      5.469    -0.569    -0.607
      5.463    -0.566    -0.607
      5.457    -0.563    -0.608
      5.450    -0.560    -0.608
      5.444    -0.557    -0.609
      5.437    -0.554    -0.609
      5.431    -0.550    -0.610
      5.424    -0.547    -0.610
      5.418    -0.544    -0.611
      5.411    -0.541    -0.611
      5.404    -0.538    -0.612
      5.397    -0.534    -0.612
      5.390    -0.531    -0.613
      5.383    -0.527    -0.614
      5.376    -0.524    -0.614
      5.368    -0.521    -0.615
      5.361    -0.517    -0.615
      5.354    -0.514    -0.616
      5.347    -0.510    -0.616
      5.340    -0.507    -0.617
      5.333    -0.503    -0.617
      5.326    -0.500    -0.618
      5.319    -0.497    -0.618
      5.312    -0.493    -0.619
      5.305    -0.490    -0.620
      5.298    -0.486    -0.620
      5.291    -0.483    -0.621
      5.284    -0.479    -0.621
      5.277    -0.476    -0.622
      5.270    -0.472    -0.622
      5.263    -0.469    -0.623
      5.256    -0.466    -0.623
      5.249    -0.462    -0.624
      5.242    -0.459    -0.624
      5.234    -0.455    -0.625
      5.227    -0.452    -0.625
      5.220    -0.448    -0.626
      5.213    -0.445    -0.626
      5.206    -0.441    -0.626
      5.199    -0.438    -0.627
      5.192    -0.434    -0.627
      5.185    -0.431    -0.628
      5.178    -0.427    -0.628
      5.171    -0.424    -0.629
      5.163    -0.420    -0.629
      5.156    -0.417    -0.630
      5.149    -0.413    -0.630
      5.143    -0.410    -0.630
      5.136    -0.407    -0.631
      5.128    -0.403    -0.631
      5.121    -0.400    -0.632
      5.114    -0.396    -0.632
      5.107    -0.393    -0.633
      5.100    -0.389    -0.633
      5.093    -0.385    -0.633
      5.086    -0.382    -0.634
      5.079    -0.378    -0.634
      5.072    -0.375    -0.635
      5.064    -0.371    -0.635
      5.057    -0.368    -0.635
      5.050    -0.364    -0.636
      5.043    -0.361    -0.636
      5.036    -0.357    -0.636
      5.030    -0.354    -0.637
      5.023    -0.351    -0.637
      5.017    -0.348    -0.638
      5.010    -0.344    -0.638
      5.003    -0.341    -0.638
      4.997    -0.338    -0.639
      4.990    -0.334    -0.639
      4.983    -0.331    -0.639
      4.976    -0.327    -0.640
      4.969    -0.324    -0.640
      4.962    -0.320    -0.640
      4.955    -0.317    -0.641
      4.948    -0.313    -0.641
      4.941    -0.310    -0.641
      4.934    -0.306    -0.642
      4.927    -0.303    -0.642
      4.920    -0.299    -0.642
      4.912    -0.296    -0.643
      4.905    -0.292    -0.643
      4.898    -0.289    -0.643
      4.891    -0.285    -0.643
      4.884    -0.282    -0.644
      4.877    -0.278    -0.644
      4.870    -0.275    -0.644
      4.863    -0.271    -0.645
      4.856    -0.268    -0.645
      4.849    -0.264    -0.645
      4.841    -0.260    -0.646
      4.834    -0.257    -0.646
      4.828    -0.254    -0.646
      4.821    -0.250    -0.646
      4.815    -0.247    -0.647
      4.808    -0.244    -0.647
      4.802    -0.241    -0.647
      4.795    -0.238    -0.647
      4.788    -0.234    -0.648
      4.781    -0.230    -0.648
      4.774    -0.227    -0.648
      4.767    -0.223    -0.648
      4.760    -0.220    -0.649
      4.753    -0.216    -0.649
      4.745    -0.213    -0.649
      4.739    -0.210    -0.649
      4.732    -0.206    -0.650
      4.726    -0.203    -0.650
      4.719    -0.200    -0.650
      4.713    -0.197    -0.650
      4.706    -0.194    -0.650
      4.700    -0.190    -0.651
      4.693    -0.187    -0.651
      4.687    -0.184    -0.651
      4.680    -0.181    -0.651
      4.674    -0.177    -0.652
      4.667    -0.174    -0.652
      4.661    -0.171    -0.652
      4.655    -0.168    -0.652
      4.649    -0.165    -0.652
      4.643    -0.162    -0.653
      4.636    -0.159    -0.653
      4.629    -0.156    -0.653
      4.622    -0.152    -0.653
      4.615    -0.149    -0.653
      4.608    -0.145    -0.654
      4.601    -0.142    -0.654
      4.594    -0.138    -0.654
      4.587    -0.135    -0.654
      4.580    -0.132    -0.654
      4.573    -0.128    -0.654
      4.566    -0.125    -0.655
      4.559    -0.121    -0.655
      4.551    -0.118    -0.655
      4.544    -0.114    -0.655
      4.537    -0.111    -0.655
      4.530    -0.107    -0.656
      4.523    -0.104    -0.656
      4.516    -0.101    -0.656
      4.508    -0.097    -0.656
      4.501    -0.094    -0.656
      4.494    -0.090    -0.656
      4.487    -0.087    -0.657
      4.480    -0.083    -0.657
      4.473    -0.080    -0.657
      4.466    -0.077    -0.657
      4.460    -0.074    -0.657
      4.453    -0.071    -0.657
      4.446    -0.067    -0.658
      4.440    -0.064    -0.658
      4.433    -0.061    -0.658
      4.426    -0.058    -0.658
      4.419    -0.054    -0.658
      4.412    -0.051    -0.658
      4.405    -0.048    -0.658
      4.397    -0.044    -0.659
      4.390    -0.041    -0.659
      4.383    -0.038    -0.659
      4.376    -0.034    -0.659
      4.370    -0.031    -0.659
      4.363    -0.028    -0.659
      4.357    -0.025    -0.659
      4.350    -0.022    -0.659
      4.343    -0.019    -0.660
      4.337    -0.016    -0.660
      4.330    -0.013    -0.660
      4.324    -0.010    -0.660
      4.317    -0.007    -0.660
      4.310    -0.004    -0.660
      4.304    -0.001    -0.660
      4.298     0.002    -0.660
      4.291     0.005    -0.660
      4.285     0.008    -0.661
      4.279     0.011    -0.661
      4.273     0.013    -0.661
      4.265     0.017    -0.661
      4.258     0.020    -0.661
      4.251     0.023    -0.661
      4.244     0.026    -0.661
      4.236     0.030    -0.661
      4.229     0.033    -0.661
      4.222     0.036    -0.662
      4.215     0.039    -0.662
      4.209     0.042    -0.662
      4.202     0.045    -0.662
      4.195     0.048    -0.662
      4.189     0.051    -0.662
      4.182     0.054    -0.662
      4.175     0.057    -0.662
      4.169     0.060    -0.662
      4.162     0.063    -0.662
      4.155     0.066    -0.662
      4.149     0.068    -0.663
      4.142     0.071    -0.663
      4.136     0.074    -0.663
      4.129     0.077    -0.663
      4.123     0.080    -0.663
      4.117     0.082    -0.663
      4.110     0.085    -0.663
      4.104     0.088    -0.663
      4.097     0.091    -0.663
      4.090     0.094    -0.663
      4.084     0.096    -0.663
      4.077     0.099    -0.664
      4.070     0.102    -0.664
      4.064     0.105    -0.664
      4.058     0.107    -0.664
      4.051     0.110    -0.664
      4.045     0.113    -0.664
      4.039     0.115    -0.664
      4.032     0.118    -0.664
      4.024     0.121    -0.664
      4.017     0.124    -0.664
      4.010     0.127    -0.664
      4.003     0.130    -0.664
      3.996     0.133    -0.664
      3.989     0.136    -0.664
      3.982     0.138    -0.665
      3.975     0.141    -0.665
      3.969     0.144    -0.665
      3.962     0.146    -0.665
      3.955     0.149    -0.665
      3.948     0.152    -0.665
      3.942     0.154    -0.665
      3.935     0.157    -0.665
      3.928     0.160    -0.665
      3.920     0.163    -0.665
      3.913     0.166    -0.665
      3.906     0.169    -0.665
      3.898     0.171    -0.665
      3.891     0.174    -0.665
      3.883     0.177    -0.665
      3.876     0.180    -0.665
      3.869     0.183    -0.666
      3.861     0.186    -0.666
      3.854     0.188    -0.666
      3.847     0.191    -0.666
      3.839     0.194    -0.666
      3.832     0.196    -0.666
      3.825     0.199    -0.666
      3.817     0.202    -0.666
      3.810     0.205    -0.666
      3.802     0.207    -0.666
      3.795     0.210    -0.666
      3.787     0.213    -0.666
      3.780     0.215    -0.666
      3.773     0.218    -0.666
      3.766     0.221    -0.666
      3.758     0.223    -0.666
      3.751     0.226    -0.666
      3.743     0.228    -0.666
      3.736     0.231    -0.666
      3.728     0.234    -0.666
      3.721     0.236    -0.666
      3.713     0.239    -0.667
      3.706     0.241    -0.667
      3.698     0.244    -0.667
      3.691     0.246    -0.667
      3.683     0.249    -0.667
      3.675     0.251    -0.667
      3.668     0.254    -0.667
      3.661     0.256    -0.667
      3.653     0.259    -0.667
      3.646     0.261    -0.667
      3.638     0.264    -0.667
      3.631     0.266    -0.667
      3.623     0.268    -0.667
      3.616     0.271    -0.667
      3.608     0.273    -0.667
      3.600     0.275    -0.667
      3.593     0.278    -0.667
      3.585     0.280    -0.667
      3.578     0.282    -0.667
      3.570     0.285    -0.667
      3.563     0.287    -0.667
      3.555     0.289    -0.667
      3.547     0.292    -0.667
      3.540     0.294    -0.667
      3.533     0.296    -0.667
      3.526     0.298    -0.667
      3.519     0.300    -0.667
      3.512     0.302    -0.667
      3.505     0.304    -0.667
      3.498     0.306    -0.667
      3.490     0.308    -0.667
      3.482     0.310    -0.667
      3.475     0.312    -0.668
      3.467     0.314    -0.668
      3.460     0.316    -0.668
      3.452     0.318    -0.668
      3.445     0.320    -0.668
      3.437     0.322    -0.668
      3.429     0.324    -0.668
      3.422     0.326    -0.668
      3.414     0.328    -0.668
      3.406     0.330    -0.668
      3.399     0.332    -0.668
      3.391     0.334    -0.668
      3.383     0.336    -0.668
      3.376     0.338    -0.668
      3.368     0.340    -0.668
      3.360     0.342    -0.668
      3.352     0.344    -0.668
      3.345     0.345    -0.668
      3.337     0.347    -0.668
      3.329     0.349    -0.668
      3.322     0.351    -0.668
      3.314     0.352    -0.668
      3.307     0.354    -0.668
      3.300     0.356    -0.668
      3.293     0.357    -0.668
      3.286     0.359    -0.668
      3.279     0.360    -0.668
      3.271     0.362    -0.668
      3.263     0.363    -0.668
      3.256     0.365    -0.668
      3.248     0.367    -0.668
      3.240     0.368    -0.668
      3.232     0.370    -0.668
      3.224     0.371    -0.668
      3.217     0.373    -0.668
      3.210     0.374    -0.668
      3.203     0.375    -0.668
      3.196     0.377    -0.668
      3.189     0.378    -0.668
      3.182     0.379    -0.668
      3.174     0.381    -0.668
      3.167     0.382    -0.668
      3.160     0.383    -0.668
      3.153     0.385    -0.668
      3.146     0.386    -0.668
      3.139     0.387    -0.668
      3.132     0.388    -0.668
      3.125     0.389    -0.668
      3.118     0.390    -0.668
      3.111     0.391    -0.668
      3.105     0.392    -0.668
      3.097     0.394    -0.668
      3.089     0.395    -0.668
      3.081     0.396    -0.668
      3.073     0.397    -0.668
      3.065     0.398    -0.668
      3.058     0.399    -0.668
      3.050     0.400    -0.668
      3.042     0.401    -0.668
      3.035     0.402    -0.668
      3.027     0.403    -0.668
      3.019     0.404    -0.668
      3.011     0.405    -0.668
      3.003     0.406    -0.668
      2.995     0.407    -0.668
      2.987     0.408    -0.668
      2.979     0.409    -0.668
      2.972     0.410    -0.668
      2.964     0.411    -0.668
      2.956     0.412    -0.668
      2.948     0.412    -0.668
      2.940     0.413    -0.668
      2.932     0.414    -0.668
      2.924     0.415    -0.668
      2.917     0.415    -0.668
      2.910     0.416    -0.668
      2.902     0.417    -0.668
      2.895     0.417    -0.668
      2.888     0.418    -0.668
      2.881     0.418    -0.668
      2.873     0.419    -0.668
      2.865     0.420    -0.668
      2.857     0.420    -0.668
      2.849     0.421    -0.668
      2.841     0.421    -0.668
      2.833     0.422    -0.668
      2.825     0.422    -0.668
      2.818     0.422    -0.668
      2.811     0.423    -0.668
      2.803     0.423    -0.668
      2.796     0.424    -0.668
      2.789     0.424    -0.668
      2.782     0.424    -0.668
      2.774     0.424    -0.668
      2.767     0.425    -0.668
      2.760     0.425    -0.668
      2.752     0.425    -0.668
      2.745     0.425    -0.668
      2.738     0.426    -0.668
      2.731     0.426    -0.668
      2.724     0.426    -0.668
      2.717     0.426    -0.668
      2.710     0.426    -0.668
      2.704     0.426    -0.668
      2.696     0.426    -0.668
      2.688     0.426    -0.668
      2.680     0.426    -0.668
      2.672     0.426    -0.668
      2.664     0.426    -0.668
      2.656     0.426    -0.668
      2.648     0.426    -0.668
      2.641     0.426    -0.668
      2.634     0.426    -0.668
      2.626     0.426    -0.668
      2.619     0.426    -0.668
      2.612     0.426    -0.668
      2.604     0.426    -0.668
      2.597     0.425    -0.668
      2.590     0.425    -0.668
      2.583     0.425    -0.668
      2.575     0.425    -0.668
      2.568     0.424    -0.668
      2.561     0.424    -0.668
      2.554     0.424    -0.668
      2.547     0.423    -0.668
      2.540     0.423    -0.668
      2.533     0.423    -0.668
      2.527     0.422    -0.668
      2.519     0.422    -0.668
      2.512     0.422    -0.668
      2.505     0.421    -0.668
      2.497     0.421    -0.668
      2.490     0.420    -0.668
      2.483     0.420    -0.668
      2.476     0.419    -0.668
      2.469     0.419    -0.668
      2.462     0.418    -0.668
      2.456     0.418    -0.668
      2.449     0.417    -0.668
      2.441     0.416    -0.668
      2.433     0.416    -0.668
      2.426     0.415    -0.668
      2.418     0.414    -0.668
      2.411     0.413    -0.668
      2.403     0.413    -0.668
      2.395     0.412    -0.668
      2.388     0.411    -0.668
      2.380     0.410    -0.668
      2.372     0.409    -0.668
      2.364     0.408    -0.668
      2.356     0.408    -0.668
      2.348     0.407    -0.668
      2.341     0.406    -0.668
      2.333     0.405    -0.668
      2.325     0.404    -0.668
      2.317     0.403    -0.668
      2.310     0.402    -0.668
      2.302     0.400    -0.668
      2.294     0.399    -0.668
      2.286     0.398    -0.668
      2.278     0.397    -0.668
      2.270     0.396    -0.668
      2.262     0.395    -0.668
      2.255     0.393    -0.668
      2.247     0.392    -0.668
      2.239     0.391    -0.668
      2.231     0.390    -0.668
      2.223     0.388    -0.668
      2.215     0.387    -0.668
      2.208     0.386    -0.668
      2.200     0.384    -0.668
      2.193     0.383    -0.668
      2.186     0.382    -0.668
      2.179     0.380    -0.668
      2.172     0.379    -0.668
      2.165     0.378    -0.668
      2.157     0.376    -0.668
      2.149     0.375    -0.668
      2.141     0.373    -0.668
      2.134     0.372    -0.668
      2.126     0.370    -0.668
      2.118     0.368    -0.668
      2.110     0.367    -0.668
      2.103     0.365    -0.668
      2.096     0.364    -0.668
      2.089     0.362    -0.668
      2.082     0.361    -0.668
      2.075     0.359    -0.668
      2.068     0.357    -0.668
      2.061     0.356    -0.668
      2.053     0.354    -0.668
      2.046     0.352    -0.668
      2.039     0.351    -0.668
      2.032     0.349    -0.668
      2.025     0.347    -0.668
      2.018     0.346    -0.668
      2.012     0.344    -0.668
      2.005     0.342    -0.668
      1.998     0.341    -0.668
      1.992     0.339    -0.668
      1.984     0.337    -0.668
      1.976     0.335    -0.668
      1.969     0.333    -0.668
      1.961     0.331    -0.668
      1.953     0.329    -0.668
      1.946     0.327    -0.668
      1.938     0.324    -0.668
      1.931     0.322    -0.668
      1.924     0.320    -0.668
      1.917     0.318    -0.668
      1.910     0.316    -0.668
      1.903     0.314    -0.668
      1.896     0.312    -0.668
      1.889     0.310    -0.668
      1.882     0.308    -0.668
      1.875     0.306    -0.668
      1.868     0.304    -0.668
      1.861     0.302    -0.668
      1.854     0.300    -0.669
      1.848     0.298    -0.669
      1.841     0.296    -0.669
      1.835     0.294    -0.669
      1.828     0.291    -0.669
      1.822     0.289    -0.669
      1.815     0.287    -0.669
      1.808     0.285    -0.669
      1.801     0.283    -0.669
      1.794     0.280    -0.669
      1.787     0.278    -0.669
      1.780     0.276    -0.669
      1.774     0.273    -0.669
      1.767     0.271    -0.669
      1.761     0.269    -0.669
      1.754     0.267    -0.669
      1.748     0.264    -0.669
      1.741     0.262    -0.669
      1.733     0.259    -0.669
      1.726     0.257    -0.669
      1.719     0.254    -0.669
      1.712     0.251    -0.669
      1.705     0.249    -0.669
      1.697     0.246    -0.669
      1.690     0.243    -0.669
      1.683     0.241    -0.669
      1.675     0.238    -0.669
      1.668     0.235    -0.669
      1.661     0.232    -0.669
      1.653     0.229    -0.669
      1.646     0.226    -0.669
      1.638     0.224    -0.669
      1.632     0.221    -0.669
      1.625     0.218    -0.669
      1.618     0.215    -0.669
      1.611     0.213    -0.669
      1.605     0.210    -0.669
      1.598     0.207    -0.669
      1.591     0.204    -0.669
      1.584     0.202    -0.669
      1.578     0.199    -0.669
      1.571     0.196    -0.669
      1.564     0.193    -0.669
      1.558     0.190    -0.669
      1.551     0.188    -0.669
      1.545     0.185    -0.669
      1.539     0.182    -0.669
      1.532     0.179    -0.669
      1.526     0.177    -0.669
      1.519     0.174    -0.669
      1.513     0.171    -0.669
      1.506     0.168    -0.669
      1.500     0.165    -0.669
      1.493     0.162    -0.669
      1.486     0.159    -0.669
      1.480     0.156    -0.669
      1.474     0.153    -0.669
      1.468     0.150    -0.669
      1.461     0.147    -0.669
      1.455     0.145    -0.669
      1.448     0.141    -0.669
      1.441     0.138    -0.669
      1.434     0.135    -0.669
      1.427     0.131    -0.669
      1.421     0.128    -0.669
      1.414     0.125    -0.669
      1.407     0.121    -0.669
      1.400     0.118    -0.669
      1.393     0.115    -0.669
      1.387     0.112    -0.669
      1.380     0.108    -0.669
      1.374     0.105    -0.669
      1.367     0.102    -0.669
      1.361     0.099    -0.669
      1.355     0.095    -0.669
      1.349     0.092    -0.669
      1.343     0.089    -0.669
      1.336     0.086    -0.669
      1.330     0.083    -0.669
      1.324     0.079    -0.669
      1.317     0.076    -0.669
      1.310     0.072    -0.669
      1.303     0.069    -0.669
      1.296     0.065    -0.669
      1.290     0.061    -0.669
      1.283     0.058    -0.669
      1.276     0.054    -0.669
      1.270     0.050    -0.669
      1.263     0.047    -0.669
      1.256     0.043    -0.669
      1.249     0.039    -0.669
      1.243     0.035    -0.669
      1.236     0.032    -0.669
      1.229     0.028    -0.669
      1.223     0.024    -0.669
      1.216     0.020    -0.669
      1.209     0.016    -0.669
      1.202     0.012    -0.669
      1.195     0.008    -0.669
      1.188     0.004    -0.669
      1.181     0.000    -0.669
