Count of Points:874

WCS coordinates of Points:
      1.181     0.000    -1.582
      1.186     0.005    -1.582
      1.191     0.010    -1.582
      1.197     0.015    -1.582
      1.202     0.020    -1.582
      1.207     0.025    -1.582
      1.212     0.030    -1.582
      1.218     0.034    -1.582
      1.223     0.039    -1.582
      1.228     0.044    -1.582
      1.234     0.049    -1.582
      1.239     0.053    -1.582
      1.244     0.058    -1.582
      1.250     0.063    -1.582
      1.255     0.068    -1.582
      1.261     0.072    -1.582
      1.266     0.077    -1.582
      1.272     0.082    -1.582
      1.278     0.086    -1.582
      1.283     0.091    -1.581
      1.289     0.095    -1.581
      1.294     0.100    -1.581
      1.300     0.104    -1.581
      1.306     0.109    -1.581
      1.312     0.114    -1.581
      1.318     0.119    -1.581
      1.325     0.123    -1.581
      1.331     0.128    -1.581
      1.337     0.133    -1.581
      1.343     0.137    -1.581
      1.349     0.142    -1.581
      1.355     0.146    -1.581
      1.361     0.150    -1.581
      1.366     0.154    -1.581
      1.372     0.159    -1.580
      1.378     0.163    -1.580
      1.385     0.167    -1.580
      1.391     0.172    -1.580
      1.398     0.176    -1.580
      1.404     0.181    -1.580
      1.411     0.185    -1.580
      1.417     0.190    -1.580
      1.424     0.194    -1.580
      1.431     0.198    -1.580
      1.437     0.203    -1.580
      1.444     0.207    -1.579
      1.451     0.211    -1.579
      1.457     0.215    -1.579
      1.464     0.219    -1.579
      1.471     0.224    -1.579
      1.477     0.227    -1.579
      1.483     0.231    -1.579
      1.489     0.235    -1.579
      1.495     0.239    -1.579
      1.501     0.242    -1.579
      1.508     0.246    -1.579
      1.514     0.250    -1.579
      1.521     0.254    -1.578
      1.528     0.258    -1.578
      1.535     0.261    -1.578
      1.541     0.265    -1.578
      1.548     0.269    -1.578
      1.555     0.273    -1.578
      1.562     0.277    -1.578
      1.569     0.281    -1.578
      1.576     0.285    -1.578
      1.583     0.288    -1.578
      1.590     0.292    -1.578
      1.597     0.296    -1.578
      1.604     0.299    -1.577
      1.611     0.303    -1.577
      1.618     0.306    -1.577
      1.625     0.310    -1.577
      1.632     0.313    -1.577
      1.639     0.317    -1.577
      1.646     0.321    -1.577
      1.654     0.324    -1.577
      1.661     0.327    -1.577
      1.668     0.331    -1.577
      1.675     0.334    -1.577
      1.682     0.338    -1.577
      1.689     0.341    -1.577
      1.696     0.344    -1.576
      1.703     0.348    -1.576
      1.711     0.351    -1.576
      1.718     0.354    -1.576
      1.725     0.357    -1.576
      1.732     0.360    -1.576
      1.738     0.363    -1.576
      1.745     0.366    -1.576
      1.752     0.369    -1.576
      1.758     0.372    -1.576
      1.765     0.375    -1.576
      1.772     0.377    -1.576
      1.779     0.381    -1.576
      1.786     0.384    -1.576
      1.794     0.387    -1.576
      1.801     0.390    -1.576
      1.808     0.393    -1.576
      1.816     0.395    -1.575
      1.823     0.398    -1.575
      1.831     0.401    -1.575
      1.838     0.404    -1.575
      1.845     0.407    -1.575
      1.853     0.410    -1.575
      1.860     0.413    -1.575
      1.867     0.415    -1.575
      1.875     0.418    -1.575
      1.882     0.421    -1.575
      1.890     0.423    -1.575
      1.897     0.426    -1.575
      1.905     0.429    -1.575
      1.912     0.431    -1.575
      1.919     0.434    -1.575
      1.927     0.437    -1.575
      1.934     0.439    -1.575
      1.942     0.442    -1.575
      1.949     0.444    -1.575
      1.957     0.447    -1.575
      1.964     0.449    -1.574
      1.972     0.452    -1.574
      1.979     0.454    -1.574
      1.987     0.456    -1.574
      1.995     0.459    -1.574
      2.002     0.461    -1.574
      2.010     0.463    -1.574
      2.017     0.466    -1.574
      2.025     0.468    -1.574
      2.033     0.470    -1.574
      2.040     0.473    -1.574
      2.048     0.475    -1.574
      2.055     0.477    -1.574
      2.063     0.479    -1.574
      2.070     0.481    -1.574
      2.078     0.483    -1.574
      2.086     0.485    -1.574
      2.093     0.487    -1.574
      2.101     0.490    -1.574
      2.109     0.492    -1.574
      2.116     0.494    -1.574
      2.124     0.496    -1.573
      2.132     0.498    -1.573
      2.140     0.499    -1.573
      2.147     0.501    -1.573
      2.155     0.503    -1.573
      2.163     0.505    -1.573
      2.171     0.507    -1.573
      2.178     0.509    -1.573
      2.185     0.510    -1.573
      2.192     0.512    -1.573
      2.199     0.514    -1.573
      2.206     0.515    -1.573
      2.213     0.517    -1.573
      2.220     0.518    -1.573
      2.227     0.520    -1.573
      2.234     0.521    -1.573
      2.241     0.523    -1.573
      2.249     0.524    -1.573
      2.256     0.526    -1.573
      2.263     0.527    -1.572
      2.270     0.529    -1.572
      2.278     0.530    -1.572
      2.286     0.532    -1.572
      2.294     0.533    -1.572
      2.302     0.535    -1.572
      2.310     0.536    -1.572
      2.317     0.538    -1.572
      2.325     0.539    -1.572
      2.333     0.540    -1.572
      2.341     0.542    -1.572
      2.349     0.543    -1.572
      2.356     0.544    -1.572
      2.364     0.545    -1.572
      2.372     0.547    -1.572
      2.379     0.548    -1.572
      2.387     0.549    -1.571
      2.395     0.550    -1.571
      2.403     0.551    -1.571
      2.411     0.553    -1.571
      2.419     0.554    -1.571
      2.426     0.555    -1.571
      2.434     0.556    -1.571
      2.442     0.557    -1.571
      2.450     0.558    -1.571
      2.458     0.559    -1.571
      2.466     0.560    -1.571
      2.473     0.561    -1.571
      2.481     0.562    -1.571
      2.489     0.563    -1.571
      2.497     0.564    -1.570
      2.505     0.565    -1.570
      2.513     0.565    -1.570
      2.521     0.566    -1.570
      2.529     0.567    -1.570
      2.537     0.568    -1.570
      2.544     0.569    -1.570
      2.552     0.569    -1.570
      2.560     0.570    -1.570
      2.568     0.571    -1.570
      2.576     0.572    -1.570
      2.584     0.572    -1.570
      2.592     0.573    -1.570
      2.600     0.573    -1.569
      2.607     0.574    -1.569
      2.615     0.575    -1.569
      2.623     0.575    -1.569
      2.631     0.576    -1.569
      2.639     0.576    -1.569
      2.647     0.577    -1.569
      2.655     0.577    -1.569
      2.663     0.578    -1.569
      2.671     0.578    -1.569
      2.679     0.579    -1.569
      2.686     0.579    -1.569
      2.694     0.579    -1.569
      2.701     0.580    -1.568
      2.708     0.580    -1.568
      2.715     0.580    -1.568
      2.723     0.581    -1.568
      2.731     0.581    -1.568
      2.739     0.581    -1.568
      2.747     0.581    -1.568
      2.755     0.582    -1.568
      2.762     0.582    -1.568
      2.770     0.582    -1.568
      2.778     0.582    -1.568
      2.786     0.582    -1.568
      2.794     0.582    -1.568
      2.802     0.583    -1.568
      2.810     0.583    -1.567
      2.818     0.583    -1.567
      2.826     0.583    -1.567
      2.833     0.583    -1.567
      2.841     0.583    -1.567
      2.849     0.583    -1.567
      2.857     0.583    -1.567
      2.865     0.583    -1.567
      2.873     0.583    -1.567
      2.881     0.583    -1.567
      2.889     0.583    -1.567
      2.897     0.583    -1.567
      2.905     0.582    -1.567
      2.912     0.582    -1.566
      2.920     0.582    -1.566
      2.927     0.582    -1.566
      2.934     0.582    -1.566
      2.942     0.582    -1.566
      2.949     0.581    -1.566
      2.957     0.581    -1.566
      2.965     0.581    -1.566
      2.973     0.581    -1.566
      2.981     0.580    -1.566
      2.989     0.580    -1.566
      2.997     0.580    -1.565
      3.005     0.579    -1.565
      3.012     0.579    -1.565
      3.019     0.579    -1.565
      3.026     0.578    -1.565
      3.034     0.578    -1.565
      3.041     0.578    -1.565
      3.048     0.577    -1.565
      3.056     0.577    -1.565
      3.063     0.576    -1.565
      3.070     0.576    -1.565
      3.078     0.576    -1.564
      3.085     0.575    -1.564
      3.092     0.575    -1.564
      3.099     0.574    -1.564
      3.106     0.574    -1.564
      3.113     0.573    -1.564
      3.120     0.573    -1.564
      3.126     0.572    -1.564
      3.134     0.572    -1.564
      3.141     0.571    -1.563
      3.148     0.571    -1.563
      3.155     0.570    -1.563
      3.162     0.569    -1.563
      3.170     0.569    -1.563
      3.177     0.568    -1.563
      3.185     0.567    -1.563
      3.193     0.567    -1.563
      3.201     0.566    -1.562
      3.208     0.565    -1.562
      3.216     0.564    -1.562
      3.224     0.564    -1.562
      3.232     0.563    -1.562
      3.240     0.562    -1.562
      3.248     0.561    -1.561
      3.256     0.560    -1.561
      3.264     0.560    -1.561
      3.271     0.559    -1.561
      3.279     0.558    -1.561
      3.287     0.557    -1.561
      3.295     0.556    -1.560
      3.303     0.555    -1.560
      3.311     0.554    -1.560
      3.318     0.553    -1.560
      3.326     0.552    -1.560
      3.334     0.551    -1.560
      3.342     0.550    -1.559
      3.350     0.549    -1.559
      3.357     0.548    -1.559
      3.365     0.547    -1.559
      3.373     0.546    -1.559
      3.381     0.545    -1.558
      3.389     0.544    -1.558
      3.397     0.543    -1.558
      3.405     0.542    -1.558
      3.413     0.541    -1.558
      3.420     0.540    -1.557
      3.428     0.539    -1.557
      3.436     0.538    -1.557
      3.444     0.537    -1.557
      3.452     0.536    -1.556
      3.460     0.534    -1.556
      3.467     0.533    -1.556
      3.475     0.532    -1.556
      3.483     0.531    -1.556
      3.491     0.530    -1.555
      3.499     0.529    -1.555
      3.506     0.527    -1.555
      3.514     0.526    -1.555
      3.522     0.525    -1.554
      3.530     0.524    -1.554
      3.538     0.522    -1.554
      3.546     0.521    -1.553
      3.554     0.520    -1.553
      3.561     0.519    -1.553
      3.569     0.517    -1.553
      3.577     0.516    -1.552
      3.585     0.515    -1.552
      3.593     0.513    -1.552
      3.600     0.512    -1.552
      3.607     0.511    -1.551
      3.614     0.510    -1.551
      3.622     0.509    -1.551
      3.629     0.507    -1.550
      3.636     0.506    -1.550
      3.644     0.505    -1.550
      3.652     0.503    -1.550
      3.659     0.502    -1.549
      3.667     0.501    -1.549
      3.675     0.499    -1.549
      3.683     0.498    -1.548
      3.690     0.496    -1.548
      3.698     0.495    -1.548
      3.706     0.494    -1.547
      3.714     0.492    -1.547
      3.721     0.491    -1.547
      3.729     0.489    -1.546
      3.737     0.488    -1.546
      3.745     0.486    -1.546
      3.753     0.485    -1.545
      3.760     0.483    -1.545
      3.768     0.482    -1.544
      3.776     0.480    -1.544
      3.784     0.479    -1.544
      3.792     0.477    -1.543
      3.800     0.476    -1.543
      3.807     0.474    -1.543
      3.815     0.473    -1.542
      3.822     0.471    -1.542
      3.829     0.470    -1.541
      3.837     0.469    -1.541
      3.844     0.467    -1.541
      3.851     0.466    -1.540
      3.858     0.464    -1.540
      3.866     0.463    -1.539
      3.874     0.461    -1.539
      3.881     0.460    -1.539
      3.889     0.458    -1.538
      3.897     0.457    -1.538
      3.905     0.455    -1.537
      3.913     0.453    -1.537
      3.920     0.452    -1.536
      3.927     0.450    -1.536
      3.934     0.449    -1.536
      3.941     0.447    -1.535
      3.948     0.446    -1.535
      3.955     0.444    -1.534
      3.963     0.443    -1.534
      3.970     0.441    -1.533
      3.977     0.440    -1.533
      3.984     0.438    -1.532
      3.991     0.437    -1.532
      3.998     0.435    -1.531
      4.005     0.434    -1.531
      4.012     0.433    -1.531
      4.018     0.431    -1.530
      4.025     0.430    -1.530
      4.032     0.428    -1.529
      4.040     0.427    -1.529
      4.047     0.425    -1.528
      4.055     0.423    -1.528
      4.063     0.422    -1.527
      4.071     0.420    -1.526
      4.078     0.418    -1.526
      4.086     0.417    -1.525
      4.093     0.415    -1.525
      4.101     0.413    -1.524
      4.109     0.412    -1.524
      4.117     0.410    -1.523
      4.124     0.408    -1.522
      4.132     0.407    -1.522
      4.140     0.405    -1.521
      4.148     0.403    -1.521
      4.155     0.401    -1.520
      4.163     0.400    -1.519
      4.171     0.398    -1.519
      4.179     0.396    -1.518
      4.186     0.395    -1.517
      4.194     0.393    -1.517
      4.202     0.391    -1.516
      4.210     0.389    -1.516
      4.217     0.388    -1.515
      4.224     0.386    -1.514
      4.231     0.385    -1.514
      4.238     0.383    -1.513
      4.245     0.382    -1.512
      4.252     0.380    -1.512
      4.260     0.378    -1.511
      4.268     0.376    -1.510
      4.275     0.375    -1.510
      4.283     0.373    -1.509
      4.291     0.371    -1.508
      4.299     0.370    -1.507
      4.306     0.368    -1.507
      4.313     0.366    -1.506
      4.320     0.365    -1.505
      4.328     0.363    -1.505
      4.335     0.361    -1.504
      4.342     0.360    -1.503
      4.349     0.358    -1.503
      4.356     0.357    -1.502
      4.363     0.355    -1.501
      4.370     0.353    -1.500
      4.377     0.352    -1.500
      4.384     0.350    -1.499
      4.391     0.349    -1.498
      4.398     0.347    -1.497
      4.405     0.346    -1.497
      4.411     0.344    -1.496
      4.418     0.343    -1.495
      4.425     0.341    -1.495
      4.432     0.339    -1.494
      4.440     0.338    -1.493
      4.448     0.336    -1.492
      4.456     0.334    -1.491
      4.463     0.332    -1.490
      4.471     0.331    -1.489
      4.479     0.329    -1.489
      4.486     0.327    -1.488
      4.493     0.326    -1.487
      4.500     0.324    -1.486
      4.507     0.322    -1.485
      4.514     0.321    -1.485
      4.521     0.319    -1.484
      4.528     0.318    -1.483
      4.535     0.316    -1.482
      4.542     0.314    -1.481
      4.550     0.313    -1.480
      4.557     0.311    -1.479
      4.564     0.310    -1.479
      4.570     0.308    -1.478
      4.577     0.307    -1.477
      4.584     0.305    -1.476
      4.590     0.303    -1.475
      4.597     0.302    -1.474
      4.604     0.300    -1.473
      4.611     0.299    -1.473
      4.618     0.297    -1.472
      4.625     0.296    -1.471
      4.632     0.294    -1.470
      4.639     0.292    -1.469
      4.646     0.291    -1.468
      4.653     0.289    -1.467
      4.659     0.288    -1.466
      4.666     0.286    -1.465
      4.673     0.285    -1.464
      4.680     0.283    -1.463
      4.687     0.281    -1.462
      4.695     0.280    -1.461
      4.702     0.278    -1.460
      4.710     0.276    -1.459
      4.717     0.275    -1.458
      4.725     0.273    -1.457
      4.732     0.271    -1.456
      4.739     0.270    -1.455
      4.746     0.268    -1.454
      4.753     0.267    -1.453
      4.760     0.265    -1.452
      4.767     0.263    -1.451
      4.774     0.262    -1.450
      4.781     0.260    -1.449
      4.788     0.258    -1.448
      4.796     0.257    -1.446
      4.804     0.255    -1.445
      4.811     0.253    -1.444
      4.819     0.251    -1.443
      4.827     0.250    -1.442
      4.834     0.248    -1.440
      4.842     0.246    -1.439
      4.850     0.244    -1.438
      4.857     0.243    -1.437
      4.865     0.241    -1.435
      4.872     0.239    -1.434
      4.880     0.238    -1.433
      4.887     0.236    -1.432
      4.895     0.234    -1.430
      4.903     0.232    -1.429
      4.910     0.231    -1.428
      4.918     0.229    -1.427
      4.926     0.227    -1.425
      4.933     0.225    -1.424
      4.941     0.224    -1.423
      4.948     0.222    -1.421
      4.956     0.220    -1.420
      4.963     0.218    -1.419
      4.971     0.217    -1.417
      4.979     0.215    -1.416
      4.986     0.213    -1.415
      4.994     0.211    -1.413
      5.001     0.210    -1.412
      5.009     0.208    -1.410
      5.017     0.206    -1.409
      5.024     0.204    -1.407
      5.032     0.203    -1.406
      5.040     0.201    -1.405
      5.047     0.199    -1.403
      5.055     0.197    -1.402
      5.062     0.196    -1.400
      5.070     0.194    -1.399
      5.077     0.192    -1.397
      5.085     0.190    -1.396
      5.092     0.189    -1.394
      5.100     0.187    -1.393
      5.108     0.185    -1.391
      5.115     0.183    -1.390
      5.123     0.182    -1.388
      5.130     0.180    -1.387
      5.138     0.178    -1.385
      5.146     0.176    -1.384
      5.153     0.174    -1.382
      5.161     0.173    -1.381
      5.168     0.171    -1.379
      5.176     0.169    -1.377
      5.184     0.167    -1.376
      5.191     0.166    -1.374
      5.197     0.164    -1.373
      5.204     0.162    -1.371
      5.211     0.161    -1.370
      5.218     0.159    -1.368
      5.225     0.157    -1.367
      5.233     0.156    -1.365
      5.240     0.154    -1.364
      5.248     0.152    -1.362
      5.256     0.150    -1.360
      5.263     0.148    -1.359
      5.271     0.147    -1.357
      5.278     0.145    -1.355
      5.285     0.143    -1.354
      5.293     0.141    -1.352
      5.300     0.140    -1.350
      5.308     0.138    -1.348
      5.315     0.136    -1.347
      5.323     0.134    -1.345
      5.331     0.132    -1.343
      5.338     0.130    -1.342
      5.346     0.129    -1.340
      5.353     0.127    -1.338
      5.361     0.125    -1.336
      5.368     0.123    -1.334
      5.376     0.121    -1.333
      5.383     0.120    -1.331
      5.391     0.118    -1.329
      5.398     0.116    -1.327
      5.405     0.114    -1.326
      5.412     0.112    -1.324
      5.419     0.111    -1.322
      5.426     0.109    -1.321
      5.433     0.107    -1.319
      5.440     0.106    -1.317
      5.447     0.104    -1.315
      5.455     0.102    -1.314
      5.462     0.100    -1.312
      5.470     0.098    -1.310
      5.477     0.096    -1.308
      5.485     0.095    -1.306
      5.493     0.093    -1.304
      5.499     0.091    -1.302
      5.506     0.089    -1.301
      5.513     0.088    -1.299
      5.520     0.086    -1.297
      5.527     0.084    -1.296
      5.534     0.082    -1.294
      5.541     0.081    -1.292
      5.548     0.079    -1.290
      5.554     0.077    -1.288
      5.561     0.076    -1.287
      5.568     0.074    -1.285
      5.575     0.072    -1.283
      5.581     0.071    -1.281
      5.588     0.069    -1.280
      5.594     0.067    -1.278
      5.601     0.066    -1.276
      5.607     0.064    -1.275
      5.615     0.062    -1.273
      5.622     0.060    -1.271
      5.630     0.058    -1.269
      5.637     0.056    -1.267
      5.645     0.054    -1.265
      5.652     0.053    -1.263
      5.659     0.051    -1.261
      5.667     0.049    -1.259
      5.674     0.047    -1.257
      5.681     0.045    -1.255
      5.689     0.043    -1.253
      5.696     0.041    -1.251
      5.704     0.039    -1.249
      5.711     0.037    -1.247
      5.719     0.035    -1.245
      5.726     0.033    -1.243
      5.734     0.032    -1.241
      5.741     0.030    -1.239
      5.748     0.028    -1.237
      5.756     0.026    -1.235
      5.763     0.024    -1.233
      5.771     0.022    -1.231
      5.778     0.020    -1.229
      5.785     0.018    -1.227
      5.792     0.016    -1.225
      5.799     0.014    -1.223
      5.806     0.013    -1.221
      5.812     0.011    -1.219
      5.819     0.009    -1.217
      5.827     0.007    -1.215
      5.834     0.005    -1.213
      5.841     0.003    -1.211
      5.849     0.001    -1.209
      5.856    -0.001    -1.207
      5.864    -0.003    -1.205
      5.871    -0.005    -1.203
      5.878    -0.007    -1.201
      5.885    -0.009    -1.199
      5.892    -0.010    -1.197
      5.898    -0.012    -1.195
      5.905    -0.014    -1.193
      5.912    -0.016    -1.191
      5.919    -0.018    -1.189
      5.926    -0.020    -1.187
      5.932    -0.021    -1.185
      5.939    -0.023    -1.183
      5.946    -0.025    -1.181
      5.953    -0.027    -1.179
      5.959    -0.029    -1.178
      5.965    -0.031    -1.176
      5.972    -0.032    -1.174
      5.978    -0.034    -1.172
      5.985    -0.036    -1.170
      5.992    -0.038    -1.168
      5.999    -0.040    -1.166
      6.007    -0.042    -1.164
      6.014    -0.044    -1.162
      6.022    -0.046    -1.160
      6.029    -0.048    -1.158
      6.036    -0.050    -1.155
      6.043    -0.052    -1.153
      6.050    -0.054    -1.151
      6.057    -0.056    -1.150
      6.063    -0.058    -1.148
      6.070    -0.060    -1.146
      6.077    -0.062    -1.144
      6.084    -0.064    -1.142
      6.090    -0.066    -1.140
      6.097    -0.068    -1.138
      6.104    -0.070    -1.136
      6.111    -0.071    -1.134
      6.118    -0.073    -1.132
      6.124    -0.075    -1.130
      6.130    -0.077    -1.128
      6.137    -0.079    -1.126
      6.143    -0.081    -1.124
      6.149    -0.083    -1.123
      6.156    -0.085    -1.121
      6.163    -0.087    -1.119
      6.170    -0.089    -1.117
      6.176    -0.091    -1.115
      6.183    -0.093    -1.113
      6.190    -0.094    -1.111
      6.196    -0.096    -1.109
      6.203    -0.098    -1.107
      6.209    -0.100    -1.105
      6.215    -0.102    -1.103
      6.222    -0.104    -1.102
      6.229    -0.106    -1.100
      6.236    -0.108    -1.097
      6.243    -0.110    -1.095
      6.250    -0.112    -1.093
      6.257    -0.114    -1.091
      6.264    -0.117    -1.089
      6.271    -0.119    -1.087
      6.278    -0.121    -1.085
      6.286    -0.123    -1.083
      6.293    -0.125    -1.081
      6.300    -0.127    -1.079
      6.308    -0.130    -1.077
      6.315    -0.132    -1.075
      6.322    -0.134    -1.072
      6.329    -0.136    -1.070
      6.337    -0.138    -1.068
      6.344    -0.141    -1.066
      6.351    -0.143    -1.064
      6.358    -0.145    -1.062
      6.366    -0.147    -1.060
      6.373    -0.150    -1.058
      6.381    -0.152    -1.056
      6.388    -0.154    -1.054
      6.395    -0.156    -1.052
      6.403    -0.159    -1.049
      6.410    -0.161    -1.047
      6.417    -0.163    -1.045
      6.425    -0.166    -1.043
      6.432    -0.168    -1.041
      6.439    -0.170    -1.039
      6.447    -0.172    -1.037
      6.453    -0.175    -1.035
      6.460    -0.177    -1.033
      6.467    -0.179    -1.031
      6.474    -0.181    -1.029
      6.480    -0.183    -1.028
      6.487    -0.185    -1.026
      6.494    -0.187    -1.024
      6.502    -0.190    -1.022
      6.509    -0.192    -1.020
      6.516    -0.194    -1.018
      6.524    -0.197    -1.016
      6.531    -0.199    -1.014
      6.538    -0.201    -1.012
      6.545    -0.203    -1.010
      6.552    -0.206    -1.008
      6.559    -0.208    -1.006
      6.565    -0.210    -1.004
      6.572    -0.212    -1.002
      6.579    -0.214    -1.001
      6.586    -0.216    -0.999
      6.592    -0.219    -0.997
      6.599    -0.221    -0.995
      6.606    -0.223    -0.993
      6.612    -0.225    -0.992
      6.619    -0.227    -0.990
      6.626    -0.229    -0.988
      6.632    -0.231    -0.986
      6.638    -0.233    -0.985
      6.645    -0.235    -0.983
      6.651    -0.237    -0.981
      6.658    -0.240    -0.980
      6.666    -0.242    -0.978
      6.673    -0.244    -0.976
      6.680    -0.247    -0.974
      6.688    -0.249    -0.972
      6.695    -0.252    -0.970
      6.703    -0.254    -0.968
      6.709    -0.256    -0.966
      6.716    -0.258    -0.965
      6.723    -0.260    -0.963
      6.730    -0.263    -0.961
      6.736    -0.265    -0.960
      6.743    -0.267    -0.958
      6.750    -0.269    -0.956
      6.757    -0.271    -0.955
      6.763    -0.273    -0.953
      6.770    -0.276    -0.951
      6.777    -0.278    -0.950
      6.784    -0.280    -0.948
      6.790    -0.282    -0.946
      6.797    -0.284    -0.945
      6.803    -0.286    -0.943
      6.809    -0.288    -0.942
      6.816    -0.290    -0.940
      6.822    -0.292    -0.939
      6.829    -0.295    -0.937
      6.836    -0.297    -0.935
      6.843    -0.299    -0.934
      6.850    -0.301    -0.932
      6.856    -0.303    -0.931
      6.863    -0.305    -0.929
      6.869    -0.307    -0.928
      6.876    -0.309    -0.926
      6.882    -0.311    -0.925
      6.888    -0.313    -0.923
      6.896    -0.316    -0.922
      6.903    -0.318    -0.920
      6.910    -0.320    -0.918
      6.917    -0.322    -0.917
      6.924    -0.325    -0.915
      6.931    -0.327    -0.914
      6.939    -0.329    -0.912
      6.946    -0.331    -0.911
      6.953    -0.334    -0.909
      6.961    -0.336    -0.907
      6.968    -0.338    -0.906
      6.976    -0.341    -0.904
      6.983    -0.343    -0.902
      6.991    -0.345    -0.901
      6.998    -0.347    -0.899
      7.005    -0.350    -0.898
      7.012    -0.352    -0.896
      7.019    -0.354    -0.895
      7.025    -0.356    -0.894
      7.032    -0.358    -0.892
      7.039    -0.360    -0.891
      7.046    -0.362    -0.889
      7.053    -0.364    -0.888
      7.060    -0.366    -0.887
      7.067    -0.368    -0.885
      7.073    -0.370    -0.884
      7.080    -0.372    -0.883
      7.087    -0.374    -0.881
      7.093    -0.376    -0.880
      7.100    -0.378    -0.879
      7.106    -0.380    -0.878
      7.113    -0.382    -0.876
      7.120    -0.384    -0.875
      7.127    -0.386    -0.874
      7.133    -0.388    -0.872
      7.140    -0.390    -0.871
      7.147    -0.392    -0.870
      7.154    -0.394    -0.869
      7.161    -0.396    -0.867
      7.167    -0.398    -0.866
      7.174    -0.399    -0.865
      7.180    -0.401    -0.864
      7.187    -0.403    -0.863
      7.194    -0.405    -0.861
      7.201    -0.407    -0.860
      7.209    -0.409    -0.859
      7.216    -0.411    -0.858
      7.223    -0.413    -0.856
      7.231    -0.415    -0.855
      7.238    -0.417    -0.854
      7.245    -0.419    -0.853
      7.252    -0.421    -0.851
      7.259    -0.423    -0.850
      7.266    -0.425    -0.849
      7.273    -0.427    -0.848
      7.280    -0.429    -0.847
      7.287    -0.431    -0.846
      7.294    -0.432    -0.845
      7.300    -0.434    -0.844
      7.307    -0.436    -0.842
      7.313    -0.437    -0.841
      7.320    -0.439    -0.840
      7.327    -0.441    -0.839
      7.335    -0.443    -0.838
      7.342    -0.445    -0.837
      7.349    -0.447    -0.836
      7.357    -0.448    -0.835
      7.364    -0.450    -0.834
      7.371    -0.452    -0.832
      7.379    -0.454    -0.831
      7.386    -0.456    -0.830
      7.394    -0.457    -0.829
      7.401    -0.459    -0.828
      7.408    -0.461    -0.827
      7.416    -0.463    -0.826
      7.423    -0.464    -0.825
      7.431    -0.466    -0.824
      7.438    -0.468    -0.823
      7.446    -0.470    -0.822
      7.454    -0.471    -0.821
      7.461    -0.473    -0.819
      7.469    -0.475    -0.818
      7.477    -0.477    -0.817
      7.485    -0.478    -0.816
