Count of Points:874

WCS coordinates of Points:
      7.380    -1.336    -0.346
      7.373    -1.335    -0.347
      7.366    -1.333    -0.347
      7.359    -1.332    -0.348
      7.352    -1.330    -0.349
      7.345    -1.328    -0.349
      7.338    -1.327    -0.350
      7.331    -1.325    -0.351
      7.324    -1.324    -0.351
      7.318    -1.322    -0.352
      7.311    -1.321    -0.353
      7.304    -1.319    -0.353
      7.297    -1.318    -0.354
      7.290    -1.316    -0.355
      7.283    -1.314    -0.355
      7.276    -1.313    -0.356
      7.269    -1.311    -0.357
      7.262    -1.309    -0.357
      7.255    -1.308    -0.358
      7.248    -1.306    -0.359
      7.241    -1.304    -0.359
      7.234    -1.303    -0.360
      7.227    -1.301    -0.361
      7.220    -1.299    -0.361
      7.212    -1.297    -0.362
      7.204    -1.295    -0.363
      7.197    -1.294    -0.364
      7.189    -1.292    -0.365
      7.182    -1.290    -0.365
      7.175    -1.288    -0.366
      7.168    -1.286    -0.367
      7.161    -1.284    -0.367
      7.154    -1.283    -0.368
      7.147    -1.281    -0.369
      7.140    -1.279    -0.370
      7.133    -1.277    -0.370
      7.125    -1.275    -0.371
      7.118    -1.273    -0.372
      7.110    -1.271    -0.373
      7.102    -1.269    -0.373
      7.095    -1.267    -0.374
      7.087    -1.265    -0.375
      7.080    -1.263    -0.376
      7.072    -1.260    -0.377
      7.064    -1.258    -0.378
      7.057    -1.256    -0.378
      7.049    -1.254    -0.379
      7.042    -1.252    -0.380
      7.034    -1.250    -0.381
      7.027    -1.248    -0.382
      7.020    -1.246    -0.382
      7.013    -1.244    -0.383
      7.006    -1.242    -0.384
      7.000    -1.240    -0.385
      6.993    -1.238    -0.385
      6.986    -1.236    -0.386
      6.979    -1.234    -0.387
      6.971    -1.231    -0.388
      6.964    -1.229    -0.389
      6.956    -1.227    -0.389
      6.949    -1.224    -0.390
      6.941    -1.222    -0.391
      6.934    -1.220    -0.392
      6.926    -1.218    -0.393
      6.919    -1.215    -0.394
      6.911    -1.213    -0.395
      6.904    -1.211    -0.395
      6.896    -1.208    -0.396
      6.889    -1.206    -0.397
      6.881    -1.204    -0.398
      6.874    -1.201    -0.399
      6.866    -1.199    -0.400
      6.859    -1.196    -0.400
      6.851    -1.194    -0.401
      6.844    -1.191    -0.402
      6.837    -1.189    -0.403
      6.829    -1.187    -0.404
      6.822    -1.184    -0.405
      6.814    -1.182    -0.406
      6.807    -1.179    -0.407
      6.800    -1.177    -0.407
      6.792    -1.174    -0.408
      6.785    -1.172    -0.409
      6.777    -1.169    -0.410
      6.770    -1.167    -0.411
      6.762    -1.164    -0.412
      6.755    -1.162    -0.413
      6.748    -1.159    -0.414
      6.741    -1.157    -0.414
      6.734    -1.155    -0.415
      6.728    -1.152    -0.416
      6.721    -1.150    -0.417
      6.714    -1.148    -0.418
      6.707    -1.145    -0.418
      6.700    -1.143    -0.419
      6.693    -1.140    -0.420
      6.685    -1.137    -0.421
      6.678    -1.135    -0.422
      6.670    -1.132    -0.423
      6.663    -1.129    -0.424
      6.655    -1.127    -0.425
      6.648    -1.124    -0.426
      6.641    -1.121    -0.427
      6.633    -1.119    -0.427
      6.626    -1.116    -0.428
      6.619    -1.113    -0.429
      6.611    -1.111    -0.430
      6.604    -1.108    -0.431
      6.597    -1.105    -0.432
      6.589    -1.102    -0.433
      6.582    -1.100    -0.434
      6.575    -1.097    -0.435
      6.567    -1.094    -0.435
      6.560    -1.091    -0.436
      6.553    -1.089    -0.437
      6.546    -1.086    -0.438
      6.538    -1.083    -0.439
      6.531    -1.080    -0.440
      6.524    -1.078    -0.441
      6.516    -1.075    -0.442
      6.509    -1.072    -0.443
      6.501    -1.069    -0.444
      6.494    -1.066    -0.444
      6.487    -1.063    -0.445
      6.479    -1.061    -0.446
      6.472    -1.058    -0.447
      6.465    -1.055    -0.448
      6.457    -1.052    -0.449
      6.450    -1.049    -0.450
      6.443    -1.046    -0.451
      6.436    -1.043    -0.452
      6.428    -1.041    -0.453
      6.421    -1.038    -0.453
      6.414    -1.035    -0.454
      6.407    -1.032    -0.455
      6.399    -1.029    -0.456
      6.392    -1.026    -0.457
      6.385    -1.023    -0.458
      6.377    -1.020    -0.459
      6.370    -1.017    -0.460
      6.363    -1.014    -0.461
      6.355    -1.011    -0.462
      6.348    -1.008    -0.462
      6.341    -1.005    -0.463
      6.333    -1.002    -0.464
      6.326    -0.999    -0.465
      6.319    -0.996    -0.466
      6.312    -0.994    -0.467
      6.305    -0.991    -0.468
      6.299    -0.988    -0.468
      6.292    -0.985    -0.469
      6.285    -0.982    -0.470
      6.279    -0.980    -0.471
      6.272    -0.977    -0.472
      6.265    -0.974    -0.473
      6.259    -0.971    -0.473
      6.252    -0.969    -0.474
      6.246    -0.966    -0.475
      6.239    -0.963    -0.476
      6.232    -0.960    -0.476
      6.225    -0.957    -0.477
      6.218    -0.954    -0.478
      6.211    -0.951    -0.479
      6.203    -0.948    -0.480
      6.196    -0.945    -0.481
      6.189    -0.942    -0.482
      6.182    -0.939    -0.483
      6.174    -0.936    -0.483
      6.167    -0.932    -0.484
      6.160    -0.929    -0.485
      6.153    -0.926    -0.486
      6.146    -0.923    -0.487
      6.139    -0.920    -0.488
      6.131    -0.917    -0.488
      6.124    -0.914    -0.489
      6.117    -0.911    -0.490
      6.110    -0.908    -0.491
      6.103    -0.904    -0.492
      6.095    -0.901    -0.493
      6.088    -0.898    -0.493
      6.081    -0.895    -0.494
      6.074    -0.892    -0.495
      6.067    -0.889    -0.496
      6.060    -0.886    -0.497
      6.053    -0.882    -0.498
      6.045    -0.879    -0.498
      6.038    -0.876    -0.499
      6.031    -0.873    -0.500
      6.024    -0.869    -0.501
      6.016    -0.866    -0.502
      6.009    -0.863    -0.502
      6.002    -0.860    -0.503
      5.995    -0.857    -0.504
      5.988    -0.853    -0.505
      5.980    -0.850    -0.506
      5.973    -0.847    -0.506
      5.966    -0.844    -0.507
      5.959    -0.840    -0.508
      5.952    -0.837    -0.509
      5.945    -0.834    -0.510
      5.938    -0.831    -0.510
      5.931    -0.827    -0.511
      5.923    -0.824    -0.512
      5.916    -0.821    -0.513
      5.909    -0.818    -0.513
      5.902    -0.814    -0.514
      5.895    -0.811    -0.515
      5.887    -0.808    -0.516
      5.880    -0.804    -0.516
      5.873    -0.801    -0.517
      5.866    -0.798    -0.518
      5.859    -0.794    -0.519
      5.852    -0.791    -0.519
      5.845    -0.788    -0.520
      5.838    -0.785    -0.521
      5.832    -0.782    -0.521
      5.825    -0.779    -0.522
      5.819    -0.776    -0.523
      5.812    -0.773    -0.523
      5.805    -0.769    -0.524
      5.798    -0.766    -0.525
      5.791    -0.763    -0.525
      5.784    -0.759    -0.526
      5.776    -0.756    -0.527
      5.769    -0.753    -0.528
      5.762    -0.749    -0.528
      5.755    -0.746    -0.529
      5.748    -0.743    -0.530
      5.741    -0.739    -0.530
      5.734    -0.736    -0.531
      5.727    -0.733    -0.532
      5.720    -0.729    -0.532
      5.713    -0.726    -0.533
      5.705    -0.722    -0.534
      5.698    -0.719    -0.534
      5.691    -0.716    -0.535
      5.684    -0.712    -0.535
      5.677    -0.709    -0.536
      5.670    -0.705    -0.537
      5.662    -0.702    -0.537
      5.655    -0.698    -0.538
      5.648    -0.695    -0.539
      5.642    -0.692    -0.539
      5.635    -0.689    -0.540
      5.629    -0.686    -0.540
      5.622    -0.682    -0.541
      5.615    -0.679    -0.541
      5.609    -0.676    -0.542
      5.602    -0.673    -0.543
      5.595    -0.669    -0.543
      5.588    -0.666    -0.544
      5.580    -0.662    -0.544
      5.573    -0.659    -0.545
      5.566    -0.655    -0.545
      5.559    -0.652    -0.546
      5.553    -0.649    -0.547
      5.546    -0.645    -0.547
      5.539    -0.642    -0.548
      5.533    -0.639    -0.548
      5.526    -0.636    -0.549
      5.520    -0.633    -0.549
      5.513    -0.629    -0.550
      5.507    -0.626    -0.550
      5.500    -0.623    -0.551
      5.494    -0.620    -0.551
      5.487    -0.617    -0.552
      5.481    -0.613    -0.552
      5.475    -0.610    -0.553
      5.469    -0.607    -0.553
      5.462    -0.604    -0.553
      5.456    -0.601    -0.554
      5.450    -0.598    -0.554
      5.444    -0.595    -0.555
      5.437    -0.592    -0.555
      5.431    -0.589    -0.556
      5.424    -0.585    -0.556
      5.418    -0.582    -0.557
      5.411    -0.579    -0.557
      5.405    -0.576    -0.558
      5.398    -0.572    -0.558
      5.391    -0.569    -0.559
      5.384    -0.565    -0.559
      5.377    -0.561    -0.560
      5.370    -0.558    -0.560
      5.363    -0.554    -0.561
      5.356    -0.551    -0.561
      5.348    -0.547    -0.561
      5.341    -0.544    -0.562
      5.334    -0.540    -0.562
      5.327    -0.537    -0.563
      5.320    -0.533    -0.563
      5.314    -0.530    -0.564
      5.307    -0.526    -0.564
      5.300    -0.522    -0.565
      5.292    -0.519    -0.565
      5.285    -0.515    -0.566
      5.278    -0.512    -0.566
      5.271    -0.508    -0.566
      5.264    -0.505    -0.567
      5.257    -0.501    -0.567
      5.251    -0.497    -0.568
      5.244    -0.494    -0.568
      5.237    -0.490    -0.568
      5.229    -0.487    -0.569
      5.222    -0.483    -0.569
      5.215    -0.479    -0.570
      5.208    -0.476    -0.570
      5.201    -0.472    -0.571
      5.194    -0.469    -0.571
      5.187    -0.465    -0.571
      5.180    -0.461    -0.572
      5.173    -0.458    -0.572
      5.166    -0.454    -0.572
      5.159    -0.451    -0.573
      5.152    -0.447    -0.573
      5.145    -0.443    -0.574
      5.138    -0.440    -0.574
      5.131    -0.436    -0.574
      5.124    -0.433    -0.575
      5.117    -0.429    -0.575
      5.110    -0.425    -0.575
      5.103    -0.422    -0.576
      5.096    -0.418    -0.576
      5.089    -0.415    -0.576
      5.082    -0.411    -0.577
      5.075    -0.407    -0.577
      5.068    -0.404    -0.577
      5.061    -0.400    -0.578
      5.054    -0.396    -0.578
      5.047    -0.393    -0.578
      5.040    -0.389    -0.579
      5.032    -0.385    -0.579
      5.026    -0.382    -0.579
      5.020    -0.379    -0.580
      5.013    -0.375    -0.580
      5.007    -0.372    -0.580
      5.000    -0.369    -0.580
      4.994    -0.365    -0.581
      4.987    -0.362    -0.581
      4.980    -0.358    -0.581
      4.973    -0.354    -0.582
      4.966    -0.351    -0.582
      4.958    -0.347    -0.582
      4.952    -0.343    -0.582
      4.945    -0.340    -0.583
      4.938    -0.336    -0.583
      4.931    -0.333    -0.583
      4.924    -0.329    -0.583
      4.917    -0.325    -0.584
      4.910    -0.322    -0.584
      4.903    -0.318    -0.584
      4.896    -0.314    -0.585
      4.889    -0.311    -0.585
      4.881    -0.307    -0.585
      4.874    -0.304    -0.585
      4.867    -0.300    -0.586
      4.860    -0.296    -0.586
      4.853    -0.293    -0.586
      4.846    -0.289    -0.586
      4.839    -0.285    -0.587
      4.832    -0.282    -0.587
      4.826    -0.278    -0.587
      4.819    -0.275    -0.587
      4.813    -0.272    -0.587
      4.806    -0.268    -0.588
      4.800    -0.265    -0.588
      4.793    -0.262    -0.588
      4.786    -0.258    -0.588
      4.779    -0.254    -0.589
      4.772    -0.251    -0.589
      4.765    -0.247    -0.589
      4.758    -0.243    -0.589
      4.751    -0.240    -0.589
      4.744    -0.236    -0.590
      4.737    -0.233    -0.590
      4.731    -0.229    -0.590
      4.724    -0.226    -0.590
      4.718    -0.223    -0.590
      4.711    -0.219    -0.591
      4.705    -0.216    -0.591
      4.698    -0.213    -0.591
      4.692    -0.210    -0.591
      4.686    -0.206    -0.591
      4.679    -0.203    -0.591
      4.673    -0.200    -0.592
      4.666    -0.196    -0.592
      4.660    -0.193    -0.592
      4.654    -0.190    -0.592
      4.648    -0.187    -0.592
      4.642    -0.184    -0.592
      4.635    -0.181    -0.593
      4.628    -0.177    -0.593
      4.621    -0.174    -0.593
      4.614    -0.170    -0.593
      4.607    -0.166    -0.593
      4.600    -0.163    -0.593
      4.593    -0.159    -0.594
      4.586    -0.156    -0.594
      4.579    -0.152    -0.594
      4.572    -0.149    -0.594
      4.565    -0.145    -0.594
      4.558    -0.142    -0.594
      4.551    -0.138    -0.594
      4.544    -0.134    -0.595
      4.537    -0.131    -0.595
      4.530    -0.127    -0.595
      4.523    -0.124    -0.595
      4.515    -0.120    -0.595
      4.508    -0.117    -0.595
      4.501    -0.113    -0.595
      4.494    -0.110    -0.596
      4.487    -0.106    -0.596
      4.480    -0.103    -0.596
      4.473    -0.099    -0.596
      4.466    -0.096    -0.596
      4.460    -0.093    -0.596
      4.453    -0.089    -0.596
      4.447    -0.086    -0.597
      4.440    -0.083    -0.597
      4.434    -0.080    -0.597
      4.426    -0.076    -0.597
      4.419    -0.073    -0.597
      4.412    -0.069    -0.597
      4.405    -0.066    -0.597
      4.398    -0.062    -0.597
      4.391    -0.059    -0.597
      4.384    -0.055    -0.598
      4.377    -0.052    -0.598
      4.370    -0.049    -0.598
      4.364    -0.046    -0.598
      4.357    -0.043    -0.598
      4.351    -0.040    -0.598
      4.344    -0.037    -0.598
      4.338    -0.033    -0.598
      4.331    -0.030    -0.598
      4.324    -0.027    -0.599
      4.318    -0.024    -0.599
      4.311    -0.021    -0.599
      4.305    -0.018    -0.599
      4.299    -0.015    -0.599
      4.292    -0.012    -0.599
      4.286    -0.009    -0.599
      4.280    -0.006    -0.599
      4.274    -0.003    -0.599
      4.266     0.000    -0.599
      4.259     0.004    -0.599
      4.252     0.007    -0.600
      4.245     0.010    -0.600
      4.238     0.014    -0.600
      4.230     0.017    -0.600
      4.223     0.020    -0.600
      4.217     0.023    -0.600
      4.210     0.026    -0.600
      4.203     0.030    -0.600
      4.197     0.033    -0.600
      4.190     0.036    -0.600
      4.183     0.039    -0.600
      4.177     0.042    -0.600
      4.170     0.045    -0.601
      4.164     0.048    -0.601
      4.157     0.051    -0.601
      4.150     0.054    -0.601
      4.144     0.057    -0.601
      4.137     0.059    -0.601
      4.131     0.062    -0.601
      4.125     0.065    -0.601
      4.119     0.068    -0.601
      4.112     0.070    -0.601
      4.106     0.073    -0.601
      4.099     0.076    -0.601
      4.092     0.079    -0.601
      4.086     0.082    -0.601
      4.079     0.085    -0.602
      4.072     0.088    -0.602
      4.066     0.091    -0.602
      4.060     0.093    -0.602
      4.053     0.096    -0.602
      4.047     0.099    -0.602
      4.041     0.102    -0.602
      4.034     0.105    -0.602
      4.027     0.108    -0.602
      4.019     0.111    -0.602
      4.012     0.114    -0.602
      4.005     0.116    -0.602
      3.998     0.119    -0.602
      3.991     0.122    -0.602
      3.984     0.125    -0.602
      3.977     0.128    -0.602
      3.971     0.131    -0.603
      3.964     0.134    -0.603
      3.957     0.136    -0.603
      3.951     0.139    -0.603
      3.944     0.142    -0.603
      3.937     0.144    -0.603
      3.930     0.147    -0.603
      3.923     0.150    -0.603
      3.915     0.153    -0.603
      3.908     0.156    -0.603
      3.901     0.159    -0.603
      3.893     0.162    -0.603
      3.886     0.165    -0.603
      3.879     0.168    -0.603
      3.871     0.171    -0.603
      3.864     0.174    -0.603
      3.856     0.177    -0.603
      3.849     0.179    -0.603
      3.842     0.182    -0.603
      3.835     0.185    -0.603
      3.827     0.188    -0.604
      3.820     0.191    -0.604
      3.812     0.193    -0.604
      3.805     0.196    -0.604
      3.798     0.199    -0.604
      3.790     0.202    -0.604
      3.783     0.204    -0.604
      3.776     0.207    -0.604
      3.768     0.210    -0.604
      3.761     0.212    -0.604
      3.753     0.215    -0.604
      3.746     0.218    -0.604
      3.738     0.220    -0.604
      3.731     0.223    -0.604
      3.723     0.226    -0.604
      3.716     0.228    -0.604
      3.708     0.231    -0.604
      3.701     0.234    -0.604
      3.693     0.236    -0.604
      3.686     0.239    -0.604
      3.678     0.241    -0.604
      3.671     0.244    -0.604
      3.664     0.246    -0.604
      3.656     0.249    -0.604
      3.649     0.251    -0.604
      3.641     0.254    -0.604
      3.634     0.256    -0.604
      3.626     0.259    -0.604
      3.619     0.261    -0.605
      3.611     0.264    -0.605
      3.604     0.266    -0.605
      3.596     0.268    -0.605
      3.588     0.271    -0.605
      3.581     0.273    -0.605
      3.573     0.275    -0.605
      3.566     0.278    -0.605
      3.558     0.280    -0.605
      3.550     0.282    -0.605
      3.543     0.285    -0.605
      3.536     0.287    -0.605
      3.529     0.289    -0.605
      3.522     0.291    -0.605
      3.515     0.293    -0.605
      3.508     0.295    -0.605
      3.501     0.297    -0.605
      3.493     0.299    -0.605
      3.486     0.302    -0.605
      3.478     0.304    -0.605
      3.470     0.306    -0.605
      3.463     0.308    -0.605
      3.455     0.310    -0.605
      3.448     0.312    -0.605
      3.440     0.314    -0.605
      3.433     0.316    -0.605
      3.425     0.318    -0.605
      3.417     0.320    -0.605
      3.410     0.322    -0.605
      3.402     0.324    -0.605
      3.394     0.326    -0.605
      3.387     0.328    -0.605
      3.379     0.330    -0.605
      3.371     0.332    -0.605
      3.364     0.334    -0.605
      3.356     0.336    -0.605
      3.348     0.338    -0.605
      3.340     0.340    -0.605
      3.333     0.341    -0.605
      3.325     0.343    -0.605
      3.318     0.345    -0.605
      3.311     0.347    -0.605
      3.304     0.348    -0.605
      3.296     0.350    -0.605
      3.289     0.351    -0.605
      3.282     0.353    -0.605
      3.275     0.355    -0.605
      3.267     0.356    -0.605
      3.259     0.358    -0.605
      3.251     0.360    -0.605
      3.243     0.361    -0.605
      3.236     0.363    -0.605
      3.228     0.364    -0.605
      3.221     0.366    -0.605
      3.214     0.367    -0.605
      3.206     0.369    -0.605
      3.199     0.370    -0.605
      3.192     0.371    -0.605
      3.185     0.373    -0.605
      3.178     0.374    -0.605
      3.171     0.375    -0.605
      3.163     0.377    -0.605
      3.156     0.378    -0.605
      3.149     0.379    -0.605
      3.142     0.380    -0.605
      3.135     0.382    -0.605
      3.128     0.383    -0.606
      3.122     0.384    -0.606
      3.115     0.385    -0.606
      3.108     0.386    -0.606
      3.100     0.387    -0.606
      3.092     0.389    -0.606
      3.085     0.390    -0.606
      3.077     0.391    -0.606
      3.069     0.392    -0.606
      3.061     0.393    -0.606
      3.053     0.394    -0.606
      3.046     0.395    -0.606
      3.038     0.396    -0.606
      3.030     0.397    -0.606
      3.022     0.399    -0.606
      3.014     0.400    -0.606
      3.006     0.401    -0.606
      2.999     0.401    -0.606
      2.991     0.402    -0.606
      2.983     0.403    -0.606
      2.975     0.404    -0.606
      2.967     0.405    -0.606
      2.959     0.406    -0.606
      2.951     0.407    -0.606
      2.943     0.408    -0.606
      2.935     0.408    -0.606
      2.927     0.409    -0.606
      2.920     0.410    -0.606
      2.913     0.411    -0.606
      2.906     0.411    -0.606
      2.898     0.412    -0.606
      2.891     0.412    -0.606
      2.884     0.413    -0.606
      2.876     0.414    -0.606
      2.868     0.414    -0.606
      2.860     0.415    -0.606
      2.852     0.415    -0.606
      2.844     0.416    -0.606
      2.836     0.417    -0.606
      2.828     0.417    -0.606
      2.821     0.417    -0.606
      2.814     0.418    -0.606
      2.807     0.418    -0.606
      2.799     0.419    -0.606
      2.792     0.419    -0.606
      2.785     0.419    -0.606
      2.777     0.420    -0.606
      2.770     0.420    -0.606
      2.763     0.420    -0.606
      2.756     0.420    -0.606
      2.748     0.421    -0.606
      2.741     0.421    -0.606
      2.734     0.421    -0.606
      2.727     0.421    -0.606
      2.721     0.421    -0.606
      2.714     0.421    -0.606
      2.707     0.422    -0.606
      2.699     0.422    -0.606
      2.691     0.422    -0.606
      2.683     0.422    -0.606
      2.675     0.422    -0.606
      2.667     0.422    -0.606
      2.659     0.422    -0.606
      2.651     0.422    -0.606
      2.644     0.422    -0.606
      2.637     0.422    -0.606
      2.629     0.422    -0.606
      2.622     0.421    -0.606
      2.615     0.421    -0.606
      2.607     0.421    -0.606
      2.600     0.421    -0.606
      2.593     0.421    -0.606
      2.586     0.421    -0.606
      2.578     0.420    -0.606
      2.571     0.420    -0.606
      2.564     0.420    -0.606
      2.557     0.420    -0.606
      2.550     0.419    -0.606
      2.543     0.419    -0.606
      2.536     0.419    -0.606
      2.529     0.418    -0.606
      2.522     0.418    -0.606
      2.515     0.417    -0.606
      2.508     0.417    -0.606
      2.500     0.417    -0.606
      2.493     0.416    -0.606
      2.486     0.416    -0.606
      2.479     0.415    -0.606
      2.472     0.415    -0.606
      2.465     0.414    -0.606
      2.458     0.414    -0.606
      2.452     0.413    -0.606
      2.444     0.412    -0.606
      2.436     0.412    -0.606
      2.429     0.411    -0.606
      2.421     0.410    -0.606
      2.413     0.410    -0.606
      2.406     0.409    -0.606
      2.398     0.408    -0.606
      2.391     0.407    -0.606
      2.383     0.406    -0.606
      2.375     0.406    -0.606
      2.367     0.405    -0.606
      2.359     0.404    -0.606
      2.351     0.403    -0.606
      2.343     0.402    -0.606
      2.336     0.401    -0.606
      2.328     0.400    -0.606
      2.320     0.399    -0.606
      2.312     0.398    -0.606
      2.304     0.397    -0.606
      2.297     0.396    -0.606
      2.289     0.395    -0.606
      2.281     0.394    -0.606
      2.273     0.392    -0.606
      2.265     0.391    -0.606
      2.257     0.390    -0.606
      2.249     0.389    -0.606
      2.242     0.388    -0.606
      2.234     0.386    -0.606
      2.226     0.385    -0.606
      2.218     0.384    -0.606
      2.210     0.382    -0.606
      2.203     0.381    -0.606
      2.196     0.380    -0.606
      2.189     0.378    -0.606
      2.182     0.377    -0.606
      2.174     0.376    -0.606
      2.167     0.374    -0.606
      2.159     0.373    -0.606
      2.152     0.371    -0.606
      2.144     0.370    -0.606
      2.136     0.368    -0.606
      2.128     0.367    -0.606
      2.120     0.365    -0.606
      2.113     0.364    -0.606
      2.106     0.362    -0.606
      2.098     0.361    -0.606
      2.091     0.359    -0.606
      2.084     0.357    -0.606
      2.077     0.356    -0.606
      2.070     0.354    -0.605
      2.063     0.353    -0.605
      2.056     0.351    -0.605
      2.049     0.349    -0.605
      2.042     0.348    -0.605
      2.035     0.346    -0.605
      2.027     0.344    -0.605
      2.021     0.343    -0.605
      2.014     0.341    -0.605
      2.007     0.339    -0.605
      2.001     0.338    -0.605
      1.994     0.336    -0.605
      1.986     0.334    -0.605
      1.979     0.332    -0.605
      1.971     0.330    -0.605
      1.963     0.328    -0.605
      1.956     0.326    -0.605
      1.948     0.324    -0.605
      1.940     0.322    -0.605
      1.933     0.320    -0.605
      1.926     0.318    -0.605
      1.919     0.316    -0.605
      1.912     0.314    -0.605
      1.905     0.312    -0.605
      1.898     0.310    -0.605
      1.891     0.308    -0.605
      1.884     0.306    -0.605
      1.877     0.303    -0.605
      1.870     0.301    -0.605
      1.863     0.299    -0.605
      1.856     0.297    -0.606
      1.850     0.295    -0.606
      1.843     0.293    -0.606
      1.837     0.291    -0.606
      1.830     0.289    -0.606
      1.824     0.287    -0.606
      1.817     0.285    -0.606
      1.810     0.282    -0.606
      1.803     0.280    -0.606
      1.796     0.278    -0.606
      1.789     0.275    -0.606
      1.782     0.273    -0.606
      1.776     0.271    -0.606
      1.769     0.269    -0.606
      1.763     0.266    -0.606
      1.756     0.264    -0.606
      1.750     0.262    -0.606
      1.742     0.259    -0.606
      1.735     0.257    -0.606
      1.728     0.254    -0.606
      1.721     0.252    -0.606
      1.714     0.249    -0.606
      1.706     0.247    -0.606
      1.699     0.244    -0.606
      1.692     0.241    -0.606
      1.685     0.238    -0.606
      1.677     0.236    -0.606
      1.670     0.233    -0.606
      1.662     0.230    -0.606
      1.655     0.227    -0.606
      1.647     0.224    -0.606
      1.640     0.221    -0.606
      1.633     0.219    -0.606
      1.626     0.216    -0.606
      1.620     0.213    -0.606
      1.613     0.211    -0.606
      1.606     0.208    -0.606
      1.599     0.205    -0.606
      1.593     0.202    -0.606
      1.586     0.200    -0.606
      1.579     0.197    -0.606
      1.572     0.194    -0.606
      1.566     0.191    -0.606
      1.559     0.188    -0.606
      1.553     0.186    -0.606
      1.546     0.183    -0.606
      1.540     0.180    -0.606
      1.534     0.178    -0.606
      1.527     0.175    -0.606
      1.521     0.172    -0.606
      1.514     0.169    -0.606
      1.507     0.166    -0.606
      1.501     0.163    -0.606
      1.494     0.160    -0.606
      1.487     0.157    -0.606
      1.481     0.154    -0.606
      1.475     0.152    -0.606
      1.469     0.149    -0.606
      1.462     0.146    -0.606
      1.456     0.143    -0.606
      1.449     0.140    -0.606
      1.442     0.137    -0.606
      1.435     0.133    -0.606
      1.428     0.130    -0.606
      1.422     0.127    -0.606
      1.415     0.123    -0.606
      1.408     0.120    -0.606
      1.401     0.117    -0.606
      1.394     0.114    -0.606
      1.388     0.110    -0.606
      1.381     0.107    -0.606
      1.375     0.104    -0.606
      1.368     0.101    -0.606
      1.362     0.097    -0.606
      1.356     0.094    -0.606
      1.349     0.091    -0.606
      1.343     0.088    -0.606
      1.337     0.085    -0.606
      1.331     0.082    -0.606
      1.324     0.078    -0.606
      1.317     0.075    -0.606
      1.311     0.071    -0.606
      1.304     0.068    -0.606
      1.297     0.064    -0.606
      1.290     0.061    -0.606
      1.284     0.057    -0.606
      1.277     0.053    -0.606
      1.270     0.050    -0.606
      1.263     0.046    -0.606
      1.257     0.042    -0.606
      1.250     0.039    -0.606
      1.243     0.035    -0.606
      1.236     0.031    -0.606
      1.230     0.028    -0.606
      1.223     0.024    -0.606
      1.216     0.020    -0.606
      1.209     0.016    -0.606
      1.202     0.012    -0.606
      1.195     0.008    -0.606
      1.188     0.004    -0.606
      1.181     0.000    -0.606
