Count of Points:889

WCS coordinates of Points:
      1.181     0.000    -1.803
      1.186     0.006    -1.803
      1.191     0.011    -1.803
      1.196     0.017    -1.803
      1.201     0.022    -1.803
      1.206     0.028    -1.803
      1.211     0.033    -1.803
      1.215     0.039    -1.803
      1.221     0.045    -1.803
      1.227     0.051    -1.803
      1.232     0.057    -1.802
      1.238     0.062    -1.802
      1.243     0.068    -1.802
      1.249     0.074    -1.802
      1.255     0.080    -1.802
      1.260     0.086    -1.802
      1.266     0.091    -1.802
      1.272     0.097    -1.802
      1.278     0.103    -1.802
      1.283     0.108    -1.802
      1.289     0.114    -1.802
      1.295     0.119    -1.802
      1.301     0.125    -1.802
      1.307     0.130    -1.802
      1.313     0.136    -1.801
      1.319     0.141    -1.801
      1.325     0.147    -1.801
      1.331     0.152    -1.801
      1.337     0.157    -1.801
      1.343     0.162    -1.801
      1.349     0.167    -1.801
      1.355     0.173    -1.801
      1.361     0.178    -1.800
      1.368     0.183    -1.800
      1.374     0.188    -1.800
      1.380     0.193    -1.800
      1.387     0.199    -1.800
      1.393     0.204    -1.800
      1.399     0.209    -1.799
      1.406     0.214    -1.799
      1.412     0.219    -1.799
      1.419     0.223    -1.799
      1.425     0.228    -1.799
      1.431     0.233    -1.799
      1.438     0.238    -1.798
      1.444     0.243    -1.798
      1.451     0.247    -1.798
      1.457     0.252    -1.798
      1.464     0.257    -1.798
      1.471     0.261    -1.797
      1.477     0.266    -1.797
      1.484     0.270    -1.797
      1.491     0.275    -1.797
      1.498     0.280    -1.797
      1.504     0.284    -1.797
      1.511     0.289    -1.796
      1.518     0.293    -1.796
      1.525     0.297    -1.796
      1.532     0.302    -1.796
      1.538     0.306    -1.796
      1.545     0.310    -1.796
      1.552     0.314    -1.795
      1.558     0.318    -1.795
      1.564     0.322    -1.795
      1.571     0.326    -1.795
      1.577     0.330    -1.795
      1.584     0.334    -1.795
      1.591     0.338    -1.795
      1.598     0.342    -1.794
      1.605     0.346    -1.794
      1.612     0.350    -1.794
      1.619     0.354    -1.794
      1.626     0.358    -1.794
      1.633     0.361    -1.794
      1.640     0.365    -1.793
      1.647     0.369    -1.793
      1.654     0.373    -1.793
      1.661     0.377    -1.793
      1.668     0.380    -1.793
      1.676     0.384    -1.793
      1.683     0.388    -1.792
      1.690     0.391    -1.792
      1.697     0.395    -1.792
      1.705     0.399    -1.792
      1.712     0.402    -1.792
      1.719     0.406    -1.792
      1.727     0.409    -1.792
      1.734     0.413    -1.791
      1.741     0.416    -1.791
      1.749     0.420    -1.791
      1.756     0.423    -1.791
      1.762     0.426    -1.791
      1.769     0.429    -1.791
      1.776     0.432    -1.791
      1.783     0.435    -1.790
      1.790     0.438    -1.790
      1.797     0.441    -1.790
      1.804     0.445    -1.790
      1.812     0.448    -1.790
      1.819     0.451    -1.790
      1.827     0.454    -1.790
      1.834     0.457    -1.789
      1.842     0.460    -1.789
      1.849     0.463    -1.789
      1.856     0.466    -1.789
      1.863     0.469    -1.789
      1.870     0.471    -1.789
      1.877     0.474    -1.789
      1.884     0.477    -1.789
      1.891     0.479    -1.789
      1.898     0.482    -1.788
      1.904     0.485    -1.788
      1.911     0.487    -1.788
      1.918     0.490    -1.788
      1.925     0.492    -1.788
      1.932     0.495    -1.788
      1.939     0.497    -1.788
      1.945     0.499    -1.788
      1.952     0.502    -1.788
      1.959     0.504    -1.787
      1.966     0.507    -1.787
      1.974     0.509    -1.787
      1.982     0.512    -1.787
      1.989     0.515    -1.787
      1.997     0.517    -1.787
      2.005     0.520    -1.787
      2.012     0.522    -1.787
      2.020     0.524    -1.787
      2.027     0.527    -1.787
      2.035     0.529    -1.786
      2.043     0.532    -1.786
      2.051     0.534    -1.786
      2.059     0.536    -1.786
      2.066     0.539    -1.786
      2.074     0.541    -1.786
      2.082     0.543    -1.786
      2.090     0.546    -1.786
      2.098     0.548    -1.786
      2.105     0.550    -1.786
      2.113     0.552    -1.785
      2.121     0.554    -1.785
      2.129     0.556    -1.785
      2.137     0.558    -1.785
      2.144     0.560    -1.785
      2.151     0.562    -1.785
      2.158     0.564    -1.785
      2.166     0.566    -1.785
      2.173     0.568    -1.785
      2.180     0.570    -1.785
      2.188     0.572    -1.785
      2.196     0.573    -1.785
      2.204     0.575    -1.784
      2.212     0.577    -1.784
      2.220     0.579    -1.784
      2.228     0.581    -1.784
      2.235     0.583    -1.784
      2.243     0.584    -1.784
      2.250     0.586    -1.784
      2.257     0.588    -1.784
      2.265     0.589    -1.784
      2.272     0.591    -1.784
      2.279     0.592    -1.784
      2.287     0.594    -1.784
      2.294     0.595    -1.783
      2.301     0.597    -1.783
      2.308     0.598    -1.783
      2.316     0.600    -1.783
      2.323     0.601    -1.783
      2.330     0.602    -1.783
      2.337     0.604    -1.783
      2.344     0.605    -1.783
      2.351     0.606    -1.783
      2.358     0.607    -1.783
      2.366     0.609    -1.783
      2.374     0.610    -1.783
      2.382     0.612    -1.782
      2.390     0.613    -1.782
      2.398     0.614    -1.782
      2.406     0.616    -1.782
      2.414     0.617    -1.782
      2.421     0.618    -1.782
      2.428     0.619    -1.782
      2.436     0.620    -1.782
      2.443     0.621    -1.782
      2.451     0.623    -1.782
      2.458     0.624    -1.782
      2.465     0.625    -1.781
      2.473     0.626    -1.781
      2.480     0.627    -1.781
      2.488     0.628    -1.781
      2.495     0.629    -1.781
      2.502     0.630    -1.781
      2.509     0.631    -1.781
      2.516     0.631    -1.781
      2.523     0.632    -1.781
      2.530     0.633    -1.781
      2.537     0.634    -1.781
      2.545     0.635    -1.780
      2.552     0.636    -1.780
      2.559     0.636    -1.780
      2.567     0.637    -1.780
      2.574     0.638    -1.780
      2.582     0.639    -1.780
      2.589     0.639    -1.780
      2.596     0.640    -1.780
      2.603     0.641    -1.780
      2.610     0.641    -1.780
      2.617     0.642    -1.779
      2.624     0.643    -1.779
      2.631     0.643    -1.779
      2.638     0.644    -1.779
      2.645     0.645    -1.779
      2.652     0.645    -1.779
      2.659     0.646    -1.779
      2.665     0.646    -1.779
      2.672     0.647    -1.779
      2.679     0.647    -1.779
      2.687     0.648    -1.778
      2.694     0.648    -1.778
      2.701     0.649    -1.778
      2.709     0.649    -1.778
      2.716     0.650    -1.778
      2.723     0.650    -1.778
      2.731     0.650    -1.778
      2.739     0.651    -1.778
      2.747     0.651    -1.777
      2.755     0.652    -1.777
      2.763     0.652    -1.777
      2.771     0.652    -1.777
      2.779     0.653    -1.777
      2.787     0.653    -1.777
      2.796     0.653    -1.777
      2.804     0.654    -1.776
      2.812     0.654    -1.776
      2.820     0.654    -1.776
      2.828     0.654    -1.776
      2.836     0.655    -1.776
      2.844     0.655    -1.776
      2.852     0.655    -1.776
      2.860     0.655    -1.775
      2.868     0.655    -1.775
      2.876     0.656    -1.775
      2.884     0.656    -1.775
      2.892     0.656    -1.775
      2.900     0.656    -1.775
      2.908     0.656    -1.774
      2.916     0.656    -1.774
      2.924     0.656    -1.774
      2.932     0.656    -1.774
      2.941     0.656    -1.774
      2.949     0.656    -1.774
      2.957     0.656    -1.773
      2.965     0.656    -1.773
      2.973     0.656    -1.773
      2.981     0.656    -1.773
      2.989     0.655    -1.773
      2.997     0.655    -1.772
      3.006     0.655    -1.772
      3.014     0.655    -1.772
      3.022     0.655    -1.772
      3.030     0.655    -1.772
      3.038     0.654    -1.772
      3.045     0.654    -1.771
      3.054     0.654    -1.771
      3.062     0.654    -1.771
      3.070     0.653    -1.771
      3.078     0.653    -1.771
      3.086     0.653    -1.770
      3.094     0.653    -1.770
      3.102     0.652    -1.770
      3.110     0.652    -1.770
      3.119     0.652    -1.770
      3.127     0.651    -1.769
      3.135     0.651    -1.769
      3.143     0.650    -1.769
      3.151     0.650    -1.769
      3.159     0.650    -1.768
      3.167     0.649    -1.768
      3.174     0.649    -1.768
      3.182     0.648    -1.768
      3.189     0.648    -1.768
      3.196     0.647    -1.767
      3.204     0.647    -1.767
      3.212     0.646    -1.767
      3.220     0.646    -1.767
      3.228     0.645    -1.766
      3.236     0.645    -1.766
      3.244     0.644    -1.766
      3.252     0.644    -1.766
      3.260     0.643    -1.765
      3.268     0.642    -1.765
      3.276     0.642    -1.765
      3.284     0.641    -1.765
      3.292     0.641    -1.764
      3.300     0.640    -1.764
      3.309     0.639    -1.764
      3.317     0.639    -1.764
      3.325     0.638    -1.763
      3.333     0.637    -1.763
      3.341     0.636    -1.763
      3.349     0.636    -1.763
      3.357     0.635    -1.762
      3.365     0.634    -1.762
      3.373     0.634    -1.762
      3.381     0.633    -1.761
      3.389     0.632    -1.761
      3.397     0.631    -1.761
      3.404     0.630    -1.760
      3.412     0.630    -1.760
      3.419     0.629    -1.760
      3.427     0.628    -1.760
      3.434     0.627    -1.759
      3.442     0.627    -1.759
      3.450     0.626    -1.759
      3.458     0.625    -1.758
      3.466     0.624    -1.758
      3.474     0.623    -1.758
      3.482     0.622    -1.757
      3.491     0.621    -1.757
      3.498     0.620    -1.757
      3.505     0.620    -1.756
      3.513     0.619    -1.756
      3.520     0.618    -1.756
      3.527     0.617    -1.755
      3.535     0.616    -1.755
      3.542     0.615    -1.754
      3.550     0.614    -1.754
      3.557     0.613    -1.754
      3.564     0.613    -1.753
      3.572     0.612    -1.753
      3.579     0.611    -1.753
      3.586     0.610    -1.752
      3.593     0.609    -1.752
      3.600     0.608    -1.752
      3.607     0.607    -1.751
      3.614     0.606    -1.751
      3.622     0.605    -1.750
      3.630     0.604    -1.750
      3.638     0.603    -1.750
      3.646     0.602    -1.749
      3.654     0.601    -1.749
      3.662     0.600    -1.748
      3.670     0.599    -1.748
      3.678     0.598    -1.747
      3.686     0.597    -1.747
      3.694     0.596    -1.746
      3.702     0.594    -1.746
      3.710     0.593    -1.745
      3.718     0.592    -1.745
      3.726     0.591    -1.744
      3.734     0.590    -1.744
      3.742     0.589    -1.743
      3.750     0.588    -1.743
      3.758     0.586    -1.742
      3.766     0.585    -1.742
      3.774     0.584    -1.741
      3.782     0.583    -1.741
      3.790     0.582    -1.740
      3.798     0.580    -1.740
      3.806     0.579    -1.739
      3.813     0.578    -1.739
      3.820     0.577    -1.738
      3.828     0.576    -1.737
      3.835     0.575    -1.737
      3.842     0.574    -1.736
      3.850     0.573    -1.736
      3.858     0.571    -1.735
      3.866     0.570    -1.735
      3.874     0.569    -1.734
      3.882     0.568    -1.733
      3.890     0.566    -1.733
      3.898     0.565    -1.732
      3.906     0.564    -1.732
      3.913     0.563    -1.731
      3.921     0.562    -1.730
      3.928     0.560    -1.730
      3.935     0.559    -1.729
      3.943     0.558    -1.729
      3.950     0.557    -1.728
      3.957     0.556    -1.727
      3.965     0.554    -1.727
      3.972     0.553    -1.726
      3.979     0.552    -1.725
      3.987     0.551    -1.725
      3.993     0.550    -1.724
      4.000     0.549    -1.723
      4.007     0.548    -1.723
      4.014     0.546    -1.722
      4.021     0.545    -1.722
      4.029     0.544    -1.721
      4.037     0.543    -1.720
      4.045     0.541    -1.719
      4.053     0.540    -1.719
      4.061     0.539    -1.718
      4.069     0.537    -1.717
      4.077     0.536    -1.716
      4.084     0.535    -1.716
      4.092     0.533    -1.715
      4.099     0.532    -1.714
      4.106     0.531    -1.713
      4.114     0.530    -1.713
      4.121     0.529    -1.712
      4.128     0.527    -1.711
      4.136     0.526    -1.710
      4.143     0.525    -1.710
      4.150     0.524    -1.709
      4.157     0.522    -1.708
      4.165     0.521    -1.707
      4.172     0.520    -1.706
      4.179     0.519    -1.706
      4.185     0.518    -1.705
      4.192     0.516    -1.704
      4.199     0.515    -1.703
      4.206     0.514    -1.703
      4.214     0.513    -1.702
      4.221     0.511    -1.701
      4.228     0.510    -1.700
      4.236     0.509    -1.699
      4.243     0.508    -1.698
      4.250     0.506    -1.698
      4.257     0.505    -1.697
      4.264     0.504    -1.696
      4.270     0.503    -1.695
      4.277     0.502    -1.694
      4.284     0.500    -1.693
      4.291     0.499    -1.693
      4.298     0.498    -1.692
      4.305     0.497    -1.691
      4.312     0.496    -1.690
      4.318     0.494    -1.689
      4.325     0.493    -1.688
      4.332     0.492    -1.688
      4.339     0.491    -1.687
      4.347     0.489    -1.686
      4.355     0.488    -1.685
      4.363     0.487    -1.684
      4.371     0.485    -1.682
      4.379     0.484    -1.681
      4.387     0.482    -1.680
      4.395     0.481    -1.679
      4.403     0.480    -1.678
      4.410     0.478    -1.677
      4.417     0.477    -1.676
      4.425     0.476    -1.675
      4.432     0.474    -1.674
      4.440     0.473    -1.673
      4.447     0.472    -1.672
      4.454     0.470    -1.671
      4.462     0.469    -1.670
      4.469     0.468    -1.669
      4.477     0.466    -1.668
      4.484     0.465    -1.667
      4.491     0.464    -1.666
      4.498     0.463    -1.665
      4.505     0.461    -1.664
      4.512     0.460    -1.663
      4.519     0.459    -1.662
      4.526     0.458    -1.661
      4.533     0.456    -1.659
      4.541     0.455    -1.658
      4.548     0.454    -1.657
      4.556     0.452    -1.656
      4.563     0.451    -1.655
      4.570     0.450    -1.654
      4.577     0.449    -1.653
      4.584     0.447    -1.652
      4.591     0.446    -1.651
      4.598     0.445    -1.649
      4.605     0.444    -1.648
      4.612     0.442    -1.647
      4.619     0.441    -1.646
      4.625     0.440    -1.645
      4.632     0.439    -1.644
      4.639     0.437    -1.643
      4.646     0.436    -1.642
      4.653     0.435    -1.640
      4.660     0.434    -1.639
      4.667     0.433    -1.638
      4.674     0.431    -1.637
      4.682     0.430    -1.636
      4.689     0.429    -1.634
      4.696     0.427    -1.633
      4.704     0.426    -1.632
      4.711     0.425    -1.631
      4.718     0.423    -1.629
      4.725     0.422    -1.628
      4.731     0.421    -1.627
      4.738     0.420    -1.626
      4.745     0.419    -1.624
      4.752     0.417    -1.623
      4.759     0.416    -1.622
      4.766     0.415    -1.621
      4.773     0.414    -1.619
      4.780     0.412    -1.618
      4.787     0.411    -1.617
      4.793     0.410    -1.616
      4.800     0.409    -1.614
      4.807     0.407    -1.613
      4.814     0.406    -1.612
      4.821     0.405    -1.610
      4.828     0.404    -1.609
      4.835     0.402    -1.608
      4.841     0.401    -1.606
      4.848     0.400    -1.605
      4.855     0.399    -1.604
      4.862     0.398    -1.602
      4.869     0.396    -1.601
      4.876     0.395    -1.600
      4.883     0.394    -1.598
      4.889     0.393    -1.597
      4.896     0.391    -1.595
      4.903     0.390    -1.594
      4.910     0.389    -1.593
      4.917     0.387    -1.591
      4.925     0.386    -1.590
      4.932     0.385    -1.588
      4.939     0.383    -1.587
      4.947     0.382    -1.585
      4.954     0.381    -1.584
      4.961     0.380    -1.582
      4.968     0.378    -1.581
      4.975     0.377    -1.579
      4.981     0.376    -1.578
      4.988     0.374    -1.576
      4.995     0.373    -1.575
      5.002     0.372    -1.573
      5.009     0.371    -1.572
      5.016     0.369    -1.570
      5.023     0.368    -1.569
      5.029     0.367    -1.567
      5.036     0.366    -1.566
      5.043     0.364    -1.564
      5.050     0.363    -1.563
      5.056     0.362    -1.561
      5.063     0.361    -1.560
      5.070     0.359    -1.558
      5.077     0.358    -1.556
      5.084     0.357    -1.555
      5.091     0.355    -1.553
      5.097     0.354    -1.552
      5.104     0.353    -1.550
      5.111     0.352    -1.549
      5.118     0.350    -1.547
      5.124     0.349    -1.545
      5.131     0.348    -1.544
      5.138     0.346    -1.542
      5.145     0.345    -1.540
      5.152     0.344    -1.539
      5.159     0.342    -1.537
      5.165     0.341    -1.535
      5.172     0.340    -1.534
      5.179     0.339    -1.532
      5.186     0.337    -1.530
      5.193     0.336    -1.529
      5.199     0.335    -1.527
      5.206     0.333    -1.525
      5.213     0.332    -1.524
      5.219     0.331    -1.522
      5.226     0.329    -1.520
      5.233     0.328    -1.519
      5.240     0.327    -1.517
      5.247     0.325    -1.515
      5.254     0.324    -1.513
      5.260     0.323    -1.512
      5.267     0.321    -1.510
      5.274     0.320    -1.508
      5.281     0.319    -1.506
      5.288     0.317    -1.505
      5.294     0.316    -1.503
      5.301     0.315    -1.501
      5.308     0.313    -1.499
      5.315     0.312    -1.497
      5.322     0.310    -1.495
      5.330     0.309    -1.493
      5.337     0.307    -1.491
      5.345     0.306    -1.489
      5.352     0.304    -1.487
      5.359     0.303    -1.486
      5.366     0.301    -1.484
      5.374     0.300    -1.482
      5.381     0.299    -1.480
      5.388     0.297    -1.478
      5.395     0.296    -1.476
      5.402     0.294    -1.474
      5.409     0.293    -1.472
      5.415     0.291    -1.470
      5.422     0.290    -1.468
      5.429     0.289    -1.466
      5.436     0.287    -1.464
      5.442     0.286    -1.463
      5.449     0.284    -1.461
      5.456     0.283    -1.459
      5.463     0.282    -1.457
      5.469     0.280    -1.455
      5.476     0.279    -1.453
      5.482     0.278    -1.451
      5.489     0.276    -1.449
      5.496     0.275    -1.447
      5.503     0.273    -1.445
      5.509     0.272    -1.444
      5.516     0.270    -1.442
      5.523     0.269    -1.440
      5.529     0.268    -1.438
      5.536     0.266    -1.436
      5.542     0.265    -1.434
      5.549     0.263    -1.432
      5.556     0.262    -1.430
      5.563     0.260    -1.428
      5.569     0.259    -1.426
      5.576     0.258    -1.424
      5.583     0.256    -1.422
      5.589     0.255    -1.420
      5.596     0.253    -1.418
      5.603     0.252    -1.416
      5.610     0.250    -1.414
      5.616     0.249    -1.412
      5.623     0.247    -1.410
      5.630     0.246    -1.408
      5.636     0.244    -1.406
      5.643     0.243    -1.404
      5.649     0.242    -1.402
      5.656     0.240    -1.400
      5.663     0.239    -1.398
      5.669     0.237    -1.396
      5.676     0.236    -1.394
      5.683     0.234    -1.392
      5.689     0.233    -1.390
      5.696     0.231    -1.388
      5.703     0.230    -1.386
      5.709     0.228    -1.384
      5.716     0.227    -1.382
      5.723     0.225    -1.380
      5.730     0.224    -1.378
      5.736     0.222    -1.376
      5.743     0.221    -1.374
      5.750     0.219    -1.371
      5.757     0.217    -1.369
      5.764     0.216    -1.367
      5.772     0.214    -1.365
      5.779     0.212    -1.362
      5.786     0.211    -1.360
      5.793     0.209    -1.358
      5.800     0.207    -1.356
      5.806     0.206    -1.354
      5.813     0.204    -1.352
      5.820     0.203    -1.350
      5.826     0.201    -1.348
      5.833     0.200    -1.345
      5.839     0.198    -1.343
      5.846     0.197    -1.341
      5.852     0.195    -1.339
      5.859     0.194    -1.337
      5.866     0.192    -1.335
      5.872     0.190    -1.333
      5.879     0.189    -1.331
      5.886     0.187    -1.329
      5.892     0.186    -1.327
      5.899     0.184    -1.324
      5.906     0.182    -1.322
      5.912     0.181    -1.320
      5.919     0.179    -1.318
      5.925     0.178    -1.316
      5.932     0.176    -1.314
      5.939     0.174    -1.312
      5.946     0.173    -1.309
      5.953     0.171    -1.307
      5.961     0.169    -1.305
      5.968     0.167    -1.302
      5.975     0.165    -1.300
      5.982     0.164    -1.298
      5.988     0.162    -1.296
      5.995     0.160    -1.294
      6.002     0.159    -1.291
      6.008     0.157    -1.289
      6.015     0.155    -1.287
      6.022     0.154    -1.285
      6.029     0.152    -1.283
      6.036     0.150    -1.280
      6.043     0.148    -1.278
      6.051     0.146    -1.276
      6.058     0.144    -1.273
      6.065     0.143    -1.271
      6.073     0.141    -1.269
      6.080     0.139    -1.266
      6.087     0.137    -1.264
      6.094     0.135    -1.261
      6.102     0.133    -1.259
      6.109     0.131    -1.257
      6.116     0.130    -1.254
      6.123     0.128    -1.252
      6.130     0.126    -1.250
      6.137     0.124    -1.248
      6.144     0.122    -1.245
      6.151     0.120    -1.243
      6.158     0.118    -1.241
      6.165     0.117    -1.239
      6.171     0.115    -1.236
      6.178     0.113    -1.234
      6.185     0.111    -1.232
      6.191     0.110    -1.230
      6.198     0.108    -1.228
      6.204     0.106    -1.226
      6.211     0.104    -1.224
      6.217     0.102    -1.221
      6.224     0.101    -1.219
      6.231     0.099    -1.217
      6.237     0.097    -1.215
      6.244     0.095    -1.213
      6.250     0.093    -1.211
      6.256     0.092    -1.209
      6.263     0.090    -1.207
      6.270     0.088    -1.204
      6.276     0.086    -1.202
      6.283     0.084    -1.200
      6.289     0.083    -1.198
      6.296     0.081    -1.196
      6.302     0.079    -1.194
      6.309     0.077    -1.192
      6.315     0.075    -1.190
      6.322     0.074    -1.188
      6.328     0.072    -1.186
      6.335     0.070    -1.183
      6.341     0.068    -1.181
      6.348     0.066    -1.179
      6.355     0.064    -1.177
      6.361     0.062    -1.175
      6.368     0.060    -1.173
      6.374     0.059    -1.171
      6.381     0.057    -1.169
      6.387     0.055    -1.167
      6.394     0.053    -1.164
      6.400     0.051    -1.162
      6.407     0.049    -1.160
      6.413     0.047    -1.158
      6.420     0.045    -1.156
      6.426     0.044    -1.154
      6.433     0.042    -1.152
      6.439     0.040    -1.150
      6.446     0.038    -1.148
      6.453     0.036    -1.146
      6.459     0.034    -1.144
      6.466     0.032    -1.142
      6.472     0.030    -1.140
      6.479     0.028    -1.138
      6.485     0.026    -1.136
      6.492     0.024    -1.134
      6.499     0.022    -1.132
      6.505     0.020    -1.129
      6.512     0.018    -1.127
      6.519     0.016    -1.125
      6.526     0.014    -1.123
      6.533     0.012    -1.121
      6.541     0.010    -1.118
      6.548     0.007    -1.116
      6.554     0.005    -1.114
      6.561     0.003    -1.112
      6.568     0.001    -1.110
      6.574    -0.001    -1.108
      6.581    -0.002    -1.106
      6.587    -0.004    -1.104
      6.594    -0.006    -1.102
      6.600    -0.008    -1.100
      6.607    -0.010    -1.098
      6.613    -0.012    -1.096
      6.620    -0.014    -1.094
      6.626    -0.016    -1.093
      6.633    -0.018    -1.091
      6.639    -0.020    -1.089
      6.646    -0.022    -1.087
      6.653    -0.025    -1.085
      6.659    -0.027    -1.083
      6.666    -0.029    -1.081
      6.672    -0.031    -1.079
      6.679    -0.033    -1.077
      6.685    -0.035    -1.075
      6.692    -0.037    -1.073
      6.699    -0.039    -1.071
      6.706    -0.041    -1.069
      6.713    -0.043    -1.067
      6.720    -0.046    -1.065
      6.728    -0.048    -1.063
      6.735    -0.050    -1.061
      6.742    -0.052    -1.059
      6.748    -0.054    -1.057
      6.755    -0.056    -1.055
      6.761    -0.058    -1.053
      6.768    -0.060    -1.051
      6.775    -0.062    -1.050
      6.781    -0.064    -1.048
      6.788    -0.067    -1.046
      6.796    -0.069    -1.044
      6.803    -0.071    -1.042
      6.810    -0.073    -1.040
      6.817    -0.076    -1.038
      6.825    -0.078    -1.036
      6.832    -0.080    -1.034
      6.839    -0.083    -1.032
      6.847    -0.085    -1.030
      6.854    -0.087    -1.028
      6.861    -0.089    -1.026
      6.868    -0.092    -1.024
      6.875    -0.094    -1.022
      6.883    -0.096    -1.021
      6.889    -0.098    -1.019
      6.896    -0.100    -1.017
      6.902    -0.102    -1.015
      6.909    -0.104    -1.014
      6.916    -0.106    -1.012
      6.922    -0.108    -1.010
      6.929    -0.110    -1.009
      6.935    -0.112    -1.007
      6.942    -0.114    -1.006
      6.948    -0.116    -1.004
      6.955    -0.119    -1.002
      6.962    -0.121    -1.001
      6.968    -0.123    -0.999
      6.975    -0.125    -0.997
      6.982    -0.127    -0.996
      6.988    -0.129    -0.994
      6.995    -0.131    -0.993
      7.002    -0.133    -0.991
      7.008    -0.135    -0.989
      7.015    -0.137    -0.988
      7.022    -0.139    -0.986
      7.028    -0.141    -0.985
      7.035    -0.143    -0.983
      7.042    -0.145    -0.982
      7.050    -0.148    -0.980
      7.057    -0.150    -0.978
      7.065    -0.152    -0.977
      7.072    -0.154    -0.975
      7.079    -0.156    -0.974
      7.085    -0.158    -0.972
      7.092    -0.160    -0.971
      7.099    -0.162    -0.969
      7.106    -0.164    -0.968
      7.112    -0.166    -0.966
      7.119    -0.168    -0.965
      7.126    -0.171    -0.963
      7.134    -0.173    -0.962
      7.141    -0.175    -0.960
      7.149    -0.177    -0.959
      7.156    -0.179    -0.957
      7.163    -0.182    -0.956
      7.171    -0.184    -0.954
      7.178    -0.186    -0.953
      7.186    -0.188    -0.951
      7.193    -0.190    -0.950
      7.200    -0.192    -0.949
      7.208    -0.194    -0.947
      7.215    -0.197    -0.946
      7.222    -0.199    -0.944
      7.229    -0.201    -0.943
      7.236    -0.202    -0.942
      7.243    -0.204    -0.941
      7.249    -0.206    -0.939
      7.256    -0.208    -0.938
      7.263    -0.210    -0.937
      7.270    -0.212    -0.936
      7.277    -0.214    -0.935
      7.285    -0.216    -0.933
      7.292    -0.218    -0.932
      7.300    -0.220    -0.931
      7.307    -0.222    -0.929
      7.315    -0.224    -0.928
      7.322    -0.226    -0.927
      7.330    -0.228    -0.926
      7.337    -0.230    -0.924
      7.345    -0.232    -0.923
      7.352    -0.234    -0.922
      7.360    -0.236    -0.921
      7.367    -0.238    -0.920
      7.374    -0.240    -0.919
      7.382    -0.242    -0.917
      7.389    -0.244    -0.916
      7.397    -0.246    -0.915
      7.405    -0.248    -0.914
      7.412    -0.250    -0.913
      7.420    -0.252    -0.912
      7.427    -0.254    -0.911
      7.434    -0.255    -0.910
      7.442    -0.257    -0.909
      7.449    -0.259    -0.908
      7.457    -0.261    -0.907
      7.465    -0.263    -0.906
      7.472    -0.265    -0.904
      7.480    -0.267    -0.903
      7.488    -0.268    -0.902
      7.495    -0.270    -0.902
