Count of Points:135

WCS coordinates of Points:
      6.568     0.685    -1.394
      6.575     0.683    -1.391
      6.583     0.681    -1.388
      6.590     0.679    -1.386
      6.597     0.677    -1.383
      6.604     0.676    -1.381
      6.611     0.674    -1.378
      6.618     0.672    -1.375
      6.625     0.670    -1.373
      6.632     0.669    -1.371
      6.638     0.667    -1.368
      6.645     0.665    -1.366
      6.651     0.663    -1.363
      6.658     0.662    -1.361
      6.664     0.660    -1.359
      6.671     0.658    -1.356
      6.677     0.656    -1.354
      6.684     0.654    -1.351
      6.690     0.652    -1.349
      6.697     0.651    -1.347
      6.703     0.649    -1.344
      6.709     0.647    -1.342
      6.715     0.645    -1.340
      6.722     0.644    -1.338
      6.728     0.642    -1.336
      6.734     0.640    -1.333
      6.741     0.638    -1.331
      6.747     0.636    -1.329
      6.754     0.635    -1.326
      6.761     0.633    -1.324
      6.767     0.631    -1.322
      6.773     0.629    -1.320
      6.780     0.627    -1.317
      6.786     0.626    -1.315
      6.792     0.624    -1.313
      6.798     0.622    -1.311
      6.805     0.620    -1.309
      6.812     0.618    -1.306
      6.819     0.616    -1.304
      6.826     0.614    -1.301
      6.833     0.612    -1.299
      6.840     0.610    -1.297
      6.846     0.608    -1.294
      6.853     0.606    -1.292
      6.860     0.604    -1.290
      6.866     0.602    -1.288
      6.873     0.600    -1.285
      6.880     0.598    -1.283
      6.886     0.597    -1.281
      6.893     0.595    -1.279
      6.899     0.593    -1.277
      6.905     0.591    -1.275
      6.911     0.589    -1.273
      6.918     0.587    -1.271
      6.924     0.586    -1.269
      6.931     0.583    -1.266
      6.938     0.581    -1.264
      6.945     0.579    -1.262
      6.952     0.577    -1.260
      6.958     0.575    -1.257
      6.965     0.573    -1.255
      6.972     0.571    -1.253
      6.979     0.569    -1.251
      6.986     0.567    -1.248
      6.993     0.565    -1.246
      7.000     0.563    -1.244
      7.007     0.561    -1.242
      7.014     0.559    -1.240
      7.021     0.557    -1.238
      7.028     0.554    -1.235
      7.035     0.552    -1.233
      7.042     0.550    -1.231
      7.049     0.548    -1.229
      7.057     0.546    -1.227
      7.064     0.544    -1.224
      7.071     0.541    -1.222
      7.079     0.539    -1.220
      7.085     0.537    -1.218
      7.092     0.535    -1.216
      7.098     0.533    -1.214
      7.105     0.531    -1.212
      7.112     0.529    -1.210
      7.118     0.527    -1.208
      7.125     0.525    -1.207
      7.131     0.523    -1.205
      7.137     0.521    -1.203
      7.143     0.520    -1.201
      7.150     0.518    -1.199
      7.157     0.516    -1.198
      7.164     0.513    -1.196
      7.171     0.511    -1.194
      7.178     0.509    -1.192
      7.185     0.507    -1.190
      7.192     0.505    -1.188
      7.199     0.503    -1.186
      7.206     0.501    -1.184
      7.213     0.499    -1.182
      7.220     0.497    -1.180
      7.227     0.495    -1.178
      7.234     0.493    -1.177
      7.241     0.490    -1.175
      7.248     0.488    -1.173
      7.255     0.486    -1.171
      7.262     0.484    -1.169
      7.269     0.482    -1.167
      7.277     0.480    -1.166
      7.284     0.478    -1.164
      7.292     0.476    -1.162
      7.299     0.473    -1.160
      7.306     0.471    -1.158
      7.314     0.469    -1.156
      7.321     0.467    -1.155
      7.328     0.465    -1.153
      7.335     0.463    -1.151
      7.342     0.461    -1.150
      7.349     0.459    -1.148
      7.356     0.457    -1.146
      7.363     0.455    -1.145
      7.371     0.453    -1.143
      7.378     0.451    -1.141
      7.386     0.449    -1.140
      7.393     0.446    -1.138
      7.400     0.444    -1.136
      7.408     0.442    -1.135
      7.415     0.440    -1.133
      7.423     0.438    -1.132
      7.430     0.436    -1.130
      7.438     0.434    -1.128
      7.445     0.432    -1.127
      7.453     0.430    -1.125
      7.460     0.428    -1.124
      7.467     0.426    -1.122
      7.474     0.424    -1.121
      7.481     0.422    -1.120
      7.488     0.420    -1.118
