Count of Points:874

WCS coordinates of Points:
      1.181     0.000    -0.259
      1.187     0.003    -0.259
      1.194     0.007    -0.259
      1.200     0.010    -0.259
      1.207     0.014    -0.259
      1.213     0.017    -0.259
      1.219     0.020    -0.259
      1.226     0.024    -0.259
      1.232     0.027    -0.259
      1.238     0.030    -0.259
      1.245     0.034    -0.259
      1.251     0.037    -0.259
      1.258     0.041    -0.259
      1.264     0.044    -0.259
      1.270     0.047    -0.259
      1.277     0.050    -0.259
      1.283     0.054    -0.259
      1.290     0.057    -0.259
      1.296     0.060    -0.259
      1.303     0.064    -0.259
      1.309     0.067    -0.259
      1.316     0.070    -0.259
      1.322     0.073    -0.259
      1.329     0.076    -0.259
      1.336     0.080    -0.259
      1.343     0.083    -0.259
      1.350     0.087    -0.259
      1.358     0.090    -0.259
      1.365     0.094    -0.259
      1.371     0.097    -0.259
      1.378     0.100    -0.259
      1.384     0.103    -0.259
      1.391     0.106    -0.259
      1.398     0.109    -0.259
      1.404     0.113    -0.259
      1.411     0.116    -0.259
      1.418     0.119    -0.259
      1.425     0.122    -0.259
      1.433     0.126    -0.259
      1.440     0.129    -0.259
      1.447     0.132    -0.259
      1.454     0.135    -0.259
      1.462     0.139    -0.259
      1.469     0.142    -0.259
      1.476     0.145    -0.259
      1.484     0.148    -0.259
      1.491     0.152    -0.259
      1.498     0.155    -0.259
      1.505     0.158    -0.259
      1.512     0.161    -0.259
      1.519     0.164    -0.259
      1.526     0.166    -0.259
      1.533     0.169    -0.259
      1.539     0.172    -0.259
      1.546     0.175    -0.259
      1.553     0.178    -0.259
      1.559     0.180    -0.259
      1.567     0.183    -0.259
      1.574     0.186    -0.259
      1.582     0.189    -0.259
      1.589     0.192    -0.259
      1.596     0.195    -0.259
      1.604     0.198    -0.259
      1.611     0.201    -0.259
      1.619     0.204    -0.259
      1.626     0.207    -0.259
      1.634     0.210    -0.259
      1.641     0.213    -0.259
      1.648     0.216    -0.259
      1.656     0.218    -0.259
      1.663     0.221    -0.259
      1.670     0.224    -0.259
      1.678     0.227    -0.259
      1.685     0.229    -0.259
      1.693     0.232    -0.259
      1.700     0.235    -0.259
      1.708     0.237    -0.259
      1.715     0.240    -0.259
      1.723     0.243    -0.259
      1.730     0.245    -0.259
      1.738     0.248    -0.259
      1.745     0.251    -0.259
      1.753     0.253    -0.259
      1.760     0.256    -0.259
      1.768     0.258    -0.259
      1.776     0.261    -0.259
      1.783     0.263    -0.259
      1.790     0.266    -0.259
      1.797     0.268    -0.259
      1.804     0.270    -0.259
      1.811     0.272    -0.259
      1.818     0.274    -0.259
      1.825     0.277    -0.259
      1.832     0.279    -0.259
      1.839     0.281    -0.259
      1.847     0.284    -0.259
      1.854     0.286    -0.259
      1.862     0.288    -0.259
      1.870     0.290    -0.259
      1.877     0.293    -0.259
      1.885     0.295    -0.259
      1.893     0.297    -0.259
      1.900     0.299    -0.259
      1.908     0.302    -0.259
      1.916     0.304    -0.259
      1.923     0.306    -0.259
      1.931     0.308    -0.259
      1.938     0.310    -0.259
      1.946     0.312    -0.259
      1.954     0.314    -0.259
      1.962     0.316    -0.259
      1.969     0.318    -0.259
      1.977     0.320    -0.259
      1.985     0.322    -0.259
      1.992     0.324    -0.259
      2.000     0.326    -0.259
      2.007     0.328    -0.259
      2.015     0.330    -0.259
      2.023     0.332    -0.259
      2.031     0.334    -0.259
      2.039     0.335    -0.259
      2.046     0.337    -0.259
      2.054     0.339    -0.259
      2.062     0.341    -0.259
      2.070     0.342    -0.259
      2.078     0.344    -0.259
      2.085     0.346    -0.259
      2.093     0.348    -0.259
      2.101     0.349    -0.259
      2.109     0.351    -0.259
      2.116     0.352    -0.259
      2.124     0.354    -0.259
      2.132     0.356    -0.259
      2.140     0.357    -0.259
      2.147     0.359    -0.259
      2.155     0.360    -0.259
      2.163     0.362    -0.259
      2.171     0.363    -0.259
      2.179     0.365    -0.259
      2.187     0.366    -0.259
      2.195     0.367    -0.259
      2.203     0.369    -0.259
      2.210     0.370    -0.259
      2.218     0.371    -0.259
      2.226     0.373    -0.259
      2.234     0.374    -0.259
      2.242     0.375    -0.259
      2.249     0.376    -0.259
      2.257     0.377    -0.259
      2.264     0.379    -0.259
      2.271     0.380    -0.259
      2.278     0.381    -0.259
      2.286     0.382    -0.259
      2.293     0.383    -0.259
      2.300     0.384    -0.259
      2.307     0.385    -0.259
      2.314     0.386    -0.259
      2.322     0.387    -0.259
      2.329     0.387    -0.259
      2.336     0.388    -0.259
      2.344     0.389    -0.259
      2.352     0.390    -0.259
      2.360     0.391    -0.259
      2.368     0.392    -0.259
      2.376     0.393    -0.259
      2.384     0.394    -0.259
      2.392     0.394    -0.259
      2.400     0.395    -0.259
      2.408     0.396    -0.259
      2.415     0.397    -0.259
      2.423     0.397    -0.259
      2.431     0.398    -0.259
      2.439     0.399    -0.259
      2.447     0.399    -0.259
      2.455     0.400    -0.259
      2.463     0.400    -0.259
      2.471     0.401    -0.259
      2.479     0.402    -0.259
      2.487     0.402    -0.259
      2.494     0.403    -0.259
      2.502     0.403    -0.259
      2.510     0.403    -0.259
      2.518     0.404    -0.259
      2.526     0.404    -0.259
      2.534     0.405    -0.259
      2.542     0.405    -0.259
      2.550     0.405    -0.259
      2.558     0.406    -0.259
      2.566     0.406    -0.259
      2.574     0.406    -0.259
      2.582     0.406    -0.259
      2.590     0.406    -0.259
      2.598     0.407    -0.259
      2.606     0.407    -0.259
      2.614     0.407    -0.259
      2.622     0.407    -0.259
      2.630     0.407    -0.259
      2.637     0.407    -0.259
      2.645     0.407    -0.259
      2.653     0.407    -0.259
      2.661     0.407    -0.259
      2.669     0.407    -0.259
      2.677     0.407    -0.259
      2.685     0.407    -0.259
      2.693     0.407    -0.259
      2.701     0.407    -0.259
      2.709     0.406    -0.259
      2.717     0.406    -0.259
      2.725     0.406    -0.259
      2.733     0.406    -0.259
      2.741     0.405    -0.259
      2.749     0.405    -0.259
      2.757     0.405    -0.259
      2.765     0.404    -0.259
      2.772     0.404    -0.259
      2.779     0.404    -0.259
      2.787     0.403    -0.259
      2.794     0.403    -0.259
      2.801     0.402    -0.259
      2.809     0.402    -0.259
      2.817     0.401    -0.259
      2.825     0.401    -0.259
      2.833     0.400    -0.259
      2.841     0.400    -0.259
      2.849     0.399    -0.259
      2.857     0.398    -0.259
      2.865     0.398    -0.259
      2.872     0.397    -0.259
      2.880     0.396    -0.259
      2.888     0.396    -0.259
      2.896     0.395    -0.259
      2.904     0.394    -0.259
      2.912     0.393    -0.259
      2.920     0.393    -0.259
      2.928     0.392    -0.259
      2.936     0.391    -0.259
      2.944     0.390    -0.259
      2.952     0.389    -0.259
      2.960     0.388    -0.259
      2.968     0.387    -0.259
      2.976     0.386    -0.259
      2.984     0.385    -0.259
      2.991     0.384    -0.259
      2.998     0.383    -0.259
      3.006     0.382    -0.259
      3.013     0.381    -0.259
      3.020     0.380    -0.259
      3.027     0.379    -0.259
      3.035     0.378    -0.259
      3.043     0.377    -0.259
      3.051     0.375    -0.259
      3.059     0.374    -0.259
      3.067     0.373    -0.259
      3.075     0.371    -0.259
      3.083     0.370    -0.259
      3.090     0.369    -0.259
      3.097     0.368    -0.259
      3.105     0.366    -0.259
      3.112     0.365    -0.259
      3.119     0.364    -0.259
      3.126     0.362    -0.259
      3.133     0.361    -0.259
      3.141     0.360    -0.259
      3.148     0.358    -0.259
      3.155     0.357    -0.259
      3.162     0.356    -0.259
      3.169     0.354    -0.259
      3.176     0.353    -0.259
      3.183     0.351    -0.259
      3.190     0.350    -0.259
      3.197     0.349    -0.259
      3.203     0.347    -0.259
      3.210     0.346    -0.259
      3.218     0.344    -0.259
      3.225     0.342    -0.259
      3.232     0.341    -0.259
      3.239     0.339    -0.259
      3.246     0.338    -0.259
      3.253     0.336    -0.259
      3.261     0.334    -0.259
      3.269     0.332    -0.259
      3.276     0.331    -0.259
      3.284     0.329    -0.259
      3.292     0.327    -0.259
      3.300     0.325    -0.259
      3.307     0.323    -0.259
      3.315     0.321    -0.259
      3.323     0.319    -0.259
      3.331     0.317    -0.259
      3.338     0.315    -0.259
      3.346     0.313    -0.259
      3.353     0.311    -0.259
      3.361     0.309    -0.259
      3.369     0.307    -0.259
      3.376     0.305    -0.259
      3.384     0.302    -0.259
      3.392     0.300    -0.259
      3.399     0.298    -0.259
      3.407     0.296    -0.259
      3.414     0.294    -0.259
      3.422     0.292    -0.259
      3.429     0.289    -0.259
      3.437     0.287    -0.259
      3.445     0.285    -0.259
      3.452     0.282    -0.259
      3.460     0.280    -0.259
      3.468     0.278    -0.259
      3.475     0.275    -0.259
      3.483     0.273    -0.259
      3.491     0.271    -0.259
      3.498     0.268    -0.259
      3.506     0.266    -0.259
      3.514     0.263    -0.259
      3.521     0.261    -0.259
      3.529     0.258    -0.259
      3.536     0.256    -0.259
      3.543     0.253    -0.259
      3.551     0.251    -0.259
      3.558     0.248    -0.259
      3.566     0.246    -0.259
      3.574     0.243    -0.259
      3.581     0.240    -0.259
      3.589     0.238    -0.259
      3.596     0.235    -0.259
      3.604     0.232    -0.259
      3.611     0.230    -0.259
      3.619     0.227    -0.259
      3.626     0.224    -0.259
      3.634     0.222    -0.259
      3.642     0.219    -0.259
      3.649     0.216    -0.259
      3.657     0.213    -0.259
      3.663     0.211    -0.259
      3.670     0.208    -0.259
      3.677     0.206    -0.259
      3.684     0.203    -0.259
      3.691     0.200    -0.259
      3.698     0.198    -0.259
      3.705     0.195    -0.259
      3.713     0.192    -0.259
      3.720     0.189    -0.259
      3.727     0.186    -0.259
      3.735     0.183    -0.259
      3.742     0.180    -0.259
      3.749     0.177    -0.259
      3.757     0.174    -0.259
      3.764     0.171    -0.259
      3.771     0.168    -0.259
      3.779     0.165    -0.259
      3.786     0.162    -0.259
      3.794     0.159    -0.259
      3.801     0.156    -0.259
      3.808     0.153    -0.259
      3.816     0.150    -0.259
      3.823     0.147    -0.259
      3.830     0.144    -0.259
      3.838     0.140    -0.259
      3.845     0.137    -0.259
      3.853     0.134    -0.259
      3.860     0.131    -0.259
      3.867     0.128    -0.259
      3.874     0.125    -0.259
      3.881     0.122    -0.259
      3.887     0.119    -0.259
      3.894     0.116    -0.259
      3.901     0.113    -0.259
      3.907     0.110    -0.259
      3.915     0.106    -0.259
      3.922     0.103    -0.259
      3.929     0.100    -0.259
      3.937     0.097    -0.259
      3.944     0.093    -0.259
      3.951     0.090    -0.259
      3.958     0.086    -0.259
      3.965     0.083    -0.259
      3.972     0.080    -0.259
      3.978     0.077    -0.259
      3.985     0.074    -0.259
      3.992     0.071    -0.259
      3.998     0.068    -0.259
      4.005     0.065    -0.259
      4.012     0.061    -0.259
      4.018     0.058    -0.259
      4.025     0.055    -0.259
      4.031     0.052    -0.259
      4.038     0.049    -0.259
      4.044     0.046    -0.259
      4.050     0.043    -0.259
      4.057     0.040    -0.259
      4.063     0.036    -0.259
      4.069     0.033    -0.259
      4.076     0.030    -0.259
      4.083     0.026    -0.259
      4.091     0.023    -0.259
      4.098     0.019    -0.259
      4.105     0.016    -0.259
      4.112     0.012    -0.258
      4.119     0.009    -0.258
      4.126     0.005    -0.258
      4.133     0.001    -0.258
      4.140    -0.002    -0.258
      4.147    -0.006    -0.258
      4.154    -0.010    -0.258
      4.161    -0.013    -0.258
      4.168    -0.017    -0.258
      4.176    -0.021    -0.258
      4.183    -0.024    -0.258
      4.190    -0.028    -0.258
      4.197    -0.032    -0.258
      4.204    -0.035    -0.258
      4.211    -0.039    -0.258
      4.218    -0.043    -0.258
      4.225    -0.047    -0.258
      4.232    -0.050    -0.258
      4.239    -0.054    -0.258
      4.245    -0.057    -0.258
      4.252    -0.061    -0.258
      4.258    -0.064    -0.258
      4.265    -0.068    -0.258
      4.271    -0.071    -0.258
      4.278    -0.075    -0.258
      4.285    -0.079    -0.258
      4.292    -0.083    -0.258
      4.299    -0.087    -0.258
      4.306    -0.090    -0.258
      4.313    -0.094    -0.258
      4.320    -0.098    -0.258
      4.327    -0.102    -0.258
      4.333    -0.105    -0.258
      4.339    -0.109    -0.258
      4.346    -0.112    -0.258
      4.352    -0.116    -0.258
      4.359    -0.120    -0.258
      4.365    -0.123    -0.258
      4.371    -0.127    -0.258
      4.378    -0.130    -0.258
      4.384    -0.134    -0.258
      4.391    -0.137    -0.258
      4.397    -0.141    -0.258
      4.403    -0.145    -0.258
      4.409    -0.148    -0.257
      4.415    -0.151    -0.257
      4.421    -0.155    -0.257
      4.427    -0.158    -0.257
      4.434    -0.162    -0.257
      4.441    -0.166    -0.257
      4.448    -0.170    -0.257
      4.455    -0.174    -0.257
      4.462    -0.178    -0.257
      4.469    -0.182    -0.257
      4.476    -0.186    -0.257
      4.482    -0.190    -0.257
      4.488    -0.194    -0.257
      4.495    -0.197    -0.257
      4.501    -0.201    -0.257
      4.507    -0.205    -0.257
      4.514    -0.208    -0.257
      4.520    -0.212    -0.257
      4.526    -0.216    -0.257
      4.533    -0.219    -0.257
      4.539    -0.223    -0.257
      4.545    -0.227    -0.257
      4.552    -0.231    -0.257
      4.558    -0.234    -0.257
      4.564    -0.238    -0.257
      4.570    -0.241    -0.257
      4.576    -0.245    -0.257
      4.581    -0.248    -0.257
      4.588    -0.252    -0.257
      4.594    -0.256    -0.257
      4.600    -0.260    -0.256
      4.607    -0.263    -0.256
      4.613    -0.267    -0.256
      4.619    -0.271    -0.256
      4.625    -0.275    -0.256
      4.631    -0.278    -0.256
      4.637    -0.282    -0.256
      4.643    -0.285    -0.256
      4.649    -0.289    -0.256
      4.656    -0.293    -0.256
      4.662    -0.297    -0.256
      4.669    -0.301    -0.256
      4.675    -0.305    -0.256
      4.682    -0.309    -0.256
      4.689    -0.313    -0.256
      4.695    -0.317    -0.256
      4.702    -0.321    -0.256
      4.708    -0.325    -0.256
      4.714    -0.328    -0.256
      4.720    -0.332    -0.256
      4.726    -0.336    -0.256
      4.733    -0.340    -0.256
      4.739    -0.344    -0.256
      4.745    -0.347    -0.255
      4.752    -0.352    -0.255
      4.759    -0.356    -0.255
      4.765    -0.360    -0.255
      4.772    -0.364    -0.255
      4.779    -0.368    -0.255
      4.786    -0.373    -0.255
      4.793    -0.377    -0.255
      4.799    -0.381    -0.255
      4.806    -0.385    -0.255
      4.813    -0.389    -0.255
      4.820    -0.393    -0.255
      4.826    -0.398    -0.255
      4.833    -0.402    -0.255
      4.840    -0.406    -0.255
      4.847    -0.410    -0.255
      4.853    -0.414    -0.255
      4.860    -0.419    -0.254
      4.867    -0.423    -0.254
      4.874    -0.427    -0.254
      4.880    -0.431    -0.254
      4.887    -0.435    -0.254
      4.894    -0.439    -0.254
      4.900    -0.444    -0.254
      4.907    -0.448    -0.254
      4.914    -0.452    -0.254
      4.921    -0.456    -0.254
      4.927    -0.461    -0.254
      4.934    -0.465    -0.254
      4.941    -0.469    -0.254
      4.948    -0.473    -0.254
      4.955    -0.478    -0.254
      4.961    -0.482    -0.253
      4.968    -0.486    -0.253
      4.975    -0.490    -0.253
      4.982    -0.495    -0.253
      4.988    -0.499    -0.253
      4.995    -0.503    -0.253
      5.002    -0.507    -0.253
      5.008    -0.511    -0.253
      5.015    -0.516    -0.253
      5.022    -0.520    -0.253
      5.028    -0.524    -0.253
      5.035    -0.528    -0.253
      5.042    -0.533    -0.252
      5.049    -0.537    -0.252
      5.056    -0.541    -0.252
      5.062    -0.545    -0.252
      5.069    -0.550    -0.252
      5.076    -0.554    -0.252
      5.083    -0.558    -0.252
      5.089    -0.562    -0.252
      5.096    -0.567    -0.252
      5.103    -0.571    -0.252
      5.109    -0.575    -0.252
      5.115    -0.579    -0.251
      5.122    -0.583    -0.251
      5.128    -0.587    -0.251
      5.134    -0.591    -0.251
      5.140    -0.594    -0.251
      5.147    -0.599    -0.251
      5.154    -0.603    -0.251
      5.161    -0.607    -0.251
      5.167    -0.612    -0.251
      5.174    -0.616    -0.251
      5.181    -0.620    -0.250
      5.187    -0.624    -0.250
      5.194    -0.628    -0.250
      5.201    -0.632    -0.250
      5.207    -0.637    -0.250
      5.214    -0.641    -0.250
      5.221    -0.645    -0.250
      5.228    -0.649    -0.250
      5.235    -0.654    -0.250
      5.241    -0.658    -0.249
      5.248    -0.662    -0.249
      5.255    -0.666    -0.249
      5.262    -0.671    -0.249
      5.268    -0.675    -0.249
      5.275    -0.679    -0.249
      5.282    -0.683    -0.249
      5.289    -0.688    -0.249
      5.296    -0.692    -0.249
      5.302    -0.696    -0.248
      5.308    -0.700    -0.248
      5.314    -0.704    -0.248
      5.321    -0.707    -0.248
      5.327    -0.711    -0.248
      5.333    -0.715    -0.248
      5.340    -0.719    -0.248
      5.347    -0.724    -0.248
      5.353    -0.728    -0.247
      5.360    -0.732    -0.247
      5.367    -0.736    -0.247
      5.374    -0.741    -0.247
      5.381    -0.745    -0.247
      5.387    -0.749    -0.247
      5.393    -0.753    -0.247
      5.399    -0.756    -0.246
      5.406    -0.760    -0.246
      5.412    -0.764    -0.246
      5.418    -0.768    -0.246
      5.424    -0.772    -0.246
      5.431    -0.776    -0.246
      5.437    -0.779    -0.246
      5.443    -0.783    -0.245
      5.449    -0.787    -0.245
      5.456    -0.791    -0.245
      5.461    -0.795    -0.245
      5.467    -0.798    -0.245
      5.473    -0.802    -0.245
      5.479    -0.805    -0.245
      5.485    -0.809    -0.245
      5.492    -0.813    -0.244
      5.499    -0.817    -0.244
      5.506    -0.822    -0.244
      5.512    -0.826    -0.244
      5.519    -0.830    -0.244
      5.526    -0.834    -0.244
      5.533    -0.838    -0.243
      5.539    -0.842    -0.243
      5.546    -0.846    -0.243
      5.553    -0.850    -0.243
      5.560    -0.854    -0.243
      5.567    -0.858    -0.242
      5.573    -0.863    -0.242
      5.580    -0.867    -0.242
      5.587    -0.871    -0.242
      5.594    -0.875    -0.242
      5.601    -0.879    -0.242
      5.608    -0.883    -0.241
      5.615    -0.887    -0.241
      5.622    -0.891    -0.241
      5.628    -0.895    -0.241
      5.635    -0.900    -0.241
      5.642    -0.904    -0.240
      5.648    -0.907    -0.240
      5.655    -0.911    -0.240
      5.661    -0.915    -0.240
      5.667    -0.919    -0.240
      5.674    -0.922    -0.240
      5.680    -0.926    -0.239
      5.687    -0.930    -0.239
      5.694    -0.934    -0.239
      5.701    -0.938    -0.239
      5.708    -0.942    -0.239
      5.715    -0.946    -0.238
      5.722    -0.950    -0.238
      5.728    -0.954    -0.238
      5.735    -0.958    -0.238
      5.741    -0.962    -0.238
      5.748    -0.965    -0.237
      5.754    -0.969    -0.237
      5.760    -0.973    -0.237
      5.767    -0.976    -0.237
      5.773    -0.980    -0.237
      5.779    -0.984    -0.236
      5.786    -0.987    -0.236
      5.792    -0.991    -0.236
      5.798    -0.995    -0.236
      5.805    -0.998    -0.236
      5.811    -1.002    -0.235
      5.817    -1.005    -0.235
      5.823    -1.008    -0.235
      5.829    -1.012    -0.235
      5.835    -1.015    -0.235
      5.842    -1.019    -0.234
      5.849    -1.023    -0.234
      5.856    -1.027    -0.234
      5.863    -1.031    -0.234
      5.870    -1.035    -0.233
      5.877    -1.039    -0.233
      5.884    -1.043    -0.233
      5.890    -1.046    -0.233
      5.897    -1.050    -0.232
      5.903    -1.053    -0.232
      5.909    -1.057    -0.232
      5.916    -1.061    -0.232
      5.922    -1.064    -0.232
      5.929    -1.068    -0.231
      5.935    -1.071    -0.231
      5.941    -1.075    -0.231
      5.948    -1.078    -0.231
      5.954    -1.082    -0.230
      5.961    -1.085    -0.230
      5.967    -1.089    -0.230
      5.973    -1.092    -0.230
      5.979    -1.095    -0.229
      5.985    -1.098    -0.229
      5.991    -1.102    -0.229
      5.998    -1.105    -0.229
      6.004    -1.109    -0.228
      6.011    -1.112    -0.228
      6.017    -1.116    -0.228
      6.023    -1.119    -0.228
      6.030    -1.123    -0.227
      6.036    -1.126    -0.227
      6.042    -1.129    -0.227
      6.048    -1.132    -0.227
      6.054    -1.135    -0.226
      6.060    -1.139    -0.226
      6.067    -1.142    -0.226
      6.074    -1.146    -0.226
      6.081    -1.149    -0.225
      6.088    -1.153    -0.225
      6.095    -1.157    -0.225
      6.101    -1.160    -0.224
      6.108    -1.164    -0.224
      6.115    -1.167    -0.224
      6.122    -1.171    -0.224
      6.129    -1.175    -0.223
      6.136    -1.178    -0.223
      6.144    -1.182    -0.223
      6.151    -1.186    -0.222
      6.158    -1.189    -0.222
      6.165    -1.193    -0.222
      6.172    -1.196    -0.221
      6.179    -1.200    -0.221
      6.186    -1.203    -0.221
      6.193    -1.207    -0.220
      6.200    -1.210    -0.220
      6.207    -1.214    -0.220
      6.214    -1.218    -0.220
      6.222    -1.221    -0.219
      6.229    -1.225    -0.219
      6.236    -1.228    -0.219
      6.243    -1.232    -0.218
      6.250    -1.235    -0.218
      6.258    -1.239    -0.218
      6.265    -1.242    -0.217
      6.272    -1.246    -0.217
      6.279    -1.249    -0.217
      6.286    -1.252    -0.216
      6.292    -1.256    -0.216
      6.299    -1.259    -0.216
      6.306    -1.262    -0.215
      6.312    -1.265    -0.215
      6.319    -1.268    -0.215
      6.326    -1.272    -0.214
      6.333    -1.275    -0.214
      6.341    -1.279    -0.214
      6.348    -1.282    -0.213
      6.355    -1.285    -0.213
      6.362    -1.289    -0.213
      6.370    -1.292    -0.212
      6.376    -1.295    -0.212
      6.383    -1.298    -0.212
      6.390    -1.301    -0.211
      6.396    -1.304    -0.211
      6.403    -1.307    -0.211
      6.410    -1.310    -0.210
      6.416    -1.314    -0.210
      6.423    -1.317    -0.210
      6.430    -1.320    -0.209
      6.436    -1.323    -0.209
      6.443    -1.326    -0.209
      6.450    -1.329    -0.208
      6.456    -1.331    -0.208
      6.462    -1.334    -0.208
      6.469    -1.337    -0.208
      6.475    -1.340    -0.207
      6.481    -1.343    -0.207
      6.489    -1.346    -0.207
      6.496    -1.349    -0.206
      6.503    -1.352    -0.206
      6.511    -1.355    -0.205
      6.518    -1.358    -0.205
      6.525    -1.362    -0.205
      6.533    -1.365    -0.204
      6.539    -1.368    -0.204
      6.546    -1.371    -0.204
      6.553    -1.373    -0.203
      6.560    -1.376    -0.203
      6.566    -1.379    -0.203
      6.573    -1.382    -0.202
      6.580    -1.385    -0.202
      6.587    -1.388    -0.202
      6.593    -1.390    -0.201
      6.600    -1.393    -0.201
      6.607    -1.396    -0.201
      6.614    -1.399    -0.200
      6.620    -1.401    -0.200
      6.627    -1.404    -0.200
      6.633    -1.407    -0.199
      6.639    -1.409    -0.199
      6.646    -1.412    -0.199
      6.653    -1.414    -0.198
      6.659    -1.417    -0.198
      6.666    -1.420    -0.198
      6.673    -1.423    -0.197
      6.680    -1.425    -0.197
      6.687    -1.428    -0.197
      6.693    -1.430    -0.196
      6.700    -1.433    -0.196
      6.706    -1.435    -0.196
      6.713    -1.438    -0.195
      6.719    -1.440    -0.195
      6.726    -1.443    -0.195
      6.733    -1.446    -0.194
      6.741    -1.449    -0.194
      6.748    -1.451    -0.194
      6.755    -1.454    -0.193
      6.762    -1.457    -0.193
      6.769    -1.460    -0.193
      6.777    -1.462    -0.192
      6.784    -1.465    -0.192
      6.792    -1.468    -0.192
      6.799    -1.471    -0.191
      6.807    -1.473    -0.191
      6.814    -1.476    -0.190
      6.822    -1.479    -0.190
      6.829    -1.481    -0.190
      6.836    -1.484    -0.189
      6.843    -1.486    -0.189
      6.850    -1.489    -0.189
      6.857    -1.491    -0.188
      6.864    -1.494    -0.188
      6.871    -1.496    -0.188
      6.878    -1.498    -0.187
      6.885    -1.501    -0.187
      6.892    -1.503    -0.187
      6.899    -1.506    -0.186
      6.905    -1.508    -0.186
      6.912    -1.510    -0.186
      6.919    -1.512    -0.185
      6.925    -1.515    -0.185
      6.932    -1.517    -0.185
      6.939    -1.519    -0.184
      6.945    -1.521    -0.184
      6.952    -1.524    -0.184
      6.959    -1.526    -0.183
      6.966    -1.528    -0.183
      6.973    -1.530    -0.183
      6.980    -1.533    -0.182
      6.987    -1.535    -0.182
      6.994    -1.537    -0.182
      7.000    -1.539    -0.181
      7.007    -1.541    -0.181
      7.013    -1.543    -0.181
      7.020    -1.545    -0.181
      7.027    -1.547    -0.180
      7.035    -1.550    -0.180
      7.042    -1.552    -0.180
      7.049    -1.554    -0.179
      7.057    -1.557    -0.179
      7.064    -1.559    -0.179
      7.072    -1.561    -0.178
      7.079    -1.563    -0.178
      7.086    -1.565    -0.178
      7.093    -1.567    -0.177
      7.100    -1.569    -0.177
      7.107    -1.571    -0.177
      7.114    -1.573    -0.176
      7.121    -1.575    -0.176
      7.128    -1.577    -0.176
      7.135    -1.579    -0.175
      7.141    -1.581    -0.175
      7.148    -1.583    -0.175
      7.155    -1.585    -0.174
      7.162    -1.587    -0.174
      7.169    -1.589    -0.174
      7.177    -1.591    -0.173
      7.184    -1.593    -0.173
      7.192    -1.595    -0.173
      7.199    -1.597    -0.172
      7.207    -1.599    -0.172
      7.214    -1.601    -0.172
      7.222    -1.603    -0.172
      7.229    -1.605    -0.171
      7.237    -1.607    -0.171
      7.244    -1.609    -0.171
      7.252    -1.611    -0.170
      7.259    -1.612    -0.170
      7.267    -1.614    -0.170
      7.274    -1.616    -0.169
      7.282    -1.618    -0.169
      7.290    -1.620    -0.169
      7.298    -1.622    -0.168
      7.306    -1.624    -0.168
      7.313    -1.626    -0.168
      7.321    -1.628    -0.167
