Count of Points:190

WCS coordinates of Points:
      3.955     0.998    -2.227
      3.948     0.998    -2.229
      3.940     0.998    -2.230
      3.933     0.999    -2.231
      3.926     0.999    -2.232
      3.918     0.999    -2.234
      3.911     1.000    -2.235
      3.904     1.000    -2.236
      3.897     1.000    -2.237
      3.890     1.000    -2.238
      3.883     1.001    -2.239
      3.876     1.001    -2.241
      3.869     1.001    -2.242
      3.862     1.001    -2.243
      3.856     1.002    -2.244
      3.849     1.002    -2.245
      3.842     1.002    -2.246
      3.835     1.002    -2.247
      3.828     1.003    -2.248
      3.821     1.003    -2.249
      3.814     1.003    -2.250
      3.807     1.003    -2.251
      3.801     1.003    -2.253
      3.794     1.004    -2.254
      3.787     1.004    -2.255
      3.780     1.004    -2.256
      3.773     1.004    -2.257
      3.766     1.005    -2.258
      3.759     1.005    -2.259
      3.752     1.005    -2.260
      3.744     1.005    -2.261
      3.736     1.005    -2.262
      3.728     1.006    -2.263
      3.720     1.006    -2.264
      3.712     1.006    -2.266
      3.704     1.006    -2.267
      3.697     1.006    -2.268
      3.690     1.007    -2.269
      3.683     1.007    -2.270
      3.676     1.007    -2.270
      3.669     1.007    -2.271
      3.662     1.007    -2.272
      3.655     1.007    -2.273
      3.648     1.008    -2.274
      3.642     1.008    -2.275
      3.633     1.008    -2.276
      3.625     1.008    -2.277
      3.617     1.008    -2.278
      3.609     1.008    -2.279
      3.601     1.008    -2.280
      3.593     1.009    -2.281
      3.585     1.009    -2.282
      3.576     1.009    -2.283
      3.568     1.009    -2.284
      3.560     1.009    -2.285
      3.552     1.009    -2.286
      3.544     1.009    -2.287
      3.536     1.009    -2.288
      3.528     1.009    -2.289
      3.521     1.010    -2.290
      3.513     1.010    -2.291
      3.505     1.010    -2.292
      3.498     1.010    -2.293
      3.491     1.010    -2.293
      3.484     1.010    -2.294
      3.477     1.010    -2.295
      3.470     1.010    -2.296
      3.464     1.010    -2.296
      3.457     1.010    -2.297
      3.450     1.010    -2.298
      3.443     1.010    -2.299
      3.435     1.010    -2.300
      3.427     1.010    -2.300
      3.419     1.010    -2.301
      3.410     1.010    -2.302
      3.402     1.010    -2.303
      3.394     1.010    -2.304
      3.386     1.010    -2.305
      3.378     1.010    -2.306
      3.370     1.010    -2.306
      3.361     1.010    -2.307
      3.353     1.009    -2.308
      3.345     1.009    -2.309
      3.337     1.009    -2.310
      3.330     1.009    -2.310
      3.322     1.009    -2.311
      3.314     1.009    -2.312
      3.307     1.009    -2.313
      3.298     1.009    -2.313
      3.290     1.009    -2.314
      3.282     1.008    -2.315
      3.274     1.008    -2.316
      3.266     1.008    -2.316
      3.258     1.008    -2.317
      3.250     1.008    -2.318
      3.242     1.007    -2.318
      3.234     1.007    -2.319
      3.227     1.007    -2.320
      3.219     1.007    -2.320
      3.211     1.007    -2.321
      3.204     1.006    -2.322
      3.196     1.006    -2.322
      3.188     1.006    -2.323
      3.180     1.006    -2.324
      3.173     1.005    -2.324
      3.165     1.005    -2.325
      3.158     1.005    -2.326
      3.150     1.005    -2.326
      3.143     1.004    -2.327
      3.136     1.004    -2.327
      3.129     1.004    -2.328
      3.122     1.003    -2.329
      3.115     1.003    -2.329
      3.108     1.003    -2.330
      3.101     1.002    -2.330
      3.095     1.002    -2.331
      3.088     1.002    -2.331
      3.079     1.001    -2.332
      3.071     1.001    -2.332
      3.063     1.001    -2.333
      3.055     1.000    -2.334
      3.047     1.000    -2.334
      3.039     0.999    -2.335
      3.030     0.999    -2.335
      3.022     0.998    -2.336
      3.014     0.998    -2.337
      3.006     0.997    -2.337
      2.998     0.997    -2.338
      2.990     0.996    -2.338
      2.982     0.996    -2.339
      2.974     0.995    -2.339
      2.966     0.994    -2.340
      2.959     0.994    -2.341
      2.951     0.993    -2.341
      2.943     0.993    -2.342
      2.935     0.992    -2.342
      2.927     0.991    -2.343
      2.918     0.991    -2.343
      2.910     0.990    -2.344
      2.902     0.989    -2.344
      2.894     0.989    -2.345
      2.887     0.988    -2.345
      2.879     0.987    -2.346
      2.871     0.987    -2.346
      2.864     0.986    -2.347
      2.856     0.985    -2.347
      2.848     0.985    -2.348
      2.840     0.984    -2.348
      2.833     0.983    -2.349
      2.825     0.982    -2.349
      2.818     0.982    -2.350
      2.810     0.981    -2.350
      2.802     0.980    -2.351
      2.795     0.979    -2.351
      2.787     0.978    -2.352
      2.779     0.977    -2.352
      2.771     0.976    -2.353
      2.762     0.975    -2.353
      2.754     0.974    -2.354
      2.746     0.973    -2.354
      2.738     0.973    -2.355
      2.731     0.972    -2.355
      2.723     0.971    -2.355
      2.715     0.970    -2.356
      2.708     0.969    -2.356
      2.700     0.968    -2.357
      2.692     0.967    -2.357
      2.685     0.966    -2.358
      2.677     0.965    -2.358
      2.669     0.963    -2.359
      2.662     0.962    -2.359
      2.654     0.961    -2.359
      2.647     0.960    -2.360
      2.639     0.959    -2.360
      2.632     0.958    -2.361
      2.624     0.957    -2.361
      2.617     0.956    -2.362
      2.609     0.954    -2.362
      2.601     0.953    -2.362
      2.594     0.952    -2.363
      2.586     0.951    -2.363
      2.579     0.950    -2.364
      2.571     0.948    -2.364
      2.564     0.947    -2.365
      2.556     0.946    -2.365
      2.548     0.944    -2.365
      2.541     0.943    -2.366
      2.533     0.942    -2.366
      2.525     0.940    -2.367
      2.518     0.939    -2.367
