Count of Points:874

WCS coordinates of Points:
      1.181     0.000    -0.826
      1.187     0.004    -0.826
      1.193     0.008    -0.826
      1.199     0.011    -0.826
      1.206     0.015    -0.826
      1.212     0.019    -0.826
      1.218     0.022    -0.826
      1.224     0.026    -0.826
      1.230     0.030    -0.826
      1.236     0.033    -0.826
      1.242     0.037    -0.826
      1.248     0.041    -0.826
      1.254     0.044    -0.826
      1.261     0.048    -0.826
      1.267     0.051    -0.826
      1.273     0.055    -0.826
      1.279     0.058    -0.826
      1.286     0.062    -0.826
      1.292     0.066    -0.826
      1.298     0.069    -0.826
      1.304     0.073    -0.826
      1.311     0.076    -0.826
      1.317     0.080    -0.826
      1.323     0.083    -0.826
      1.330     0.087    -0.826
      1.337     0.091    -0.826
      1.344     0.094    -0.826
      1.351     0.098    -0.826
      1.358     0.102    -0.826
      1.364     0.105    -0.826
      1.371     0.108    -0.826
      1.377     0.112    -0.826
      1.384     0.115    -0.826
      1.390     0.118    -0.826
      1.396     0.122    -0.826
      1.403     0.125    -0.826
      1.410     0.128    -0.826
      1.417     0.132    -0.826
      1.424     0.136    -0.826
      1.431     0.139    -0.826
      1.438     0.143    -0.826
      1.445     0.146    -0.826
      1.452     0.149    -0.826
      1.460     0.153    -0.826
      1.467     0.156    -0.826
      1.474     0.160    -0.826
      1.481     0.163    -0.826
      1.488     0.166    -0.826
      1.495     0.170    -0.826
      1.502     0.173    -0.826
      1.508     0.176    -0.826
      1.515     0.179    -0.826
      1.521     0.182    -0.826
      1.528     0.185    -0.826
      1.535     0.188    -0.826
      1.541     0.191    -0.826
      1.548     0.194    -0.826
      1.555     0.197    -0.826
      1.562     0.200    -0.826
      1.569     0.203    -0.826
      1.577     0.206    -0.826
      1.584     0.209    -0.826
      1.591     0.213    -0.826
      1.599     0.216    -0.826
      1.606     0.219    -0.826
      1.613     0.222    -0.826
      1.620     0.225    -0.826
      1.628     0.228    -0.826
      1.635     0.231    -0.826
      1.642     0.234    -0.826
      1.649     0.236    -0.826
      1.657     0.239    -0.826
      1.664     0.242    -0.826
      1.671     0.245    -0.826
      1.679     0.248    -0.826
      1.686     0.251    -0.826
      1.693     0.254    -0.826
      1.701     0.256    -0.826
      1.708     0.259    -0.826
      1.715     0.262    -0.826
      1.723     0.265    -0.826
      1.730     0.267    -0.826
      1.737     0.270    -0.826
      1.745     0.273    -0.826
      1.752     0.276    -0.826
      1.760     0.278    -0.826
      1.767     0.281    -0.826
      1.774     0.283    -0.826
      1.781     0.286    -0.826
      1.788     0.288    -0.826
      1.794     0.290    -0.826
      1.801     0.293    -0.826
      1.808     0.295    -0.826
      1.815     0.297    -0.826
      1.822     0.300    -0.826
      1.830     0.302    -0.826
      1.837     0.305    -0.826
      1.845     0.307    -0.826
      1.852     0.309    -0.826
      1.860     0.312    -0.826
      1.868     0.314    -0.826
      1.875     0.316    -0.826
      1.883     0.319    -0.826
      1.890     0.321    -0.826
      1.898     0.323    -0.826
      1.905     0.326    -0.826
      1.913     0.328    -0.826
      1.920     0.330    -0.826
      1.928     0.332    -0.826
      1.935     0.334    -0.826
      1.943     0.336    -0.826
      1.950     0.339    -0.826
      1.958     0.341    -0.826
      1.965     0.343    -0.826
      1.973     0.345    -0.826
      1.980     0.347    -0.826
      1.988     0.349    -0.826
      1.996     0.351    -0.826
      2.003     0.353    -0.826
      2.011     0.355    -0.826
      2.019     0.357    -0.826
      2.026     0.359    -0.826
      2.034     0.361    -0.826
      2.042     0.363    -0.826
      2.049     0.364    -0.826
      2.057     0.366    -0.826
      2.065     0.368    -0.826
      2.073     0.370    -0.826
      2.080     0.372    -0.826
      2.088     0.373    -0.826
      2.095     0.375    -0.826
      2.103     0.377    -0.826
      2.111     0.378    -0.826
      2.118     0.380    -0.826
      2.126     0.382    -0.826
      2.134     0.383    -0.826
      2.142     0.385    -0.826
      2.149     0.387    -0.826
      2.157     0.388    -0.826
      2.165     0.390    -0.826
      2.173     0.391    -0.826
      2.180     0.393    -0.826
      2.188     0.394    -0.826
      2.196     0.396    -0.826
      2.204     0.397    -0.826
      2.212     0.398    -0.826
      2.219     0.400    -0.826
      2.227     0.401    -0.826
      2.234     0.402    -0.826
      2.241     0.403    -0.826
      2.248     0.405    -0.826
      2.255     0.406    -0.826
      2.262     0.407    -0.826
      2.269     0.408    -0.826
      2.277     0.409    -0.826
      2.284     0.410    -0.826
      2.291     0.411    -0.826
      2.298     0.412    -0.826
      2.305     0.413    -0.826
      2.312     0.414    -0.826
      2.320     0.415    -0.826
      2.328     0.417    -0.826
      2.336     0.418    -0.826
      2.344     0.419    -0.826
      2.351     0.420    -0.826
      2.359     0.421    -0.826
      2.367     0.422    -0.826
      2.375     0.422    -0.826
      2.383     0.423    -0.826
      2.391     0.424    -0.826
      2.398     0.425    -0.826
      2.406     0.426    -0.826
      2.414     0.427    -0.826
      2.422     0.427    -0.826
      2.429     0.428    -0.826
      2.437     0.429    -0.826
      2.445     0.430    -0.826
      2.453     0.430    -0.826
      2.461     0.431    -0.826
      2.469     0.432    -0.826
      2.476     0.432    -0.826
      2.484     0.433    -0.826
      2.492     0.433    -0.826
      2.500     0.434    -0.826
      2.508     0.435    -0.826
      2.516     0.435    -0.826
      2.523     0.436    -0.826
      2.531     0.436    -0.826
      2.539     0.437    -0.826
      2.547     0.437    -0.826
      2.555     0.437    -0.826
      2.563     0.438    -0.826
      2.571     0.438    -0.826
      2.579     0.438    -0.826
      2.587     0.439    -0.826
      2.594     0.439    -0.826
      2.602     0.439    -0.826
      2.610     0.439    -0.826
      2.618     0.440    -0.826
      2.626     0.440    -0.826
      2.634     0.440    -0.826
      2.642     0.440    -0.825
      2.649     0.440    -0.825
      2.657     0.440    -0.825
      2.665     0.441    -0.825
      2.673     0.441    -0.825
      2.681     0.441    -0.825
      2.689     0.441    -0.825
      2.697     0.441    -0.825
      2.705     0.441    -0.825
      2.713     0.441    -0.825
      2.721     0.440    -0.825
      2.729     0.440    -0.825
      2.736     0.440    -0.825
      2.743     0.440    -0.825
      2.750     0.440    -0.825
      2.758     0.440    -0.825
      2.765     0.440    -0.825
      2.772     0.439    -0.825
      2.780     0.439    -0.825
      2.788     0.439    -0.825
      2.796     0.439    -0.825
      2.804     0.438    -0.825
      2.812     0.438    -0.825
      2.820     0.438    -0.825
      2.827     0.437    -0.825
      2.835     0.437    -0.825
      2.843     0.436    -0.825
      2.851     0.436    -0.825
      2.859     0.435    -0.825
      2.867     0.435    -0.825
      2.874     0.434    -0.825
      2.882     0.434    -0.825
      2.890     0.433    -0.825
      2.898     0.433    -0.825
      2.906     0.432    -0.825
      2.914     0.432    -0.825
      2.922     0.431    -0.825
      2.930     0.430    -0.825
      2.938     0.430    -0.825
      2.946     0.429    -0.825
      2.953     0.428    -0.825
      2.961     0.427    -0.825
      2.968     0.427    -0.825
      2.975     0.426    -0.825
      2.982     0.425    -0.825
      2.990     0.424    -0.825
      2.997     0.424    -0.825
      3.005     0.423    -0.825
      3.013     0.422    -0.825
      3.020     0.421    -0.825
      3.028     0.420    -0.825
      3.036     0.419    -0.825
      3.044     0.418    -0.825
      3.052     0.417    -0.825
      3.059     0.416    -0.825
      3.066     0.415    -0.825
      3.074     0.414    -0.825
      3.081     0.413    -0.825
      3.088     0.412    -0.825
      3.095     0.411    -0.825
      3.102     0.410    -0.825
      3.109     0.409    -0.825
      3.117     0.408    -0.825
      3.124     0.407    -0.825
      3.131     0.406    -0.825
      3.138     0.405    -0.825
      3.145     0.404    -0.825
      3.152     0.403    -0.825
      3.159     0.402    -0.825
      3.165     0.401    -0.825
      3.172     0.400    -0.825
      3.179     0.398    -0.825
      3.186     0.397    -0.825
      3.193     0.396    -0.825
      3.200     0.395    -0.825
      3.207     0.393    -0.825
      3.215     0.392    -0.825
      3.222     0.391    -0.825
      3.229     0.389    -0.825
      3.237     0.388    -0.825
      3.245     0.387    -0.825
      3.253     0.385    -0.825
      3.260     0.384    -0.824
      3.268     0.382    -0.824
      3.276     0.381    -0.824
      3.284     0.379    -0.824
      3.291     0.377    -0.824
      3.299     0.376    -0.824
      3.307     0.374    -0.824
      3.314     0.373    -0.824
      3.322     0.371    -0.824
      3.330     0.369    -0.824
      3.337     0.368    -0.824
      3.345     0.366    -0.824
      3.353     0.364    -0.824
      3.360     0.363    -0.824
      3.368     0.361    -0.824
      3.376     0.359    -0.824
      3.383     0.357    -0.824
      3.391     0.356    -0.824
      3.398     0.354    -0.824
      3.406     0.352    -0.824
      3.414     0.350    -0.824
      3.422     0.348    -0.824
      3.429     0.347    -0.824
      3.437     0.345    -0.824
      3.445     0.343    -0.824
      3.452     0.341    -0.824
      3.460     0.339    -0.824
      3.468     0.337    -0.824
      3.475     0.335    -0.824
      3.483     0.333    -0.824
      3.491     0.331    -0.824
      3.498     0.329    -0.824
      3.506     0.327    -0.824
      3.513     0.325    -0.823
      3.521     0.323    -0.823
      3.528     0.321    -0.823
      3.536     0.319    -0.823
      3.544     0.317    -0.823
      3.551     0.315    -0.823
      3.559     0.313    -0.823
      3.567     0.310    -0.823
      3.574     0.308    -0.823
      3.582     0.306    -0.823
      3.589     0.304    -0.823
      3.597     0.302    -0.823
      3.605     0.299    -0.823
      3.612     0.297    -0.823
      3.620     0.295    -0.823
      3.627     0.293    -0.823
      3.634     0.291    -0.823
      3.641     0.289    -0.823
      3.648     0.286    -0.823
      3.655     0.284    -0.823
      3.662     0.282    -0.823
      3.669     0.280    -0.823
      3.677     0.278    -0.822
      3.684     0.275    -0.822
      3.692     0.273    -0.822
      3.699     0.271    -0.822
      3.707     0.268    -0.822
      3.714     0.266    -0.822
      3.722     0.264    -0.822
      3.729     0.261    -0.822
      3.737     0.259    -0.822
      3.744     0.256    -0.822
      3.752     0.254    -0.822
      3.759     0.252    -0.822
      3.767     0.249    -0.822
      3.774     0.247    -0.822
      3.782     0.244    -0.822
      3.789     0.242    -0.822
      3.797     0.239    -0.821
      3.804     0.236    -0.821
      3.812     0.234    -0.821
      3.819     0.231    -0.821
      3.827     0.229    -0.821
      3.834     0.226    -0.821
      3.842     0.224    -0.821
      3.849     0.221    -0.821
      3.855     0.219    -0.821
      3.862     0.216    -0.821
      3.869     0.214    -0.821
      3.876     0.212    -0.821
      3.883     0.209    -0.821
      3.890     0.207    -0.820
      3.898     0.204    -0.820
      3.905     0.201    -0.820
      3.913     0.199    -0.820
      3.920     0.196    -0.820
      3.928     0.193    -0.820
      3.935     0.190    -0.820
      3.942     0.188    -0.820
      3.949     0.185    -0.820
      3.956     0.183    -0.820
      3.962     0.180    -0.820
      3.969     0.178    -0.819
      3.976     0.175    -0.819
      3.983     0.173    -0.819
      3.990     0.170    -0.819
      3.996     0.168    -0.819
      4.003     0.165    -0.819
      4.010     0.163    -0.819
      4.017     0.160    -0.819
      4.023     0.158    -0.819
      4.030     0.155    -0.819
      4.036     0.153    -0.818
      4.042     0.150    -0.818
      4.049     0.148    -0.818
      4.056     0.145    -0.818
      4.064     0.142    -0.818
      4.071     0.139    -0.818
      4.078     0.136    -0.818
      4.086     0.134    -0.818
      4.093     0.131    -0.818
      4.100     0.128    -0.817
      4.107     0.125    -0.817
      4.115     0.122    -0.817
      4.122     0.119    -0.817
      4.129     0.116    -0.817
      4.137     0.114    -0.817
      4.144     0.111    -0.817
      4.151     0.108    -0.817
      4.159     0.105    -0.816
      4.166     0.102    -0.816
      4.173     0.099    -0.816
      4.181     0.096    -0.816
      4.188     0.093    -0.816
      4.195     0.090    -0.816
      4.203     0.087    -0.815
      4.210     0.084    -0.815
      4.217     0.081    -0.815
      4.224     0.078    -0.815
      4.231     0.075    -0.815
      4.238     0.073    -0.815
      4.244     0.070    -0.815
      4.251     0.067    -0.814
      4.258     0.064    -0.814
      4.265     0.061    -0.814
      4.272     0.058    -0.814
      4.280     0.055    -0.814
      4.287     0.052    -0.814
      4.294     0.049    -0.813
      4.302     0.046    -0.813
      4.309     0.043    -0.813
      4.316     0.040    -0.813
      4.322     0.037    -0.813
      4.329     0.035    -0.813
      4.336     0.032    -0.812
      4.342     0.029    -0.812
      4.349     0.026    -0.812
      4.356     0.023    -0.812
      4.363     0.021    -0.812
      4.369     0.018    -0.812
      4.376     0.015    -0.811
      4.383     0.012    -0.811
      4.389     0.009    -0.811
      4.396     0.006    -0.811
      4.402     0.004    -0.811
      4.408     0.001    -0.810
      4.414    -0.002    -0.810
      4.421    -0.004    -0.810
      4.428    -0.007    -0.810
      4.435    -0.011    -0.810
      4.443    -0.014    -0.809
      4.450    -0.017    -0.809
      4.457    -0.020    -0.809
      4.464    -0.023    -0.809
      4.472    -0.026    -0.808
      4.478    -0.029    -0.808
      4.485    -0.032    -0.808
      4.492    -0.035    -0.808
      4.498    -0.038    -0.808
      4.505    -0.041    -0.807
      4.512    -0.044    -0.807
      4.518    -0.047    -0.807
      4.525    -0.049    -0.807
      4.532    -0.052    -0.806
      4.538    -0.055    -0.806
      4.545    -0.058    -0.806
      4.552    -0.061    -0.806
      4.558    -0.064    -0.806
      4.564    -0.067    -0.805
      4.570    -0.069    -0.805
      4.577    -0.072    -0.805
      4.583    -0.075    -0.805
      4.589    -0.078    -0.804
      4.596    -0.081    -0.804
      4.603    -0.084    -0.804
      4.609    -0.086    -0.804
      4.616    -0.089    -0.803
      4.623    -0.092    -0.803
      4.629    -0.095    -0.803
      4.635    -0.098    -0.803
      4.641    -0.101    -0.802
      4.648    -0.103    -0.802
      4.654    -0.106    -0.802
      4.661    -0.109    -0.801
      4.668    -0.112    -0.801
      4.675    -0.115    -0.801
      4.682    -0.119    -0.801
      4.689    -0.122    -0.800
      4.696    -0.125    -0.800
      4.703    -0.128    -0.800
      4.710    -0.131    -0.799
      4.716    -0.134    -0.799
      4.723    -0.137    -0.799
      4.730    -0.140    -0.798
      4.736    -0.143    -0.798
      4.743    -0.145    -0.798
      4.749    -0.148    -0.797
      4.756    -0.151    -0.797
      4.763    -0.155    -0.797
      4.770    -0.158    -0.796
      4.777    -0.161    -0.796
      4.785    -0.164    -0.796
      4.792    -0.167    -0.795
      4.799    -0.171    -0.795
      4.806    -0.174    -0.795
      4.814    -0.177    -0.794
      4.821    -0.180    -0.794
      4.828    -0.183    -0.793
      4.835    -0.187    -0.793
      4.842    -0.190    -0.793
      4.849    -0.193    -0.792
      4.856    -0.196    -0.792
      4.864    -0.199    -0.791
      4.871    -0.202    -0.791
      4.878    -0.206    -0.791
      4.885    -0.209    -0.790
      4.892    -0.212    -0.790
      4.900    -0.215    -0.789
      4.907    -0.218    -0.789
      4.914    -0.221    -0.788
      4.921    -0.225    -0.788
      4.928    -0.228    -0.788
      4.935    -0.231    -0.787
      4.942    -0.234    -0.787
      4.950    -0.237    -0.786
      4.957    -0.241    -0.786
      4.964    -0.244    -0.785
      4.971    -0.247    -0.785
      4.979    -0.250    -0.784
      4.986    -0.254    -0.784
      4.993    -0.257    -0.783
      5.000    -0.260    -0.783
      5.007    -0.263    -0.782
      5.015    -0.266    -0.782
      5.022    -0.269    -0.781
      5.029    -0.272    -0.781
      5.036    -0.276    -0.780
      5.043    -0.279    -0.780
      5.050    -0.282    -0.779
      5.058    -0.285    -0.779
      5.065    -0.288    -0.778
      5.072    -0.292    -0.778
      5.079    -0.295    -0.777
      5.086    -0.298    -0.777
      5.094    -0.301    -0.776
      5.101    -0.304    -0.776
      5.108    -0.308    -0.775
      5.115    -0.311    -0.774
      5.123    -0.314    -0.774
      5.130    -0.317    -0.773
      5.137    -0.320    -0.773
      5.144    -0.323    -0.772
      5.150    -0.326    -0.772
      5.157    -0.329    -0.771
      5.164    -0.332    -0.771
      5.170    -0.335    -0.770
      5.177    -0.338    -0.769
      5.184    -0.341    -0.769
      5.191    -0.344    -0.768
      5.199    -0.347    -0.768
      5.206    -0.350    -0.767
      5.213    -0.354    -0.766
      5.220    -0.357    -0.766
      5.227    -0.360    -0.765
      5.234    -0.363    -0.764
      5.241    -0.366    -0.764
      5.249    -0.369    -0.763
      5.256    -0.372    -0.762
      5.263    -0.375    -0.762
      5.270    -0.378    -0.761
      5.278    -0.382    -0.760
      5.285    -0.385    -0.760
      5.292    -0.388    -0.759
      5.299    -0.391    -0.758
      5.307    -0.394    -0.758
      5.314    -0.397    -0.757
      5.321    -0.400    -0.756
      5.328    -0.404    -0.756
      5.336    -0.407    -0.755
      5.343    -0.410    -0.754
      5.349    -0.413    -0.754
      5.356    -0.416    -0.753
      5.363    -0.418    -0.752
      5.369    -0.421    -0.751
      5.376    -0.424    -0.751
      5.383    -0.427    -0.750
      5.390    -0.430    -0.749
      5.397    -0.433    -0.749
      5.404    -0.436    -0.748
      5.412    -0.439    -0.747
      5.419    -0.443    -0.746
      5.426    -0.446    -0.746
      5.433    -0.449    -0.745
      5.440    -0.452    -0.744
      5.447    -0.454    -0.743
      5.453    -0.457    -0.743
      5.460    -0.460    -0.742
      5.467    -0.463    -0.741
      5.473    -0.466    -0.740
      5.480    -0.469    -0.740
      5.487    -0.471    -0.739
      5.493    -0.474    -0.738
      5.500    -0.477    -0.737
      5.507    -0.480    -0.737
      5.513    -0.483    -0.736
      5.519    -0.485    -0.735
      5.526    -0.488    -0.734
      5.532    -0.491    -0.734
      5.538    -0.493    -0.733
      5.545    -0.496    -0.732
      5.552    -0.499    -0.731
      5.559    -0.502    -0.730
      5.566    -0.505    -0.729
      5.573    -0.508    -0.729
      5.581    -0.511    -0.728
      5.588    -0.514    -0.727
      5.595    -0.517    -0.726
      5.602    -0.520    -0.725
      5.609    -0.523    -0.724
      5.616    -0.526    -0.723
      5.624    -0.529    -0.722
      5.631    -0.532    -0.721
      5.638    -0.535    -0.720
      5.645    -0.538    -0.720
      5.653    -0.542    -0.719
      5.660    -0.545    -0.718
      5.667    -0.548    -0.717
      5.674    -0.551    -0.716
      5.682    -0.554    -0.715
      5.689    -0.557    -0.714
      5.696    -0.560    -0.713
      5.704    -0.563    -0.712
      5.711    -0.566    -0.711
      5.717    -0.569    -0.710
      5.724    -0.571    -0.709
      5.731    -0.574    -0.708
      5.737    -0.577    -0.707
      5.744    -0.580    -0.706
      5.751    -0.582    -0.705
      5.758    -0.585    -0.704
      5.765    -0.588    -0.703
      5.773    -0.591    -0.702
      5.780    -0.594    -0.701
      5.787    -0.597    -0.700
      5.794    -0.600    -0.699
      5.802    -0.603    -0.698
      5.808    -0.606    -0.697
      5.815    -0.609    -0.697
      5.822    -0.612    -0.696
      5.828    -0.614    -0.695
      5.835    -0.617    -0.694
      5.842    -0.620    -0.693
      5.848    -0.623    -0.692
      5.855    -0.625    -0.691
      5.862    -0.628    -0.690
      5.868    -0.631    -0.689
      5.875    -0.633    -0.688
      5.882    -0.636    -0.687
      5.888    -0.639    -0.686
      5.894    -0.641    -0.685
      5.900    -0.644    -0.684
      5.907    -0.646    -0.683
      5.913    -0.649    -0.682
      5.920    -0.652    -0.681
      5.927    -0.655    -0.680
      5.935    -0.658    -0.679
      5.942    -0.661    -0.678
      5.949    -0.664    -0.677
      5.957    -0.667    -0.676
      5.964    -0.670    -0.675
      5.971    -0.672    -0.674
      5.977    -0.675    -0.673
      5.984    -0.678    -0.672
      5.991    -0.680    -0.671
      5.997    -0.683    -0.669
      6.004    -0.686    -0.668
      6.011    -0.688    -0.667
      6.017    -0.691    -0.666
      6.024    -0.694    -0.665
      6.031    -0.696    -0.664
      6.037    -0.699    -0.663
      6.044    -0.702    -0.662
      6.050    -0.704    -0.661
      6.056    -0.707    -0.660
      6.063    -0.709    -0.659
      6.069    -0.712    -0.658
      6.075    -0.714    -0.657
      6.082    -0.717    -0.656
      6.089    -0.720    -0.655
      6.095    -0.722    -0.654
      6.102    -0.725    -0.653
      6.109    -0.728    -0.652
      6.115    -0.730    -0.651
      6.122    -0.733    -0.650
      6.128    -0.735    -0.649
      6.134    -0.738    -0.648
      6.141    -0.740    -0.647
      6.147    -0.743    -0.646
      6.154    -0.746    -0.645
      6.161    -0.748    -0.644
      6.168    -0.751    -0.642
      6.175    -0.754    -0.641
      6.182    -0.757    -0.640
      6.189    -0.760    -0.639
      6.196    -0.762    -0.638
      6.203    -0.765    -0.637
      6.210    -0.768    -0.636
      6.218    -0.771    -0.634
      6.225    -0.774    -0.633
      6.232    -0.777    -0.632
      6.240    -0.779    -0.631
      6.247    -0.782    -0.630
      6.254    -0.785    -0.628
      6.261    -0.788    -0.627
      6.268    -0.791    -0.626
      6.275    -0.793    -0.625
      6.283    -0.796    -0.624
      6.290    -0.799    -0.623
      6.297    -0.802    -0.621
      6.305    -0.805    -0.620
      6.312    -0.808    -0.619
      6.319    -0.810    -0.618
      6.327    -0.813    -0.616
      6.334    -0.816    -0.615
      6.341    -0.819    -0.614
      6.348    -0.822    -0.613
      6.356    -0.824    -0.612
      6.363    -0.827    -0.610
      6.370    -0.830    -0.609
      6.377    -0.833    -0.608
      6.384    -0.835    -0.607
      6.391    -0.838    -0.606
      6.397    -0.840    -0.605
      6.404    -0.843    -0.604
      6.411    -0.845    -0.603
      6.418    -0.848    -0.601
      6.425    -0.851    -0.600
      6.433    -0.854    -0.599
      6.440    -0.856    -0.598
      6.447    -0.859    -0.597
      6.455    -0.862    -0.595
      6.462    -0.865    -0.594
      6.469    -0.867    -0.593
      6.475    -0.870    -0.592
      6.482    -0.872    -0.591
      6.489    -0.875    -0.590
      6.496    -0.877    -0.589
      6.502    -0.880    -0.587
      6.509    -0.882    -0.586
      6.516    -0.885    -0.585
      6.523    -0.887    -0.584
      6.529    -0.890    -0.583
      6.536    -0.892    -0.582
      6.543    -0.894    -0.581
      6.549    -0.897    -0.580
      6.556    -0.899    -0.579
      6.562    -0.901    -0.578
      6.568    -0.904    -0.577
      6.575    -0.906    -0.576
      6.582    -0.909    -0.575
      6.589    -0.911    -0.573
      6.597    -0.914    -0.572
      6.604    -0.917    -0.571
      6.612    -0.919    -0.570
      6.619    -0.922    -0.569
      6.626    -0.924    -0.567
      6.633    -0.927    -0.566
      6.640    -0.929    -0.565
      6.647    -0.932    -0.564
      6.653    -0.934    -0.563
      6.660    -0.936    -0.562
      6.667    -0.939    -0.561
      6.674    -0.941    -0.560
      6.681    -0.943    -0.559
      6.687    -0.946    -0.558
      6.694    -0.948    -0.557
      6.701    -0.950    -0.556
      6.708    -0.953    -0.555
      6.714    -0.955    -0.554
      6.721    -0.957    -0.553
      6.727    -0.959    -0.552
      6.733    -0.962    -0.551
      6.740    -0.964    -0.550
      6.747    -0.966    -0.549
      6.753    -0.968    -0.547
      6.760    -0.971    -0.546
      6.767    -0.973    -0.545
      6.774    -0.975    -0.544
      6.781    -0.977    -0.543
      6.787    -0.980    -0.542
      6.794    -0.982    -0.541
      6.800    -0.984    -0.540
      6.806    -0.986    -0.539
      6.813    -0.988    -0.538
      6.820    -0.990    -0.537
      6.827    -0.993    -0.536
      6.835    -0.995    -0.535
      6.842    -0.997    -0.534
      6.849    -1.000    -0.533
      6.856    -1.002    -0.532
      6.863    -1.004    -0.531
      6.871    -1.007    -0.530
      6.878    -1.009    -0.529
      6.886    -1.011    -0.528
      6.893    -1.014    -0.526
      6.901    -1.016    -0.525
      6.908    -1.018    -0.524
      6.916    -1.021    -0.523
      6.923    -1.023    -0.522
      6.930    -1.025    -0.521
      6.937    -1.027    -0.520
      6.944    -1.029    -0.519
      6.951    -1.031    -0.518
      6.957    -1.033    -0.517
      6.964    -1.035    -0.516
      6.971    -1.037    -0.515
      6.978    -1.040    -0.514
      6.985    -1.042    -0.513
      6.992    -1.044    -0.512
      6.999    -1.046    -0.511
      7.006    -1.048    -0.510
      7.012    -1.050    -0.509
      7.019    -1.051    -0.508
      7.025    -1.053    -0.508
      7.032    -1.055    -0.507
      7.038    -1.057    -0.506
      7.045    -1.059    -0.505
      7.052    -1.061    -0.504
      7.059    -1.063    -0.503
      7.066    -1.065    -0.502
      7.073    -1.067    -0.501
      7.080    -1.069    -0.500
      7.086    -1.071    -0.499
      7.093    -1.072    -0.498
      7.100    -1.074    -0.497
      7.106    -1.076    -0.496
      7.113    -1.078    -0.496
      7.120    -1.080    -0.495
      7.127    -1.082    -0.494
      7.135    -1.084    -0.493
      7.142    -1.086    -0.492
      7.149    -1.087    -0.491
      7.157    -1.089    -0.490
      7.164    -1.091    -0.489
      7.171    -1.093    -0.488
      7.178    -1.095    -0.487
      7.185    -1.097    -0.486
      7.192    -1.099    -0.485
      7.199    -1.100    -0.484
      7.206    -1.102    -0.483
      7.213    -1.104    -0.483
      7.220    -1.105    -0.482
      7.226    -1.107    -0.481
      7.233    -1.109    -0.480
      7.240    -1.110    -0.479
      7.246    -1.112    -0.478
      7.254    -1.114    -0.477
      7.261    -1.115    -0.477
      7.268    -1.117    -0.476
      7.276    -1.119    -0.475
      7.283    -1.121    -0.474
      7.291    -1.122    -0.473
      7.298    -1.124    -0.472
      7.305    -1.126    -0.471
      7.313    -1.127    -0.470
      7.320    -1.129    -0.469
      7.328    -1.131    -0.469
      7.335    -1.132    -0.468
      7.342    -1.134    -0.467
      7.350    -1.136    -0.466
      7.357    -1.137    -0.465
      7.365    -1.139    -0.464
      7.373    -1.140    -0.463
      7.380    -1.142    -0.462
      7.388    -1.144    -0.462
      7.396    -1.145    -0.461
      7.404    -1.147    -0.460
      7.412    -1.148    -0.459
