Count of Points:59

WCS coordinates of Points:
      7.469     0.680    -1.194
      7.462     0.682    -1.195
      7.455     0.684    -1.197
      7.449     0.686    -1.198
      7.442     0.688    -1.200
      7.435     0.690    -1.202
      7.428     0.692    -1.203
      7.422     0.694    -1.205
      7.415     0.696    -1.206
      7.409     0.697    -1.208
      7.402     0.699    -1.209
      7.396     0.701    -1.211
      7.389     0.703    -1.212
      7.381     0.705    -1.214
      7.374     0.707    -1.216
      7.367     0.710    -1.218
      7.360     0.712    -1.219
      7.353     0.714    -1.221
      7.346     0.716    -1.223
      7.339     0.718    -1.225
      7.331     0.720    -1.226
      7.324     0.722    -1.228
      7.317     0.724    -1.230
      7.310     0.726    -1.232
      7.303     0.729    -1.234
      7.296     0.731    -1.236
      7.289     0.733    -1.238
      7.281     0.735    -1.240
      7.274     0.737    -1.241
      7.267     0.739    -1.244
      7.259     0.742    -1.246
      7.252     0.744    -1.248
      7.244     0.746    -1.250
      7.237     0.748    -1.252
      7.230     0.750    -1.254
      7.223     0.753    -1.256
      7.216     0.755    -1.258
      7.208     0.757    -1.260
      7.201     0.759    -1.262
      7.194     0.761    -1.264
      7.187     0.763    -1.266
      7.180     0.765    -1.268
      7.173     0.768    -1.270
      7.165     0.770    -1.272
      7.158     0.772    -1.274
      7.151     0.774    -1.276
      7.143     0.777    -1.279
      7.136     0.779    -1.281
      7.128     0.781    -1.283
      7.121     0.783    -1.285
      7.114     0.785    -1.288
      7.106     0.788    -1.290
      7.099     0.790    -1.292
      7.091     0.792    -1.294
      7.085     0.794    -1.297
      7.078     0.796    -1.299
      7.071     0.798    -1.301
      7.064     0.800    -1.303
      7.057     0.802    -1.305
