Count of Points:422

WCS coordinates of Points:
      2.002     0.712    -2.255
      2.009     0.715    -2.255
      2.017     0.717    -2.255
      2.024     0.720    -2.254
      2.031     0.723    -2.254
      2.039     0.726    -2.254
      2.046     0.729    -2.253
      2.053     0.731    -2.253
      2.060     0.734    -2.253
      2.067     0.736    -2.252
      2.074     0.739    -2.252
      2.081     0.741    -2.252
      2.088     0.743    -2.252
      2.094     0.746    -2.251
      2.101     0.748    -2.251
      2.108     0.751    -2.251
      2.115     0.753    -2.250
      2.122     0.755    -2.250
      2.129     0.757    -2.250
      2.136     0.760    -2.250
      2.142     0.762    -2.249
      2.149     0.764    -2.249
      2.155     0.766    -2.249
      2.162     0.768    -2.249
      2.168     0.770    -2.248
      2.175     0.772    -2.248
      2.182     0.774    -2.248
      2.189     0.776    -2.247
      2.196     0.778    -2.247
      2.203     0.780    -2.247
      2.210     0.782    -2.247
      2.216     0.784    -2.246
      2.223     0.786    -2.246
      2.229     0.788    -2.246
      2.236     0.790    -2.246
      2.243     0.791    -2.245
      2.250     0.793    -2.245
      2.257     0.795    -2.245
      2.265     0.797    -2.245
      2.272     0.799    -2.244
      2.279     0.801    -2.244
      2.287     0.803    -2.244
      2.294     0.805    -2.243
      2.302     0.807    -2.243
      2.309     0.809    -2.243
      2.316     0.810    -2.243
      2.323     0.812    -2.242
      2.330     0.814    -2.242
      2.337     0.815    -2.242
      2.344     0.817    -2.242
      2.350     0.818    -2.241
      2.357     0.820    -2.241
      2.364     0.821    -2.241
      2.370     0.823    -2.240
      2.377     0.824    -2.240
      2.384     0.826    -2.240
      2.392     0.828    -2.240
      2.399     0.829    -2.239
      2.407     0.831    -2.239
      2.414     0.832    -2.239
      2.422     0.834    -2.238
      2.429     0.835    -2.238
      2.437     0.837    -2.238
      2.444     0.838    -2.238
      2.452     0.840    -2.237
      2.459     0.841    -2.237
      2.467     0.843    -2.237
      2.474     0.844    -2.236
      2.482     0.845    -2.236
      2.489     0.847    -2.236
      2.497     0.848    -2.236
      2.504     0.849    -2.235
      2.512     0.851    -2.235
      2.520     0.852    -2.235
      2.528     0.853    -2.234
      2.536     0.855    -2.234
      2.544     0.856    -2.234
      2.551     0.857    -2.233
      2.558     0.858    -2.233
      2.565     0.859    -2.233
      2.572     0.861    -2.233
      2.579     0.862    -2.232
      2.587     0.863    -2.232
      2.593     0.864    -2.232
      2.600     0.865    -2.231
      2.607     0.866    -2.231
      2.614     0.867    -2.231
      2.620     0.868    -2.231
      2.628     0.869    -2.230
      2.636     0.870    -2.230
      2.643     0.871    -2.230
      2.651     0.872    -2.229
      2.658     0.873    -2.229
      2.666     0.874    -2.229
      2.673     0.875    -2.228
      2.681     0.875    -2.228
      2.688     0.876    -2.228
      2.696     0.877    -2.227
      2.703     0.878    -2.227
      2.711     0.879    -2.227
      2.719     0.880    -2.226
      2.726     0.881    -2.226
      2.734     0.882    -2.226
      2.741     0.882    -2.225
      2.749     0.883    -2.225
      2.757     0.884    -2.225
      2.765     0.885    -2.224
      2.773     0.886    -2.224
      2.781     0.886    -2.224
      2.789     0.887    -2.223
      2.797     0.888    -2.223
      2.804     0.888    -2.223
      2.812     0.889    -2.222
      2.819     0.890    -2.222
      2.827     0.890    -2.221
      2.834     0.891    -2.221
      2.842     0.892    -2.221
      2.850     0.892    -2.220
      2.858     0.893    -2.220
      2.865     0.893    -2.220
      2.873     0.894    -2.219
      2.881     0.895    -2.219
      2.889     0.895    -2.218
      2.897     0.896    -2.218
      2.905     0.896    -2.218
      2.913     0.897    -2.217
      2.921     0.897    -2.217
      2.929     0.898    -2.216
      2.937     0.898    -2.216
      2.945     0.899    -2.215
      2.953     0.899    -2.215
      2.960     0.900    -2.215
      2.968     0.900    -2.214
      2.975     0.900    -2.214
      2.983     0.901    -2.213
      2.990     0.901    -2.213
      2.997     0.901    -2.213
      3.004     0.902    -2.212
      3.011     0.902    -2.212
      3.019     0.902    -2.211
      3.026     0.903    -2.211
      3.033     0.903    -2.210
      3.040     0.903    -2.210
      3.046     0.903    -2.210
      3.053     0.904    -2.209
      3.060     0.904    -2.209
      3.068     0.904    -2.208
      3.075     0.904    -2.208
      3.083     0.905    -2.207
      3.090     0.905    -2.207
      3.098     0.905    -2.207
      3.106     0.905    -2.206
      3.113     0.905    -2.206
      3.121     0.905    -2.205
      3.128     0.906    -2.205
      3.136     0.906    -2.204
      3.144     0.906    -2.204
      3.151     0.906    -2.203
      3.159     0.906    -2.203
      3.166     0.906    -2.202
      3.174     0.906    -2.202
      3.182     0.906    -2.201
      3.190     0.907    -2.201
      3.198     0.907    -2.200
      3.206     0.907    -2.199
      3.213     0.907    -2.199
      3.221     0.907    -2.198
      3.229     0.907    -2.198
      3.237     0.907    -2.197
      3.245     0.907    -2.197
      3.252     0.907    -2.196
      3.260     0.907    -2.196
      3.267     0.907    -2.195
      3.275     0.907    -2.194
      3.283     0.907    -2.194
      3.290     0.907    -2.193
      3.298     0.907    -2.193
      3.306     0.907    -2.192
      3.314     0.907    -2.191
      3.322     0.906    -2.191
      3.330     0.906    -2.190
      3.338     0.906    -2.190
      3.346     0.906    -2.189
      3.354     0.906    -2.188
      3.362     0.906    -2.188
      3.370     0.906    -2.187
      3.378     0.906    -2.186
      3.386     0.905    -2.186
      3.393     0.905    -2.185
      3.401     0.905    -2.184
      3.408     0.905    -2.184
      3.416     0.905    -2.183
      3.423     0.905    -2.183
      3.431     0.905    -2.182
      3.438     0.904    -2.181
      3.446     0.904    -2.181
      3.454     0.904    -2.180
      3.461     0.904    -2.179
      3.469     0.904    -2.178
      3.476     0.903    -2.178
      3.484     0.903    -2.177
      3.492     0.903    -2.176
      3.500     0.903    -2.176
      3.508     0.902    -2.175
      3.516     0.902    -2.174
      3.524     0.902    -2.173
      3.532     0.901    -2.173
      3.539     0.901    -2.172
      3.547     0.901    -2.171
      3.555     0.901    -2.170
      3.563     0.900    -2.169
      3.571     0.900    -2.169
      3.579     0.900    -2.168
      3.587     0.899    -2.167
      3.594     0.899    -2.166
      3.602     0.899    -2.166
      3.609     0.898    -2.165
      3.617     0.898    -2.164
      3.625     0.898    -2.163
      3.632     0.897    -2.162
      3.640     0.897    -2.161
      3.648     0.897    -2.161
      3.656     0.896    -2.160
      3.664     0.896    -2.159
      3.672     0.896    -2.158
      3.679     0.895    -2.157
      3.687     0.895    -2.156
      3.694     0.894    -2.155
      3.702     0.894    -2.155
      3.709     0.894    -2.154
      3.716     0.893    -2.153
      3.724     0.893    -2.152
      3.731     0.892    -2.151
      3.739     0.892    -2.150
      3.746     0.892    -2.149
      3.753     0.891    -2.148
      3.761     0.891    -2.148
      3.768     0.890    -2.147
      3.775     0.890    -2.146
      3.783     0.890    -2.145
      3.790     0.889    -2.144
      3.797     0.889    -2.143
      3.804     0.888    -2.142
      3.811     0.888    -2.141
      3.818     0.888    -2.140
      3.825     0.887    -2.140
      3.831     0.887    -2.139
      3.838     0.886    -2.138
      3.845     0.886    -2.137
      3.853     0.885    -2.136
      3.860     0.885    -2.135
      3.868     0.885    -2.134
      3.875     0.884    -2.133
      3.883     0.884    -2.132
      3.890     0.883    -2.131
      3.898     0.883    -2.130
      3.905     0.882    -2.129
      3.913     0.882    -2.128
      3.920     0.881    -2.126
      3.928     0.881    -2.125
      3.935     0.880    -2.124
      3.943     0.880    -2.123
      3.950     0.879    -2.122
      3.958     0.879    -2.121
      3.965     0.878    -2.120
      3.973     0.878    -2.119
      3.981     0.877    -2.118
      3.989     0.876    -2.116
      3.997     0.876    -2.115
      4.005     0.875    -2.114
      4.013     0.875    -2.113
      4.020     0.874    -2.112
      4.028     0.874    -2.110
      4.035     0.873    -2.109
      4.043     0.873    -2.108
      4.050     0.872    -2.107
      4.058     0.872    -2.106
      4.065     0.871    -2.104
      4.073     0.871    -2.103
      4.081     0.870    -2.102
      4.088     0.869    -2.100
      4.096     0.869    -2.099
      4.104     0.868    -2.098
      4.112     0.868    -2.097
      4.120     0.867    -2.095
      4.128     0.866    -2.094
      4.136     0.866    -2.092
      4.143     0.865    -2.091
      4.151     0.865    -2.090
      4.159     0.864    -2.088
      4.167     0.863    -2.087
      4.174     0.863    -2.086
      4.182     0.862    -2.084
      4.189     0.862    -2.083
      4.196     0.861    -2.082
      4.204     0.861    -2.080
      4.211     0.860    -2.079
      4.219     0.859    -2.078
      4.226     0.859    -2.076
      4.234     0.858    -2.075
      4.241     0.858    -2.073
      4.249     0.857    -2.072
      4.256     0.856    -2.071
      4.264     0.856    -2.069
      4.271     0.855    -2.068
      4.279     0.854    -2.066
      4.287     0.854    -2.065
      4.295     0.853    -2.063
      4.303     0.852    -2.061
      4.310     0.852    -2.060
      4.318     0.851    -2.058
      4.326     0.851    -2.057
      4.334     0.850    -2.055
      4.342     0.849    -2.054
      4.349     0.849    -2.052
      4.357     0.848    -2.050
      4.365     0.847    -2.049
      4.372     0.847    -2.047
      4.379     0.846    -2.046
      4.387     0.845    -2.044
      4.394     0.845    -2.043
      4.402     0.844    -2.041
      4.410     0.843    -2.039
      4.417     0.843    -2.038
      4.425     0.842    -2.036
      4.433     0.841    -2.034
      4.441     0.841    -2.033
      4.448     0.840    -2.031
      4.455     0.839    -2.029
      4.463     0.839    -2.028
      4.470     0.838    -2.026
      4.477     0.837    -2.025
      4.485     0.837    -2.023
      4.492     0.836    -2.021
      4.499     0.836    -2.020
      4.506     0.835    -2.018
      4.514     0.834    -2.016
      4.521     0.834    -2.015
      4.528     0.833    -2.013
      4.535     0.832    -2.011
      4.542     0.832    -2.010
      4.550     0.831    -2.008
      4.557     0.830    -2.006
      4.565     0.830    -2.004
      4.572     0.829    -2.003
      4.579     0.828    -2.001
      4.587     0.828    -1.999
      4.594     0.827    -1.997
      4.602     0.826    -1.996
      4.609     0.826    -1.994
      4.617     0.825    -1.992
      4.625     0.824    -1.990
      4.632     0.823    -1.988
      4.640     0.823    -1.986
      4.648     0.822    -1.984
      4.656     0.821    -1.982
      4.663     0.820    -1.980
      4.671     0.820    -1.978
      4.679     0.819    -1.976
      4.686     0.818    -1.974
      4.694     0.818    -1.972
      4.701     0.817    -1.971
      4.709     0.816    -1.969
      4.716     0.815    -1.967
      4.723     0.815    -1.965
      4.730     0.814    -1.963
      4.738     0.813    -1.961
      4.746     0.813    -1.959
      4.753     0.812    -1.957
      4.761     0.811    -1.955
      4.769     0.810    -1.953
      4.776     0.810    -1.951
      4.784     0.809    -1.949
      4.791     0.808    -1.947
      4.798     0.807    -1.945
      4.805     0.807    -1.943
      4.813     0.806    -1.941
      4.820     0.805    -1.939
      4.827     0.804    -1.937
      4.834     0.804    -1.935
      4.842     0.803    -1.933
      4.849     0.802    -1.931
      4.856     0.802    -1.929
      4.863     0.801    -1.927
      4.870     0.800    -1.925
      4.877     0.799    -1.923
      4.885     0.799    -1.921
      4.892     0.798    -1.919
      4.900     0.797    -1.917
      4.908     0.796    -1.914
      4.915     0.795    -1.912
      4.923     0.795    -1.910
      4.930     0.794    -1.908
      4.937     0.793    -1.906
      4.945     0.792    -1.904
      4.952     0.792    -1.902
      4.959     0.791    -1.900
      4.966     0.790    -1.898
      4.973     0.789    -1.895
      4.980     0.789    -1.893
      4.988     0.788    -1.891
      4.995     0.787    -1.889
      5.002     0.786    -1.887
      5.009     0.785    -1.885
      5.016     0.785    -1.883
      5.023     0.784    -1.881
      5.030     0.783    -1.878
      5.037     0.782    -1.876
      5.044     0.781    -1.874
      5.052     0.781    -1.872
      5.059     0.780    -1.870
      5.066     0.779    -1.868
      5.073     0.778    -1.865
      5.080     0.777    -1.863
      5.087     0.777    -1.861
      5.094     0.776    -1.859
      5.101     0.775    -1.857
      5.108     0.774    -1.854
      5.116     0.773    -1.852
      5.123     0.773    -1.850
      5.130     0.772    -1.848
      5.137     0.771    -1.845
