Count of Points:889

WCS coordinates of Points:
      1.181     0.000    -0.133
      1.188     0.004    -0.133
      1.194     0.007    -0.133
      1.201     0.010    -0.133
      1.207     0.014    -0.133
      1.214     0.017    -0.133
      1.220     0.021    -0.133
      1.227     0.024    -0.133
      1.234     0.028    -0.133
      1.241     0.032    -0.133
      1.248     0.036    -0.133
      1.256     0.039    -0.133
      1.263     0.043    -0.133
      1.270     0.047    -0.133
      1.277     0.050    -0.133
      1.285     0.054    -0.133
      1.292     0.058    -0.133
      1.299     0.061    -0.133
      1.306     0.065    -0.133
      1.314     0.068    -0.133
      1.321     0.072    -0.133
      1.328     0.075    -0.133
      1.335     0.079    -0.133
      1.343     0.083    -0.133
      1.350     0.086    -0.133
      1.357     0.090    -0.133
      1.365     0.093    -0.133
      1.372     0.097    -0.133
      1.379     0.100    -0.133
      1.386     0.103    -0.133
      1.393     0.107    -0.133
      1.401     0.110    -0.133
      1.408     0.114    -0.133
      1.416     0.117    -0.133
      1.423     0.120    -0.133
      1.430     0.124    -0.133
      1.438     0.127    -0.133
      1.445     0.131    -0.133
      1.453     0.134    -0.133
      1.460     0.137    -0.133
      1.468     0.141    -0.133
      1.475     0.144    -0.133
      1.483     0.147    -0.133
      1.490     0.150    -0.133
      1.497     0.153    -0.133
      1.505     0.157    -0.133
      1.512     0.160    -0.133
      1.519     0.163    -0.133
      1.527     0.166    -0.133
      1.534     0.169    -0.133
      1.542     0.172    -0.133
      1.549     0.175    -0.133
      1.557     0.179    -0.133
      1.565     0.182    -0.133
      1.572     0.185    -0.133
      1.580     0.188    -0.133
      1.587     0.191    -0.133
      1.595     0.194    -0.133
      1.602     0.197    -0.133
      1.610     0.200    -0.133
      1.618     0.203    -0.133
      1.625     0.205    -0.133
      1.632     0.208    -0.133
      1.639     0.211    -0.133
      1.646     0.213    -0.133
      1.653     0.216    -0.133
      1.660     0.219    -0.133
      1.667     0.222    -0.133
      1.675     0.224    -0.133
      1.682     0.227    -0.133
      1.690     0.230    -0.133
      1.698     0.233    -0.133
      1.705     0.235    -0.133
      1.713     0.238    -0.133
      1.720     0.241    -0.133
      1.728     0.243    -0.133
      1.736     0.246    -0.133
      1.743     0.249    -0.133
      1.751     0.251    -0.133
      1.759     0.254    -0.133
      1.766     0.257    -0.133
      1.774     0.259    -0.133
      1.782     0.262    -0.133
      1.790     0.264    -0.133
      1.797     0.267    -0.133
      1.805     0.269    -0.133
      1.813     0.272    -0.133
      1.821     0.274    -0.133
      1.828     0.277    -0.133
      1.836     0.279    -0.133
      1.843     0.281    -0.133
      1.851     0.284    -0.133
      1.858     0.286    -0.133
      1.865     0.288    -0.133
      1.872     0.290    -0.133
      1.879     0.292    -0.133
      1.887     0.294    -0.133
      1.895     0.297    -0.133
      1.903     0.299    -0.133
      1.911     0.301    -0.133
      1.918     0.303    -0.133
      1.926     0.305    -0.133
      1.934     0.308    -0.133
      1.941     0.310    -0.133
      1.949     0.312    -0.133
      1.956     0.313    -0.133
      1.963     0.315    -0.133
      1.970     0.317    -0.133
      1.977     0.319    -0.133
      1.985     0.321    -0.133
      1.992     0.323    -0.133
      1.999     0.325    -0.133
      2.006     0.326    -0.133
      2.014     0.328    -0.133
      2.021     0.330    -0.133
      2.028     0.332    -0.133
      2.035     0.333    -0.133
      2.042     0.335    -0.133
      2.048     0.336    -0.133
      2.055     0.338    -0.133
      2.063     0.340    -0.133
      2.071     0.342    -0.133
      2.079     0.343    -0.133
      2.087     0.345    -0.133
      2.095     0.347    -0.133
      2.103     0.348    -0.133
      2.111     0.350    -0.133
      2.118     0.352    -0.133
      2.126     0.353    -0.133
      2.134     0.355    -0.133
      2.142     0.356    -0.133
      2.150     0.358    -0.133
      2.158     0.359    -0.133
      2.166     0.361    -0.133
      2.174     0.362    -0.133
      2.182     0.364    -0.133
      2.190     0.365    -0.133
      2.198     0.367    -0.133
      2.206     0.368    -0.133
      2.214     0.370    -0.133
      2.223     0.371    -0.133
      2.231     0.372    -0.133
      2.239     0.373    -0.133
      2.246     0.375    -0.133
      2.253     0.376    -0.133
      2.261     0.377    -0.133
      2.268     0.378    -0.133
      2.276     0.379    -0.133
      2.283     0.380    -0.133
      2.291     0.381    -0.133
      2.299     0.382    -0.133
      2.307     0.383    -0.133
      2.315     0.384    -0.133
      2.323     0.385    -0.133
      2.331     0.386    -0.133
      2.340     0.387    -0.133
      2.347     0.388    -0.133
      2.354     0.389    -0.133
      2.362     0.390    -0.133
      2.369     0.391    -0.133
      2.377     0.392    -0.133
      2.384     0.392    -0.133
      2.392     0.393    -0.133
      2.399     0.394    -0.133
      2.406     0.394    -0.133
      2.414     0.395    -0.133
      2.421     0.396    -0.133
      2.429     0.396    -0.133
      2.436     0.397    -0.133
      2.443     0.398    -0.133
      2.450     0.398    -0.133
      2.457     0.399    -0.133
      2.464     0.399    -0.133
      2.472     0.400    -0.133
      2.480     0.400    -0.133
      2.488     0.401    -0.133
      2.496     0.401    -0.133
      2.505     0.402    -0.133
      2.513     0.402    -0.133
      2.521     0.403    -0.133
      2.528     0.403    -0.133
      2.536     0.403    -0.133
      2.543     0.404    -0.133
      2.551     0.404    -0.133
      2.558     0.404    -0.133
      2.566     0.404    -0.133
      2.573     0.405    -0.133
      2.581     0.405    -0.133
      2.588     0.405    -0.133
      2.596     0.405    -0.133
      2.603     0.405    -0.133
      2.611     0.405    -0.133
      2.618     0.405    -0.133
      2.625     0.405    -0.133
      2.632     0.405    -0.133
      2.639     0.405    -0.133
      2.646     0.405    -0.133
      2.653     0.405    -0.133
      2.661     0.405    -0.133
      2.668     0.405    -0.133
      2.676     0.405    -0.133
      2.683     0.405    -0.133
      2.691     0.405    -0.133
      2.698     0.405    -0.133
      2.705     0.405    -0.133
      2.712     0.405    -0.133
      2.719     0.404    -0.133
      2.726     0.404    -0.133
      2.733     0.404    -0.133
      2.740     0.404    -0.133
      2.747     0.403    -0.133
      2.754     0.403    -0.133
      2.761     0.403    -0.133
      2.768     0.402    -0.133
      2.775     0.402    -0.133
      2.782     0.402    -0.133
      2.789     0.401    -0.133
      2.796     0.401    -0.133
      2.803     0.400    -0.133
      2.811     0.400    -0.133
      2.818     0.399    -0.133
      2.826     0.399    -0.133
      2.833     0.398    -0.133
      2.840     0.398    -0.133
      2.848     0.397    -0.133
      2.857     0.396    -0.133
      2.865     0.396    -0.133
      2.873     0.395    -0.133
      2.881     0.394    -0.133
      2.889     0.393    -0.133
      2.897     0.393    -0.133
      2.905     0.392    -0.133
      2.913     0.391    -0.133
      2.921     0.390    -0.133
      2.929     0.389    -0.133
      2.937     0.388    -0.133
      2.945     0.387    -0.133
      2.953     0.386    -0.133
      2.961     0.385    -0.133
      2.969     0.384    -0.133
      2.977     0.383    -0.133
      2.985     0.382    -0.133
      2.993     0.381    -0.133
      3.001     0.380    -0.133
      3.009     0.379    -0.133
      3.017     0.378    -0.133
      3.025     0.377    -0.133
      3.033     0.375    -0.133
      3.041     0.374    -0.133
      3.049     0.373    -0.133
      3.057     0.371    -0.133
      3.065     0.370    -0.133
      3.073     0.369    -0.133
      3.081     0.367    -0.133
      3.089     0.366    -0.133
      3.097     0.365    -0.133
      3.105     0.363    -0.133
      3.113     0.362    -0.133
      3.121     0.360    -0.133
      3.129     0.359    -0.133
      3.137     0.357    -0.133
      3.145     0.356    -0.133
      3.153     0.354    -0.133
      3.161     0.353    -0.133
      3.169     0.351    -0.133
      3.177     0.349    -0.133
      3.185     0.348    -0.133
      3.193     0.346    -0.133
      3.201     0.344    -0.133
      3.209     0.342    -0.133
      3.217     0.341    -0.133
      3.225     0.339    -0.133
      3.233     0.337    -0.133
      3.240     0.335    -0.133
      3.248     0.333    -0.133
      3.256     0.331    -0.133
      3.264     0.329    -0.133
      3.272     0.328    -0.133
      3.279     0.326    -0.133
      3.286     0.324    -0.133
      3.293     0.322    -0.133
      3.300     0.320    -0.133
      3.308     0.318    -0.133
      3.316     0.316    -0.133
      3.323     0.314    -0.133
      3.331     0.312    -0.133
      3.339     0.310    -0.133
      3.347     0.308    -0.133
      3.355     0.306    -0.133
      3.362     0.304    -0.133
      3.370     0.302    -0.133
      3.378     0.299    -0.133
      3.386     0.297    -0.133
      3.393     0.295    -0.133
      3.401     0.293    -0.133
      3.409     0.290    -0.133
      3.417     0.288    -0.133
      3.425     0.286    -0.133
      3.433     0.283    -0.133
      3.440     0.281    -0.133
      3.448     0.278    -0.133
      3.456     0.276    -0.133
      3.464     0.273    -0.133
      3.471     0.271    -0.133
      3.479     0.269    -0.133
      3.487     0.266    -0.133
      3.494     0.264    -0.133
      3.501     0.261    -0.133
      3.508     0.259    -0.133
      3.515     0.257    -0.133
      3.522     0.254    -0.133
      3.530     0.252    -0.133
      3.537     0.249    -0.133
      3.545     0.247    -0.133
      3.553     0.244    -0.133
      3.560     0.241    -0.133
      3.568     0.238    -0.133
      3.576     0.236    -0.133
      3.583     0.233    -0.133
      3.590     0.230    -0.133
      3.597     0.228    -0.133
      3.604     0.225    -0.133
      3.611     0.223    -0.133
      3.618     0.220    -0.133
      3.625     0.217    -0.133
      3.632     0.215    -0.133
      3.639     0.212    -0.133
      3.646     0.210    -0.133
      3.653     0.207    -0.133
      3.660     0.204    -0.133
      3.667     0.201    -0.133
      3.674     0.199    -0.133
      3.681     0.196    -0.133
      3.687     0.194    -0.133
      3.694     0.191    -0.133
      3.700     0.189    -0.133
      3.708     0.186    -0.133
      3.715     0.182    -0.133
      3.723     0.179    -0.133
      3.730     0.176    -0.133
      3.738     0.173    -0.133
      3.745     0.170    -0.133
      3.753     0.167    -0.133
      3.760     0.164    -0.133
      3.767     0.161    -0.133
      3.775     0.158    -0.133
      3.782     0.155    -0.133
      3.790     0.151    -0.133
      3.797     0.148    -0.133
      3.805     0.145    -0.133
      3.812     0.142    -0.133
      3.820     0.138    -0.133
      3.827     0.135    -0.133
      3.835     0.132    -0.133
      3.842     0.128    -0.133
      3.850     0.125    -0.133
      3.857     0.122    -0.133
      3.864     0.118    -0.133
      3.872     0.115    -0.133
      3.879     0.112    -0.133
      3.885     0.109    -0.133
      3.892     0.106    -0.133
      3.899     0.103    -0.133
      3.906     0.099    -0.133
      3.913     0.096    -0.133
      3.920     0.093    -0.133
      3.927     0.089    -0.133
      3.935     0.086    -0.133
      3.942     0.082    -0.133
      3.949     0.079    -0.133
      3.957     0.075    -0.133
      3.964     0.072    -0.133
      3.971     0.068    -0.133
      3.978     0.065    -0.133
      3.984     0.062    -0.133
      3.991     0.059    -0.133
      3.998     0.055    -0.133
      4.004     0.052    -0.133
      4.011     0.049    -0.133
      4.018     0.045    -0.133
      4.025     0.042    -0.133
      4.031     0.039    -0.133
      4.038     0.035    -0.133
      4.045     0.032    -0.133
      4.051     0.029    -0.133
      4.057     0.026    -0.133
      4.063     0.022    -0.133
      4.070     0.019    -0.133
      4.076     0.016    -0.133
      4.083     0.012    -0.133
      4.090     0.008    -0.133
      4.098     0.005    -0.133
      4.105     0.001    -0.133
      4.112    -0.003    -0.133
      4.119    -0.007    -0.133
      4.126    -0.011    -0.133
      4.133    -0.014    -0.133
      4.140    -0.018    -0.133
      4.146    -0.021    -0.133
      4.153    -0.025    -0.133
      4.159    -0.028    -0.133
      4.166    -0.032    -0.133
      4.173    -0.035    -0.133
      4.179    -0.039    -0.133
      4.186    -0.042    -0.133
      4.192    -0.046    -0.133
      4.199    -0.050    -0.133
      4.205    -0.053    -0.133
      4.212    -0.056    -0.133
      4.218    -0.060    -0.133
      4.224    -0.063    -0.133
      4.230    -0.067    -0.133
      4.236    -0.070    -0.133
      4.243    -0.074    -0.133
      4.249    -0.077    -0.133
      4.256    -0.081    -0.133
      4.262    -0.085    -0.133
      4.269    -0.088    -0.133
      4.275    -0.092    -0.133
      4.282    -0.096    -0.133
      4.288    -0.099    -0.133
      4.294    -0.103    -0.133
      4.300    -0.106    -0.133
      4.306    -0.110    -0.133
      4.312    -0.113    -0.133
      4.318    -0.117    -0.133
      4.324    -0.120    -0.133
      4.330    -0.124    -0.133
      4.337    -0.127    -0.133
      4.343    -0.131    -0.133
      4.349    -0.134    -0.133
      4.355    -0.138    -0.133
      4.360    -0.141    -0.133
      4.368    -0.145    -0.133
      4.375    -0.149    -0.133
      4.382    -0.154    -0.133
      4.389    -0.158    -0.133
      4.396    -0.162    -0.133
      4.403    -0.166    -0.133
      4.410    -0.170    -0.133
      4.417    -0.174    -0.133
      4.423    -0.178    -0.133
      4.430    -0.182    -0.133
      4.437    -0.186    -0.133
      4.443    -0.190    -0.133
      4.450    -0.194    -0.133
      4.456    -0.198    -0.133
      4.463    -0.202    -0.133
      4.469    -0.206    -0.133
      4.476    -0.210    -0.133
      4.482    -0.214    -0.133
      4.488    -0.217    -0.133
      4.495    -0.221    -0.133
      4.501    -0.225    -0.133
      4.507    -0.229    -0.133
      4.513    -0.232    -0.133
      4.519    -0.236    -0.133
      4.525    -0.240    -0.133
      4.532    -0.244    -0.133
      4.538    -0.248    -0.133
      4.545    -0.252    -0.133
      4.551    -0.256    -0.133
      4.558    -0.260    -0.133
      4.564    -0.264    -0.133
      4.570    -0.268    -0.133
      4.576    -0.271    -0.133
      4.582    -0.275    -0.133
      4.588    -0.279    -0.133
      4.594    -0.283    -0.133
      4.600    -0.287    -0.133
      4.606    -0.290    -0.133
      4.612    -0.294    -0.133
      4.618    -0.298    -0.133
      4.624    -0.302    -0.133
      4.630    -0.306    -0.133
      4.636    -0.309    -0.133
      4.642    -0.313    -0.133
      4.649    -0.317    -0.132
      4.655    -0.321    -0.132
      4.661    -0.325    -0.132
      4.668    -0.329    -0.132
      4.674    -0.334    -0.132
      4.681    -0.338    -0.132
      4.687    -0.341    -0.132
      4.693    -0.345    -0.132
      4.699    -0.349    -0.132
      4.705    -0.353    -0.132
      4.711    -0.357    -0.132
      4.717    -0.361    -0.132
      4.723    -0.365    -0.132
      4.729    -0.369    -0.132
      4.735    -0.372    -0.132
      4.741    -0.376    -0.132
      4.747    -0.380    -0.132
      4.753    -0.384    -0.132
      4.759    -0.388    -0.132
      4.764    -0.392    -0.132
      4.770    -0.396    -0.132
      4.776    -0.399    -0.132
      4.783    -0.403    -0.132
      4.789    -0.407    -0.132
      4.794    -0.411    -0.132
      4.800    -0.415    -0.132
      4.806    -0.419    -0.132
      4.812    -0.423    -0.132
      4.818    -0.427    -0.132
      4.824    -0.430    -0.132
      4.830    -0.434    -0.132
      4.836    -0.438    -0.132
      4.842    -0.442    -0.132
      4.848    -0.446    -0.132
      4.854    -0.450    -0.132
      4.860    -0.454    -0.132
      4.866    -0.458    -0.132
      4.873    -0.462    -0.132
      4.879    -0.467    -0.132
      4.885    -0.471    -0.132
      4.892    -0.475    -0.132
      4.898    -0.479    -0.132
      4.904    -0.483    -0.132
      4.910    -0.487    -0.132
      4.916    -0.491    -0.132
      4.922    -0.495    -0.132
      4.928    -0.499    -0.132
      4.934    -0.503    -0.132
      4.940    -0.507    -0.132
      4.946    -0.511    -0.132
      4.952    -0.515    -0.132
      4.958    -0.519    -0.132
      4.964    -0.523    -0.132
      4.969    -0.526    -0.132
      4.975    -0.530    -0.132
      4.981    -0.534    -0.132
      4.987    -0.538    -0.132
      4.993    -0.542    -0.132
      4.999    -0.546    -0.132
      5.005    -0.550    -0.132
      5.011    -0.554    -0.131
      5.017    -0.558    -0.131
      5.023    -0.562    -0.131
      5.029    -0.566    -0.131
      5.034    -0.570    -0.131
      5.040    -0.574    -0.131
      5.046    -0.578    -0.131
      5.052    -0.582    -0.131
      5.058    -0.586    -0.131
      5.064    -0.590    -0.131
      5.070    -0.594    -0.131
      5.076    -0.598    -0.131
      5.082    -0.602    -0.131
      5.088    -0.606    -0.131
      5.094    -0.610    -0.131
      5.100    -0.613    -0.131
      5.106    -0.617    -0.131
      5.112    -0.621    -0.131
      5.118    -0.625    -0.131
      5.123    -0.629    -0.131
      5.129    -0.633    -0.131
      5.135    -0.637    -0.131
      5.141    -0.641    -0.131
      5.147    -0.645    -0.131
      5.153    -0.649    -0.131
      5.159    -0.653    -0.131
      5.165    -0.657    -0.131
      5.171    -0.661    -0.131
      5.177    -0.665    -0.131
      5.183    -0.669    -0.131
      5.189    -0.673    -0.131
      5.195    -0.677    -0.131
      5.201    -0.681    -0.131
      5.207    -0.685    -0.131
      5.213    -0.689    -0.131
      5.219    -0.693    -0.131
      5.226    -0.698    -0.131
      5.232    -0.702    -0.130
      5.239    -0.706    -0.130
      5.246    -0.711    -0.130
      5.252    -0.715    -0.130
      5.258    -0.719    -0.130
      5.265    -0.724    -0.130
      5.271    -0.728    -0.130
      5.277    -0.732    -0.130
      5.283    -0.736    -0.130
      5.289    -0.740    -0.130
      5.295    -0.744    -0.130
      5.301    -0.748    -0.130
      5.307    -0.752    -0.130
      5.313    -0.756    -0.130
      5.319    -0.760    -0.130
      5.325    -0.764    -0.130
      5.331    -0.768    -0.130
      5.337    -0.772    -0.130
      5.343    -0.776    -0.130
      5.349    -0.780    -0.130
      5.355    -0.784    -0.130
      5.361    -0.787    -0.130
      5.367    -0.791    -0.130
      5.373    -0.795    -0.130
      5.378    -0.799    -0.130
      5.384    -0.803    -0.130
      5.390    -0.807    -0.130
      5.396    -0.811    -0.129
      5.402    -0.815    -0.129
      5.408    -0.819    -0.129
      5.414    -0.823    -0.129
      5.420    -0.827    -0.129
      5.426    -0.831    -0.129
      5.432    -0.834    -0.129
      5.438    -0.838    -0.129
      5.444    -0.842    -0.129
      5.450    -0.846    -0.129
      5.456    -0.850    -0.129
      5.462    -0.854    -0.129
      5.468    -0.858    -0.129
      5.474    -0.862    -0.129
      5.480    -0.866    -0.129
      5.486    -0.870    -0.129
      5.492    -0.874    -0.129
      5.498    -0.878    -0.129
      5.504    -0.881    -0.129
      5.509    -0.885    -0.129
      5.515    -0.889    -0.129
      5.521    -0.893    -0.129
      5.527    -0.897    -0.128
      5.533    -0.901    -0.128
      5.539    -0.905    -0.128
      5.545    -0.909    -0.128
      5.552    -0.913    -0.128
      5.558    -0.916    -0.128
      5.564    -0.920    -0.128
      5.570    -0.924    -0.128
      5.576    -0.928    -0.128
      5.582    -0.932    -0.128
      5.588    -0.936    -0.128
      5.594    -0.940    -0.128
      5.600    -0.944    -0.128
      5.606    -0.948    -0.128
      5.613    -0.952    -0.128
      5.620    -0.956    -0.128
      5.626    -0.961    -0.128
      5.633    -0.965    -0.128
      5.639    -0.969    -0.128
      5.645    -0.973    -0.128
      5.651    -0.976    -0.127
      5.657    -0.980    -0.127
      5.663    -0.984    -0.127
      5.669    -0.988    -0.127
      5.675    -0.992    -0.127
      5.681    -0.995    -0.127
      5.687    -0.999    -0.127
      5.693    -1.003    -0.127
      5.699    -1.007    -0.127
      5.705    -1.010    -0.127
      5.711    -1.014    -0.127
      5.717    -1.018    -0.127
      5.723    -1.022    -0.127
      5.730    -1.026    -0.127
      5.736    -1.029    -0.127
      5.742    -1.033    -0.127
      5.748    -1.037    -0.127
      5.754    -1.041    -0.127
      5.760    -1.045    -0.126
      5.766    -1.048    -0.126
      5.772    -1.052    -0.126
      5.779    -1.056    -0.126
      5.786    -1.060    -0.126
      5.792    -1.065    -0.126
      5.799    -1.069    -0.126
      5.806    -1.073    -0.126
      5.812    -1.077    -0.126
      5.818    -1.080    -0.126
      5.824    -1.084    -0.126
      5.830    -1.088    -0.126
      5.837    -1.091    -0.126
      5.843    -1.095    -0.126
      5.849    -1.099    -0.126
      5.856    -1.103    -0.126
      5.862    -1.107    -0.125
      5.869    -1.111    -0.125
      5.876    -1.115    -0.125
      5.883    -1.119    -0.125
      5.889    -1.123    -0.125
      5.896    -1.127    -0.125
      5.903    -1.131    -0.125
      5.910    -1.135    -0.125
      5.917    -1.139    -0.125
      5.923    -1.143    -0.125
      5.930    -1.147    -0.125
      5.937    -1.151    -0.125
      5.943    -1.155    -0.124
      5.950    -1.159    -0.124
      5.956    -1.163    -0.124
      5.963    -1.167    -0.124
      5.969    -1.170    -0.124
      5.976    -1.174    -0.124
      5.983    -1.178    -0.124
      5.989    -1.182    -0.124
      5.995    -1.185    -0.124
      6.001    -1.189    -0.124
      6.007    -1.192    -0.124
      6.014    -1.196    -0.124
      6.020    -1.200    -0.124
      6.026    -1.203    -0.123
      6.032    -1.207    -0.123
      6.038    -1.210    -0.123
      6.045    -1.214    -0.123
      6.051    -1.217    -0.123
      6.057    -1.221    -0.123
      6.063    -1.224    -0.123
      6.069    -1.228    -0.123
      6.075    -1.231    -0.123
      6.082    -1.235    -0.123
      6.088    -1.238    -0.123
      6.094    -1.242    -0.122
      6.100    -1.245    -0.122
      6.107    -1.248    -0.122
      6.113    -1.252    -0.122
      6.119    -1.255    -0.122
      6.125    -1.259    -0.122
      6.131    -1.262    -0.122
      6.138    -1.266    -0.122
      6.144    -1.269    -0.122
      6.150    -1.273    -0.122
      6.156    -1.276    -0.122
      6.163    -1.279    -0.121
      6.169    -1.283    -0.121
      6.175    -1.286    -0.121
      6.182    -1.290    -0.121
      6.188    -1.293    -0.121
      6.194    -1.296    -0.121
      6.201    -1.300    -0.121
      6.207    -1.303    -0.121
      6.213    -1.306    -0.121
      6.219    -1.310    -0.121
      6.225    -1.313    -0.121
      6.232    -1.316    -0.120
      6.238    -1.320    -0.120
      6.244    -1.323    -0.120
      6.251    -1.326    -0.120
      6.257    -1.330    -0.120
      6.264    -1.333    -0.120
      6.270    -1.336    -0.120
      6.276    -1.340    -0.120
      6.283    -1.343    -0.120
      6.289    -1.346    -0.120
      6.295    -1.349    -0.119
      6.302    -1.353    -0.119
      6.308    -1.356    -0.119
      6.315    -1.359    -0.119
      6.322    -1.363    -0.119
      6.329    -1.366    -0.119
      6.336    -1.370    -0.119
      6.343    -1.373    -0.119
      6.350    -1.377    -0.119
      6.356    -1.380    -0.118
      6.363    -1.383    -0.118
      6.369    -1.387    -0.118
      6.375    -1.390    -0.118
      6.382    -1.393    -0.118
      6.388    -1.396    -0.118
      6.395    -1.399    -0.118
      6.401    -1.402    -0.118
      6.407    -1.405    -0.118
      6.414    -1.408    -0.117
      6.420    -1.411    -0.117
      6.427    -1.415    -0.117
      6.433    -1.418    -0.117
      6.440    -1.421    -0.117
      6.446    -1.424    -0.117
      6.452    -1.427    -0.117
      6.459    -1.430    -0.117
      6.465    -1.433    -0.117
      6.472    -1.436    -0.117
      6.478    -1.439    -0.116
      6.485    -1.442    -0.116
      6.491    -1.445    -0.116
      6.498    -1.448    -0.116
      6.505    -1.451    -0.116
      6.512    -1.455    -0.116
      6.520    -1.458    -0.116
      6.527    -1.461    -0.116
      6.534    -1.464    -0.115
      6.540    -1.467    -0.115
      6.547    -1.470    -0.115
      6.554    -1.473    -0.115
      6.560    -1.476    -0.115
      6.567    -1.479    -0.115
      6.573    -1.482    -0.115
      6.580    -1.485    -0.115
      6.587    -1.488    -0.115
      6.594    -1.491    -0.114
      6.601    -1.494    -0.114
      6.609    -1.497    -0.114
      6.616    -1.501    -0.114
      6.623    -1.504    -0.114
      6.630    -1.507    -0.114
      6.638    -1.510    -0.114
      6.645    -1.513    -0.113
      6.652    -1.516    -0.113
      6.659    -1.519    -0.113
      6.667    -1.522    -0.113
      6.674    -1.525    -0.113
      6.681    -1.528    -0.113
      6.688    -1.531    -0.113
      6.694    -1.533    -0.113
      6.701    -1.536    -0.113
      6.707    -1.539    -0.112
      6.714    -1.542    -0.112
      6.721    -1.544    -0.112
      6.727    -1.547    -0.112
      6.734    -1.549    -0.112
      6.740    -1.552    -0.112
      6.747    -1.555    -0.112
      6.753    -1.557    -0.112
      6.760    -1.560    -0.111
      6.767    -1.563    -0.111
      6.774    -1.565    -0.111
      6.780    -1.568    -0.111
      6.787    -1.570    -0.111
      6.794    -1.573    -0.111
      6.800    -1.575    -0.111
      6.807    -1.578    -0.111
      6.814    -1.581    -0.111
      6.820    -1.583    -0.110
      6.827    -1.586    -0.110
      6.834    -1.588    -0.110
      6.841    -1.591    -0.110
      6.849    -1.594    -0.110
      6.856    -1.596    -0.110
      6.863    -1.599    -0.110
      6.871    -1.602    -0.110
      6.878    -1.604    -0.109
      6.884    -1.607    -0.109
      6.891    -1.609    -0.109
      6.898    -1.612    -0.109
      6.905    -1.614    -0.109
      6.911    -1.616    -0.109
      6.918    -1.619    -0.109
      6.926    -1.621    -0.109
      6.933    -1.624    -0.108
      6.940    -1.627    -0.108
      6.948    -1.629    -0.108
      6.955    -1.632    -0.108
      6.963    -1.634    -0.108
      6.970    -1.637    -0.108
      6.978    -1.639    -0.108
      6.985    -1.642    -0.108
      6.993    -1.644    -0.107
      7.000    -1.647    -0.107
      7.007    -1.649    -0.107
      7.015    -1.652    -0.107
      7.022    -1.654    -0.107
      7.029    -1.656    -0.107
      7.036    -1.658    -0.107
      7.043    -1.661    -0.107
      7.050    -1.663    -0.107
      7.056    -1.665    -0.106
      7.063    -1.667    -0.106
      7.070    -1.669    -0.106
      7.078    -1.671    -0.106
      7.085    -1.674    -0.106
      7.093    -1.676    -0.106
      7.100    -1.678    -0.106
      7.108    -1.681    -0.106
      7.115    -1.683    -0.105
      7.123    -1.685    -0.105
      7.130    -1.687    -0.105
      7.138    -1.690    -0.105
      7.146    -1.692    -0.105
      7.153    -1.694    -0.105
      7.161    -1.696    -0.105
      7.168    -1.698    -0.105
      7.175    -1.700    -0.105
      7.183    -1.703    -0.104
      7.191    -1.705    -0.104
      7.198    -1.707    -0.104
      7.206    -1.709    -0.104
      7.213    -1.711    -0.104
      7.221    -1.713    -0.104
      7.228    -1.715    -0.104
      7.236    -1.717    -0.104
      7.243    -1.719    -0.103
      7.251    -1.721    -0.103
      7.259    -1.723    -0.103
      7.266    -1.725    -0.103
      7.274    -1.727    -0.103
      7.282    -1.729    -0.103
      7.289    -1.731    -0.103
      7.297    -1.733    -0.103
