Count of Points:248

WCS coordinates of Points:
      5.786     0.675    -1.619
      5.794     0.673    -1.616
      5.801     0.672    -1.613
      5.809     0.670    -1.611
      5.816     0.669    -1.608
      5.824     0.668    -1.605
      5.832     0.666    -1.602
      5.839     0.665    -1.599
      5.846     0.664    -1.597
      5.853     0.662    -1.594
      5.860     0.661    -1.591
      5.867     0.660    -1.589
      5.874     0.658    -1.586
      5.881     0.657    -1.584
      5.887     0.656    -1.581
      5.894     0.654    -1.578
      5.901     0.653    -1.576
      5.908     0.652    -1.573
      5.915     0.650    -1.571
      5.922     0.649    -1.568
      5.928     0.648    -1.565
      5.935     0.646    -1.563
      5.941     0.645    -1.561
      5.948     0.644    -1.558
      5.954     0.642    -1.556
      5.961     0.641    -1.553
      5.968     0.640    -1.550
      5.975     0.638    -1.548
      5.982     0.637    -1.545
      5.989     0.635    -1.542
      5.996     0.634    -1.540
      6.002     0.633    -1.537
      6.009     0.631    -1.535
      6.015     0.630    -1.532
      6.022     0.629    -1.530
      6.028     0.627    -1.527
      6.035     0.626    -1.525
      6.041     0.625    -1.523
      6.048     0.623    -1.520
      6.054     0.622    -1.518
      6.061     0.620    -1.515
      6.067     0.619    -1.513
      6.073     0.618    -1.510
      6.080     0.616    -1.508
      6.086     0.615    -1.505
      6.093     0.613    -1.503
      6.100     0.612    -1.500
      6.107     0.611    -1.498
      6.114     0.609    -1.495
      6.120     0.608    -1.492
      6.127     0.606    -1.490
      6.134     0.605    -1.487
      6.140     0.603    -1.485
      6.147     0.602    -1.482
      6.153     0.600    -1.480
      6.160     0.599    -1.477
      6.166     0.597    -1.475
      6.173     0.596    -1.472
      6.179     0.594    -1.470
      6.186     0.593    -1.467
      6.192     0.592    -1.465
      6.198     0.590    -1.463
      6.205     0.589    -1.460
      6.211     0.587    -1.458
      6.217     0.586    -1.455
      6.224     0.584    -1.453
      6.230     0.583    -1.450
      6.237     0.581    -1.448
      6.243     0.580    -1.445
      6.250     0.578    -1.443
      6.256     0.577    -1.441
      6.262     0.575    -1.438
      6.269     0.574    -1.436
      6.275     0.572    -1.433
      6.283     0.570    -1.430
      6.290     0.569    -1.428
      6.298     0.567    -1.425
      6.305     0.565    -1.422
      6.313     0.563    -1.419
      6.320     0.561    -1.416
      6.327     0.560    -1.414
      6.334     0.558    -1.411
      6.341     0.556    -1.408
      6.348     0.555    -1.406
      6.355     0.553    -1.403
      6.361     0.551    -1.401
      6.368     0.550    -1.398
      6.374     0.548    -1.396
      6.381     0.546    -1.393
      6.387     0.545    -1.391
      6.394     0.543    -1.389
      6.400     0.542    -1.386
      6.407     0.540    -1.384
      6.413     0.538    -1.381
      6.419     0.537    -1.379
      6.426     0.535    -1.377
      6.432     0.533    -1.374
      6.439     0.532    -1.372
      6.445     0.530    -1.370
      6.451     0.529    -1.367
      6.458     0.527    -1.365
      6.464     0.525    -1.362
      6.471     0.523    -1.360
      6.477     0.522    -1.358
      6.483     0.520    -1.355
      6.490     0.518    -1.353
      6.496     0.517    -1.351
      6.502     0.515    -1.348
      6.509     0.513    -1.346
      6.516     0.511    -1.343
      6.524     0.509    -1.340
      6.531     0.507    -1.338
      6.539     0.505    -1.335
      6.546     0.503    -1.332
      6.554     0.501    -1.329
      6.560     0.500    -1.327
      6.567     0.498    -1.325
      6.573     0.496    -1.322
      6.580     0.494    -1.320
      6.586     0.492    -1.318
      6.592     0.491    -1.316
      6.599     0.489    -1.313
      6.605     0.487    -1.311
      6.611     0.485    -1.309
      6.619     0.483    -1.306
      6.627     0.481    -1.303
      6.634     0.479    -1.301
      6.642     0.477    -1.298
      6.649     0.475    -1.295
      6.657     0.473    -1.293
      6.664     0.471    -1.290
      6.672     0.469    -1.287
      6.679     0.466    -1.285
      6.687     0.464    -1.282
      6.694     0.462    -1.280
      6.702     0.460    -1.277
      6.709     0.458    -1.274
      6.716     0.456    -1.272
      6.723     0.454    -1.270
      6.730     0.452    -1.267
      6.737     0.450    -1.265
      6.744     0.448    -1.262
      6.751     0.446    -1.260
      6.758     0.444    -1.258
      6.765     0.442    -1.255
      6.772     0.440    -1.253
      6.779     0.438    -1.251
      6.785     0.436    -1.249
      6.791     0.434    -1.246
      6.798     0.432    -1.244
      6.804     0.430    -1.242
      6.811     0.428    -1.240
      6.817     0.426    -1.238
      6.824     0.424    -1.236
      6.830     0.422    -1.233
      6.837     0.420    -1.231
      6.843     0.419    -1.229
      6.850     0.417    -1.227
      6.856     0.415    -1.225
      6.862     0.413    -1.223
      6.869     0.411    -1.221
      6.875     0.409    -1.219
      6.882     0.407    -1.217
      6.888     0.405    -1.215
      6.895     0.403    -1.213
      6.901     0.401    -1.211
      6.907     0.399    -1.209
      6.914     0.397    -1.207
      6.920     0.396    -1.205
      6.927     0.394    -1.203
      6.934     0.391    -1.200
      6.942     0.389    -1.198
      6.949     0.387    -1.196
      6.957     0.384    -1.193
      6.965     0.382    -1.191
      6.972     0.380    -1.189
      6.979     0.378    -1.187
      6.985     0.376    -1.185
      6.992     0.374    -1.183
      6.998     0.372    -1.181
      7.005     0.370    -1.179
      7.011     0.368    -1.177
      7.017     0.366    -1.175
      7.024     0.364    -1.173
      7.030     0.362    -1.171
      7.038     0.360    -1.169
      7.045     0.358    -1.167
      7.053     0.355    -1.165
      7.061     0.353    -1.162
      7.068     0.351    -1.160
      7.076     0.348    -1.158
      7.084     0.346    -1.156
      7.091     0.344    -1.154
      7.099     0.341    -1.152
      7.107     0.339    -1.150
      7.114     0.337    -1.147
      7.122     0.335    -1.145
      7.129     0.332    -1.143
      7.136     0.330    -1.141
      7.144     0.328    -1.139
      7.151     0.326    -1.138
      7.158     0.324    -1.136
      7.165     0.322    -1.134
      7.171     0.320    -1.132
      7.178     0.318    -1.130
      7.184     0.316    -1.129
      7.191     0.314    -1.127
      7.197     0.312    -1.125
      7.204     0.310    -1.124
      7.210     0.308    -1.122
      7.217     0.306    -1.120
      7.225     0.304    -1.119
      7.232     0.301    -1.117
      7.240     0.299    -1.115
      7.248     0.297    -1.113
      7.255     0.295    -1.111
      7.263     0.292    -1.109
      7.271     0.290    -1.107
      7.279     0.288    -1.105
      7.286     0.286    -1.104
      7.294     0.283    -1.102
      7.302     0.281    -1.100
      7.310     0.279    -1.098
      7.317     0.277    -1.097
      7.324     0.275    -1.095
      7.332     0.273    -1.093
      7.339     0.271    -1.092
      7.346     0.269    -1.090
      7.354     0.266    -1.089
      7.362     0.264    -1.087
      7.370     0.262    -1.085
      7.378     0.260    -1.084
      7.385     0.258    -1.082
      7.393     0.256    -1.080
      7.401     0.254    -1.079
      7.408     0.252    -1.077
      7.415     0.250    -1.076
      7.423     0.248    -1.075
      7.430     0.246    -1.073
      7.438     0.244    -1.072
      7.445     0.242    -1.070
      7.452     0.240    -1.069
      7.460     0.238    -1.068
      7.467     0.236    -1.066
      7.475     0.234    -1.065
      7.482     0.232    -1.064
      7.489     0.230    -1.062
      7.497     0.228    -1.061
