Count of Points:850

WCS coordinates of Points:
      7.500    -0.086    -0.964
      7.492    -0.084    -0.965
      7.485    -0.082    -0.966
      7.477    -0.080    -0.967
      7.470    -0.079    -0.969
      7.462    -0.077    -0.970
      7.455    -0.075    -0.971
      7.448    -0.073    -0.972
      7.440    -0.071    -0.973
      7.432    -0.069    -0.974
      7.425    -0.067    -0.975
      7.417    -0.065    -0.977
      7.409    -0.063    -0.978
      7.401    -0.061    -0.979
      7.394    -0.059    -0.980
      7.386    -0.057    -0.982
      7.378    -0.055    -0.983
      7.371    -0.053    -0.984
      7.363    -0.051    -0.985
      7.355    -0.049    -0.987
      7.347    -0.046    -0.988
      7.340    -0.044    -0.989
      7.333    -0.042    -0.991
      7.326    -0.040    -0.992
      7.318    -0.038    -0.993
      7.311    -0.036    -0.995
      7.303    -0.034    -0.996
      7.296    -0.032    -0.998
      7.288    -0.030    -0.999
      7.280    -0.028    -1.001
      7.273    -0.026    -1.002
      7.265    -0.024    -1.004
      7.258    -0.021    -1.005
      7.251    -0.019    -1.007
      7.244    -0.017    -1.008
      7.236    -0.015    -1.009
      7.229    -0.013    -1.011
      7.222    -0.011    -1.012
      7.215    -0.009    -1.014
      7.208    -0.007    -1.016
      7.200    -0.005    -1.017
      7.193    -0.003    -1.019
      7.186    -0.001    -1.020
      7.179     0.001    -1.022
      7.172     0.003    -1.023
      7.165     0.005    -1.025
      7.157     0.008    -1.027
      7.150     0.010    -1.028
      7.142     0.012    -1.030
      7.135     0.014    -1.032
      7.127     0.017    -1.034
      7.120     0.019    -1.035
      7.112     0.021    -1.037
      7.105     0.023    -1.039
      7.098     0.025    -1.040
      7.091     0.027    -1.042
      7.084     0.030    -1.044
      7.077     0.032    -1.046
      7.070     0.034    -1.047
      7.063     0.036    -1.049
      7.056     0.038    -1.051
      7.048     0.040    -1.053
      7.041     0.042    -1.055
      7.034     0.045    -1.056
      7.028     0.047    -1.058
      7.021     0.049    -1.060
      7.013     0.051    -1.062
      7.006     0.053    -1.064
      6.999     0.055    -1.065
      6.992     0.057    -1.067
      6.985     0.060    -1.069
      6.978     0.062    -1.071
      6.971     0.064    -1.073
      6.964     0.066    -1.075
      6.957     0.068    -1.077
      6.950     0.070    -1.079
      6.943     0.072    -1.081
      6.936     0.075    -1.083
      6.929     0.077    -1.084
      6.922     0.079    -1.086
      6.915     0.081    -1.088
      6.908     0.083    -1.090
      6.900     0.086    -1.093
      6.893     0.088    -1.095
      6.885     0.090    -1.097
      6.878     0.092    -1.099
      6.871     0.095    -1.101
      6.863     0.097    -1.103
      6.856     0.099    -1.105
      6.849     0.101    -1.107
      6.842     0.104    -1.109
      6.835     0.106    -1.111
      6.828     0.108    -1.114
      6.821     0.110    -1.116
      6.814     0.112    -1.118
      6.807     0.114    -1.120
      6.800     0.116    -1.122
      6.793     0.119    -1.124
      6.786     0.121    -1.126
      6.779     0.123    -1.128
      6.772     0.125    -1.130
      6.765     0.127    -1.132
      6.758     0.129    -1.135
      6.751     0.131    -1.137
      6.744     0.133    -1.139
      6.737     0.136    -1.141
      6.730     0.138    -1.143
      6.723     0.140    -1.145
      6.717     0.142    -1.147
      6.710     0.144    -1.150
      6.703     0.146    -1.152
      6.696     0.148    -1.154
      6.689     0.150    -1.156
      6.682     0.152    -1.158
      6.675     0.154    -1.161
      6.668     0.156    -1.163
      6.661     0.159    -1.165
      6.654     0.161    -1.167
      6.647     0.163    -1.170
      6.640     0.165    -1.172
      6.633     0.167    -1.174
      6.626     0.169    -1.176
      6.619     0.171    -1.179
      6.612     0.173    -1.181
      6.605     0.175    -1.183
      6.598     0.177    -1.185
      6.591     0.179    -1.188
      6.584     0.181    -1.190
      6.577     0.183    -1.192
      6.570     0.185    -1.194
      6.563     0.187    -1.197
      6.556     0.189    -1.199
      6.549     0.191    -1.201
      6.542     0.193    -1.204
      6.535     0.195    -1.206
      6.528     0.197    -1.208
      6.521     0.199    -1.211
      6.514     0.201    -1.213
      6.507     0.203    -1.215
      6.500     0.205    -1.218
      6.493     0.207    -1.220
      6.487     0.209    -1.222
      6.480     0.211    -1.225
      6.474     0.213    -1.227
      6.468     0.215    -1.229
      6.461     0.216    -1.231
      6.455     0.218    -1.233
      6.447     0.220    -1.236
      6.440     0.222    -1.238
      6.432     0.224    -1.241
      6.425     0.226    -1.243
      6.418     0.228    -1.246
      6.410     0.231    -1.248
      6.403     0.232    -1.251
      6.396     0.234    -1.253
      6.389     0.236    -1.256
      6.382     0.238    -1.258
      6.375     0.240    -1.260
      6.368     0.242    -1.263
      6.361     0.244    -1.265
      6.354     0.246    -1.268
      6.347     0.248    -1.270
      6.340     0.250    -1.272
      6.333     0.251    -1.275
      6.327     0.253    -1.277
      6.320     0.255    -1.280
      6.313     0.257    -1.282
      6.306     0.259    -1.284
      6.299     0.261    -1.287
      6.292     0.262    -1.289
      6.285     0.264    -1.292
      6.278     0.266    -1.294
      6.271     0.268    -1.297
      6.264     0.270    -1.299
      6.257     0.271    -1.301
      6.250     0.273    -1.304
      6.243     0.275    -1.306
      6.236     0.277    -1.309
      6.229     0.279    -1.311
      6.222     0.280    -1.314
      6.215     0.282    -1.316
      6.208     0.284    -1.319
      6.201     0.286    -1.321
      6.194     0.287    -1.323
      6.187     0.289    -1.326
      6.180     0.291    -1.328
      6.173     0.293    -1.331
      6.166     0.294    -1.333
      6.159     0.296    -1.336
      6.152     0.298    -1.338
      6.146     0.300    -1.341
      6.139     0.301    -1.343
      6.132     0.303    -1.345
      6.125     0.305    -1.348
      6.118     0.306    -1.350
      6.110     0.308    -1.353
      6.103     0.310    -1.355
      6.096     0.311    -1.358
      6.089     0.313    -1.360
      6.082     0.315    -1.363
      6.075     0.317    -1.365
      6.068     0.318    -1.368
      6.061     0.320    -1.370
      6.054     0.322    -1.373
      6.047     0.323    -1.375
      6.040     0.325    -1.377
      6.034     0.326    -1.380
      6.027     0.328    -1.382
      6.021     0.329    -1.384
      6.014     0.331    -1.387
      6.008     0.332    -1.389
      6.001     0.334    -1.391
      5.994     0.336    -1.393
      5.987     0.337    -1.396
      5.980     0.339    -1.398
      5.973     0.340    -1.401
      5.966     0.342    -1.403
      5.959     0.343    -1.406
      5.952     0.345    -1.408
      5.945     0.347    -1.411
      5.938     0.348    -1.413
      5.931     0.350    -1.415
      5.924     0.351    -1.418
      5.917     0.353    -1.420
      5.910     0.354    -1.423
      5.903     0.356    -1.425
      5.896     0.358    -1.428
      5.889     0.359    -1.430
      5.882     0.361    -1.433
      5.875     0.362    -1.435
      5.867     0.364    -1.437
      5.860     0.365    -1.440
      5.853     0.367    -1.442
      5.846     0.368    -1.445
      5.839     0.370    -1.447
      5.833     0.371    -1.449
      5.826     0.373    -1.452
      5.820     0.374    -1.454
      5.813     0.375    -1.456
      5.807     0.377    -1.458
      5.800     0.378    -1.460
      5.793     0.380    -1.463
      5.786     0.381    -1.465
      5.779     0.383    -1.468
      5.772     0.384    -1.470
      5.765     0.386    -1.473
      5.757     0.387    -1.475
      5.750     0.388    -1.477
      5.744     0.390    -1.480
      5.737     0.391    -1.482
      5.731     0.392    -1.484
      5.724     0.394    -1.486
      5.718     0.395    -1.488
      5.711     0.396    -1.490
      5.705     0.398    -1.493
      5.698     0.399    -1.495
      5.692     0.400    -1.497
      5.685     0.402    -1.499
      5.678     0.403    -1.501
      5.672     0.404    -1.504
      5.664     0.406    -1.506
      5.656     0.407    -1.509
      5.649     0.409    -1.511
      5.641     0.410    -1.514
      5.633     0.412    -1.516
      5.626     0.413    -1.519
      5.618     0.415    -1.521
      5.611     0.416    -1.524
      5.603     0.418    -1.526
      5.596     0.419    -1.529
      5.589     0.421    -1.531
      5.581     0.422    -1.533
      5.574     0.423    -1.536
      5.567     0.425    -1.538
      5.560     0.426    -1.540
      5.553     0.427    -1.542
      5.546     0.429    -1.545
      5.538     0.430    -1.547
      5.531     0.431    -1.549
      5.524     0.433    -1.552
      5.517     0.434    -1.554
      5.510     0.435    -1.556
      5.503     0.437    -1.558
      5.496     0.438    -1.561
      5.489     0.439    -1.563
      5.482     0.441    -1.565
      5.475     0.442    -1.567
      5.467     0.443    -1.570
      5.460     0.445    -1.572
      5.453     0.446    -1.574
      5.446     0.447    -1.576
      5.439     0.448    -1.578
      5.432     0.450    -1.581
      5.425     0.451    -1.583
      5.418     0.452    -1.585
      5.410     0.454    -1.587
      5.403     0.455    -1.590
      5.396     0.456    -1.592
      5.389     0.457    -1.594
      5.381     0.459    -1.596
      5.374     0.460    -1.598
      5.367     0.461    -1.600
      5.360     0.463    -1.603
      5.353     0.464    -1.605
      5.345     0.465    -1.607
      5.338     0.466    -1.609
      5.331     0.467    -1.611
      5.324     0.469    -1.613
      5.317     0.470    -1.615
      5.310     0.471    -1.617
      5.303     0.472    -1.620
      5.295     0.474    -1.622
      5.288     0.475    -1.624
      5.281     0.476    -1.626
      5.274     0.477    -1.628
      5.266     0.478    -1.630
      5.259     0.480    -1.632
      5.252     0.481    -1.634
      5.244     0.482    -1.636
      5.237     0.483    -1.638
      5.230     0.484    -1.640
      5.223     0.486    -1.642
      5.215     0.487    -1.644
      5.209     0.488    -1.646
      5.202     0.489    -1.648
      5.195     0.490    -1.650
      5.189     0.491    -1.652
      5.182     0.492    -1.654
      5.175     0.493    -1.656
      5.168     0.495    -1.658
      5.161     0.496    -1.660
      5.153     0.497    -1.662
      5.146     0.498    -1.663
      5.139     0.499    -1.665
      5.132     0.500    -1.667
      5.125     0.501    -1.669
      5.117     0.503    -1.671
      5.110     0.504    -1.673
      5.103     0.505    -1.675
      5.096     0.506    -1.677
      5.088     0.507    -1.679
      5.081     0.508    -1.681
      5.074     0.509    -1.683
      5.066     0.511    -1.685
      5.059     0.512    -1.686
      5.052     0.513    -1.688
      5.044     0.514    -1.690
      5.037     0.515    -1.692
      5.030     0.516    -1.694
      5.022     0.517    -1.696
      5.015     0.518    -1.698
      5.008     0.520    -1.699
      5.001     0.521    -1.701
      4.994     0.522    -1.703
      4.987     0.523    -1.704
      4.981     0.524    -1.706
      4.974     0.525    -1.708
      4.967     0.526    -1.709
      4.960     0.527    -1.711
      4.953     0.528    -1.713
      4.945     0.529    -1.715
      4.938     0.530    -1.717
      4.930     0.531    -1.718
      4.923     0.532    -1.720
      4.916     0.533    -1.722
      4.909     0.534    -1.723
      4.902     0.535    -1.725
      4.895     0.536    -1.727
      4.889     0.537    -1.728
      4.882     0.538    -1.730
      4.875     0.539    -1.731
      4.868     0.540    -1.733
      4.862     0.541    -1.734
      4.855     0.542    -1.736
      4.848     0.543    -1.737
      4.841     0.544    -1.739
      4.835     0.545    -1.740
      4.827     0.547    -1.742
      4.819     0.548    -1.744
      4.811     0.549    -1.746
      4.803     0.550    -1.748
      4.795     0.551    -1.749
      4.788     0.552    -1.751
      4.780     0.553    -1.752
      4.773     0.554    -1.754
      4.766     0.555    -1.756
      4.758     0.556    -1.757
      4.751     0.557    -1.759
      4.744     0.559    -1.760
      4.737     0.560    -1.762
      4.729     0.561    -1.763
      4.722     0.562    -1.765
      4.714     0.563    -1.766
      4.707     0.564    -1.768
      4.699     0.565    -1.769
      4.692     0.566    -1.771
      4.685     0.567    -1.772
      4.677     0.568    -1.774
      4.670     0.569    -1.775
      4.662     0.570    -1.777
      4.655     0.571    -1.778
      4.647     0.572    -1.780
      4.640     0.573    -1.781
      4.633     0.574    -1.783
      4.626     0.575    -1.784
      4.619     0.576    -1.785
      4.612     0.577    -1.787
      4.605     0.578    -1.788
      4.598     0.579    -1.789
      4.592     0.580    -1.790
      4.584     0.581    -1.792
      4.577     0.582    -1.793
      4.569     0.584    -1.795
      4.562     0.585    -1.796
      4.554     0.586    -1.797
      4.547     0.587    -1.799
      4.539     0.588    -1.800
      4.533     0.589    -1.801
      4.526     0.590    -1.802
      4.519     0.591    -1.804
      4.512     0.592    -1.805
      4.505     0.593    -1.806
      4.498     0.594    -1.807
      4.492     0.595    -1.809
      4.485     0.595    -1.810
      4.478     0.596    -1.811
      4.471     0.597    -1.812
      4.464     0.598    -1.813
      4.457     0.599    -1.814
      4.449     0.601    -1.816
      4.441     0.602    -1.817
      4.433     0.603    -1.819
      4.425     0.604    -1.820
      4.418     0.605    -1.821
      4.410     0.606    -1.822
      4.403     0.607    -1.824
      4.395     0.608    -1.825
      4.388     0.609    -1.826
      4.380     0.610    -1.827
      4.373     0.611    -1.828
      4.366     0.612    -1.830
      4.359     0.613    -1.831
      4.352     0.614    -1.832
      4.345     0.615    -1.833
      4.338     0.616    -1.834
      4.332     0.617    -1.835
      4.325     0.618    -1.836
      4.318     0.619    -1.837
      4.311     0.620    -1.838
      4.304     0.621    -1.839
      4.297     0.622    -1.840
      4.290     0.623    -1.841
      4.282     0.624    -1.842
      4.274     0.625    -1.843
      4.266     0.626    -1.845
      4.258     0.627    -1.846
      4.251     0.628    -1.847
      4.244     0.629    -1.848
      4.237     0.630    -1.849
      4.230     0.631    -1.850
      4.224     0.632    -1.851
      4.217     0.633    -1.852
      4.209     0.634    -1.853
      4.200     0.635    -1.854
      4.192     0.636    -1.855
      4.184     0.637    -1.856
      4.177     0.638    -1.857
      4.170     0.639    -1.858
      4.162     0.640    -1.859
      4.155     0.641    -1.860
      4.148     0.642    -1.861
      4.141     0.643    -1.862
      4.133     0.644    -1.863
      4.126     0.645    -1.864
      4.118     0.646    -1.865
      4.110     0.647    -1.866
      4.102     0.648    -1.867
      4.094     0.649    -1.868
      4.086     0.650    -1.869
      4.078     0.651    -1.869
      4.071     0.652    -1.870
      4.063     0.653    -1.871
      4.056     0.654    -1.872
      4.048     0.655    -1.873
      4.041     0.656    -1.874
      4.033     0.657    -1.875
      4.026     0.658    -1.876
      4.018     0.659    -1.877
      4.011     0.660    -1.877
      4.003     0.661    -1.878
      3.996     0.662    -1.879
      3.988     0.663    -1.880
      3.981     0.664    -1.881
      3.974     0.665    -1.881
      3.966     0.666    -1.882
      3.958     0.666    -1.883
      3.951     0.667    -1.884
      3.943     0.668    -1.885
      3.936     0.669    -1.885
      3.928     0.670    -1.886
      3.921     0.671    -1.887
      3.914     0.672    -1.888
      3.906     0.673    -1.889
      3.899     0.674    -1.889
      3.891     0.675    -1.890
      3.884     0.676    -1.891
      3.876     0.677    -1.892
      3.868     0.677    -1.892
      3.861     0.678    -1.893
      3.853     0.679    -1.894
      3.846     0.680    -1.894
      3.838     0.681    -1.895
      3.831     0.682    -1.896
      3.823     0.683    -1.897
      3.816     0.684    -1.897
      3.808     0.685    -1.898
      3.801     0.685    -1.899
      3.793     0.686    -1.899
      3.786     0.687    -1.900
      3.778     0.688    -1.900
      3.771     0.689    -1.901
      3.763     0.690    -1.902
      3.756     0.690    -1.902
      3.748     0.691    -1.903
      3.740     0.692    -1.904
      3.733     0.693    -1.904
      3.725     0.694    -1.905
      3.718     0.695    -1.906
      3.710     0.695    -1.906
      3.702     0.696    -1.907
      3.695     0.697    -1.907
      3.687     0.698    -1.908
      3.680     0.698    -1.909
      3.673     0.699    -1.909
      3.666     0.700    -1.910
      3.659     0.701    -1.910
      3.652     0.701    -1.911
      3.645     0.702    -1.911
      3.638     0.703    -1.912
      3.630     0.703    -1.912
      3.623     0.704    -1.913
      3.615     0.705    -1.913
      3.608     0.706    -1.914
      3.600     0.706    -1.914
      3.593     0.707    -1.915
      3.585     0.708    -1.915
      3.578     0.708    -1.916
      3.570     0.709    -1.916
      3.563     0.710    -1.917
      3.555     0.710    -1.917
      3.547     0.711    -1.918
      3.540     0.712    -1.918
      3.532     0.712    -1.919
      3.525     0.713    -1.919
      3.517     0.714    -1.920
      3.509     0.714    -1.920
      3.502     0.715    -1.921
      3.494     0.716    -1.921
      3.487     0.716    -1.922
      3.479     0.717    -1.922
      3.471     0.718    -1.922
      3.464     0.718    -1.923
      3.457     0.719    -1.923
      3.450     0.719    -1.924
      3.443     0.720    -1.924
      3.436     0.720    -1.924
      3.429     0.721    -1.925
      3.422     0.721    -1.925
      3.414     0.722    -1.926
      3.407     0.722    -1.926
      3.399     0.723    -1.926
      3.391     0.723    -1.927
      3.384     0.724    -1.927
      3.376     0.724    -1.928
      3.368     0.725    -1.928
      3.362     0.725    -1.928
      3.355     0.726    -1.929
      3.348     0.726    -1.929
      3.341     0.727    -1.929
      3.334     0.727    -1.930
      3.327     0.727    -1.930
      3.320     0.728    -1.930
      3.313     0.728    -1.931
      3.306     0.729    -1.931
      3.299     0.729    -1.931
      3.292     0.729    -1.932
      3.285     0.730    -1.932
      3.276     0.730    -1.932
      3.268     0.730    -1.933
      3.260     0.731    -1.933
      3.252     0.731    -1.934
      3.244     0.732    -1.934
      3.236     0.732    -1.934
      3.229     0.732    -1.935
      3.221     0.733    -1.935
      3.213     0.733    -1.935
      3.206     0.733    -1.936
      3.198     0.733    -1.936
      3.191     0.734    -1.936
      3.184     0.734    -1.937
      3.176     0.734    -1.937
      3.168     0.734    -1.937
      3.161     0.735    -1.937
      3.153     0.735    -1.938
      3.145     0.735    -1.938
      3.138     0.735    -1.938
      3.130     0.735    -1.939
      3.122     0.735    -1.939
      3.115     0.736    -1.939
      3.107     0.736    -1.940
      3.099     0.736    -1.940
      3.092     0.736    -1.940
      3.084     0.736    -1.940
      3.077     0.736    -1.941
      3.070     0.736    -1.941
      3.062     0.736    -1.941
      3.055     0.736    -1.941
      3.048     0.736    -1.942
      3.041     0.736    -1.942
      3.034     0.737    -1.942
      3.027     0.737    -1.942
      3.019     0.737    -1.943
      3.012     0.737    -1.943
      3.004     0.736    -1.943
      2.996     0.736    -1.943
      2.989     0.736    -1.944
      2.981     0.736    -1.944
      2.974     0.736    -1.944
      2.967     0.736    -1.944
      2.960     0.736    -1.945
      2.953     0.736    -1.945
      2.946     0.736    -1.945
      2.939     0.736    -1.945
      2.932     0.736    -1.946
      2.925     0.735    -1.946
      2.918     0.735    -1.946
      2.911     0.735    -1.946
      2.904     0.735    -1.946
      2.897     0.735    -1.947
      2.889     0.734    -1.947
      2.880     0.734    -1.947
      2.872     0.734    -1.947
      2.864     0.734    -1.948
      2.856     0.733    -1.948
      2.849     0.733    -1.948
      2.841     0.733    -1.948
      2.833     0.732    -1.948
      2.826     0.732    -1.949
      2.818     0.732    -1.949
      2.810     0.731    -1.949
      2.803     0.731    -1.949
      2.796     0.730    -1.949
      2.789     0.730    -1.950
      2.782     0.730    -1.950
      2.775     0.729    -1.950
      2.768     0.729    -1.950
      2.761     0.728    -1.950
      2.754     0.728    -1.951
      2.747     0.727    -1.951
      2.740     0.727    -1.951
      2.733     0.726    -1.951
      2.726     0.726    -1.951
      2.718     0.725    -1.951
      2.710     0.724    -1.952
      2.702     0.724    -1.952
      2.693     0.723    -1.952
      2.686     0.723    -1.952
      2.679     0.722    -1.952
      2.672     0.721    -1.953
      2.665     0.721    -1.953
      2.659     0.720    -1.953
      2.652     0.719    -1.953
      2.643     0.719    -1.953
      2.635     0.718    -1.953
      2.627     0.717    -1.954
      2.619     0.716    -1.954
      2.611     0.715    -1.954
      2.604     0.714    -1.954
      2.597     0.714    -1.954
      2.589     0.713    -1.954
      2.582     0.712    -1.955
      2.575     0.711    -1.955
      2.567     0.710    -1.955
      2.560     0.709    -1.955
      2.552     0.708    -1.955
      2.545     0.707    -1.955
      2.537     0.706    -1.955
      2.530     0.705    -1.956
      2.522     0.704    -1.956
      2.515     0.703    -1.956
      2.507     0.702    -1.956
      2.500     0.701    -1.956
      2.492     0.700    -1.956
      2.485     0.699    -1.957
      2.477     0.698    -1.957
      2.470     0.696    -1.957
      2.462     0.695    -1.957
      2.455     0.694    -1.957
      2.447     0.693    -1.957
      2.440     0.692    -1.957
      2.432     0.690    -1.958
      2.424     0.689    -1.958
      2.417     0.688    -1.958
      2.409     0.686    -1.958
      2.402     0.685    -1.958
      2.394     0.684    -1.958
      2.387     0.682    -1.958
      2.380     0.681    -1.959
      2.373     0.680    -1.959
      2.366     0.679    -1.959
      2.359     0.677    -1.959
      2.352     0.676    -1.959
      2.346     0.674    -1.959
      2.338     0.673    -1.959
      2.331     0.671    -1.959
      2.323     0.670    -1.960
      2.316     0.668    -1.960
      2.308     0.667    -1.960
      2.301     0.665    -1.960
      2.293     0.664    -1.960
      2.286     0.662    -1.960
      2.279     0.660    -1.960
      2.273     0.659    -1.960
      2.266     0.657    -1.961
      2.259     0.656    -1.961
      2.252     0.654    -1.961
      2.245     0.653    -1.961
      2.238     0.651    -1.961
      2.232     0.649    -1.961
      2.225     0.648    -1.961
      2.218     0.646    -1.961
      2.211     0.644    -1.962
      2.203     0.642    -1.962
      2.195     0.640    -1.962
      2.187     0.638    -1.962
      2.179     0.636    -1.962
      2.172     0.634    -1.962
      2.164     0.632    -1.962
      2.157     0.630    -1.963
      2.150     0.628    -1.963
      2.142     0.626    -1.963
      2.135     0.624    -1.963
      2.128     0.622    -1.963
      2.121     0.620    -1.963
      2.114     0.618    -1.963
      2.107     0.616    -1.964
      2.101     0.614    -1.964
      2.094     0.612    -1.964
      2.087     0.610    -1.964
      2.081     0.608    -1.964
      2.074     0.606    -1.964
      2.067     0.603    -1.964
      2.060     0.601    -1.965
      2.054     0.599    -1.965
      2.047     0.597    -1.965
      2.039     0.594    -1.965
      2.031     0.592    -1.965
      2.024     0.589    -1.965
      2.016     0.587    -1.966
      2.009     0.584    -1.966
      2.003     0.582    -1.966
      1.996     0.580    -1.966
      1.989     0.577    -1.966
      1.983     0.575    -1.966
      1.976     0.573    -1.966
      1.968     0.570    -1.967
      1.961     0.567    -1.967
      1.953     0.564    -1.967
      1.945     0.561    -1.967
      1.938     0.559    -1.967
      1.931     0.556    -1.968
      1.924     0.553    -1.968
      1.918     0.551    -1.968
      1.911     0.548    -1.968
      1.904     0.545    -1.968
      1.897     0.542    -1.968
      1.890     0.540    -1.969
      1.883     0.537    -1.969
      1.876     0.534    -1.969
      1.869     0.531    -1.969
      1.862     0.528    -1.969
      1.855     0.525    -1.970
      1.848     0.522    -1.970
      1.841     0.519    -1.970
      1.834     0.516    -1.970
      1.828     0.513    -1.970
      1.822     0.510    -1.970
      1.815     0.507    -1.971
      1.809     0.504    -1.971
      1.803     0.501    -1.971
      1.796     0.498    -1.971
      1.790     0.495    -1.971
      1.784     0.492    -1.972
      1.777     0.489    -1.972
      1.771     0.486    -1.972
      1.765     0.483    -1.972
      1.757     0.480    -1.972
      1.750     0.476    -1.973
      1.742     0.472    -1.973
      1.735     0.469    -1.973
      1.729     0.465    -1.973
      1.723     0.462    -1.974
      1.716     0.459    -1.974
      1.710     0.456    -1.974
      1.704     0.452    -1.974
      1.698     0.449    -1.975
      1.691     0.445    -1.975
      1.683     0.441    -1.975
      1.676     0.437    -1.975
      1.669     0.433    -1.976
      1.662     0.429    -1.976
      1.656     0.426    -1.976
      1.650     0.422    -1.977
      1.643     0.418    -1.977
      1.637     0.414    -1.977
      1.631     0.411    -1.977
      1.624     0.407    -1.978
      1.618     0.403    -1.978
      1.612     0.399    -1.978
      1.606     0.396    -1.978
      1.600     0.392    -1.979
      1.594     0.388    -1.979
      1.588     0.384    -1.979
      1.582     0.380    -1.979
      1.576     0.376    -1.980
      1.569     0.371    -1.980
      1.562     0.367    -1.980
      1.555     0.362    -1.980
      1.549     0.358    -1.981
      1.543     0.354    -1.981
      1.537     0.350    -1.981
      1.531     0.345    -1.982
      1.525     0.341    -1.982
      1.519     0.337    -1.982
      1.513     0.333    -1.982
      1.507     0.328    -1.983
      1.501     0.324    -1.983
      1.495     0.319    -1.983
      1.489     0.315    -1.983
      1.483     0.310    -1.984
      1.477     0.306    -1.984
      1.472     0.301    -1.984
      1.466     0.297    -1.984
      1.460     0.292    -1.984
      1.454     0.287    -1.985
      1.448     0.283    -1.985
      1.442     0.278    -1.985
      1.436     0.273    -1.985
      1.430     0.268    -1.986
      1.424     0.263    -1.986
