Count of Points:114

WCS coordinates of Points:
      7.484     0.485    -1.137
      7.477     0.487    -1.139
      7.470     0.489    -1.140
      7.463     0.491    -1.142
      7.455     0.493    -1.143
      7.448     0.495    -1.145
      7.441     0.497    -1.146
      7.434     0.499    -1.148
      7.427     0.501    -1.149
      7.421     0.502    -1.151
      7.414     0.504    -1.152
      7.407     0.506    -1.154
      7.400     0.508    -1.155
      7.393     0.510    -1.157
      7.387     0.512    -1.158
      7.380     0.514    -1.160
      7.373     0.516    -1.161
      7.366     0.518    -1.163
      7.360     0.520    -1.164
      7.353     0.522    -1.166
      7.346     0.524    -1.168
      7.340     0.526    -1.169
      7.333     0.528    -1.171
      7.326     0.530    -1.173
      7.319     0.532    -1.174
      7.313     0.534    -1.176
      7.306     0.535    -1.177
      7.300     0.537    -1.179
      7.293     0.539    -1.181
      7.286     0.541    -1.182
      7.280     0.543    -1.184
      7.273     0.545    -1.186
      7.266     0.547    -1.188
      7.259     0.549    -1.189
      7.253     0.551    -1.191
      7.246     0.553    -1.193
      7.239     0.555    -1.195
      7.232     0.557    -1.196
      7.226     0.559    -1.198
      7.219     0.561    -1.200
      7.212     0.563    -1.202
      7.206     0.565    -1.204
      7.199     0.567    -1.206
      7.193     0.569    -1.207
      7.186     0.571    -1.209
      7.179     0.573    -1.211
      7.173     0.575    -1.213
      7.166     0.577    -1.215
      7.159     0.579    -1.217
      7.153     0.581    -1.219
      7.146     0.583    -1.220
      7.139     0.585    -1.222
      7.133     0.587    -1.224
      7.126     0.589    -1.226
      7.119     0.591    -1.228
      7.113     0.593    -1.230
      7.106     0.595    -1.232
      7.099     0.597    -1.234
      7.093     0.599    -1.236
      7.086     0.601    -1.238
      7.079     0.603    -1.240
      7.071     0.605    -1.242
      7.064     0.607    -1.245
      7.057     0.610    -1.247
      7.049     0.612    -1.249
      7.043     0.614    -1.251
      7.036     0.616    -1.253
      7.029     0.618    -1.255
      7.023     0.620    -1.257
      7.016     0.622    -1.259
      7.010     0.624    -1.261
      7.003     0.626    -1.264
      6.997     0.627    -1.266
      6.990     0.629    -1.268
      6.983     0.631    -1.270
      6.977     0.633    -1.272
      6.970     0.635    -1.274
      6.964     0.637    -1.276
      6.957     0.639    -1.278
      6.950     0.641    -1.280
      6.944     0.643    -1.283
      6.937     0.645    -1.285
      6.930     0.647    -1.287
      6.924     0.649    -1.289
      6.917     0.651    -1.291
      6.911     0.653    -1.294
      6.904     0.655    -1.296
      6.897     0.657    -1.298
      6.890     0.659    -1.300
      6.883     0.661    -1.303
      6.876     0.663    -1.305
      6.868     0.665    -1.308
      6.861     0.667    -1.310
      6.854     0.669    -1.313
      6.848     0.671    -1.315
      6.841     0.673    -1.317
      6.835     0.675    -1.319
      6.828     0.677    -1.322
      6.821     0.679    -1.324
      6.815     0.681    -1.326
      6.808     0.683    -1.329
      6.800     0.685    -1.331
      6.793     0.687    -1.334
      6.786     0.689    -1.336
      6.779     0.691    -1.339
      6.771     0.693    -1.342
      6.764     0.695    -1.344
      6.757     0.697    -1.347
      6.750     0.699    -1.349
      6.742     0.701    -1.352
      6.735     0.703    -1.354
      6.728     0.705    -1.357
      6.721     0.707    -1.360
      6.714     0.709    -1.362
