Count of Points:889

WCS coordinates of Points:
      1.181     0.000    -0.196
      1.188     0.004    -0.196
      1.194     0.007    -0.196
      1.201     0.010    -0.196
      1.207     0.014    -0.196
      1.214     0.017    -0.196
      1.220     0.021    -0.196
      1.227     0.024    -0.196
      1.234     0.028    -0.196
      1.241     0.032    -0.196
      1.248     0.036    -0.196
      1.256     0.039    -0.196
      1.263     0.043    -0.196
      1.270     0.047    -0.196
      1.277     0.050    -0.196
      1.284     0.054    -0.196
      1.292     0.058    -0.196
      1.299     0.061    -0.196
      1.306     0.065    -0.196
      1.313     0.068    -0.196
      1.320     0.072    -0.196
      1.328     0.075    -0.196
      1.335     0.079    -0.196
      1.342     0.083    -0.196
      1.349     0.086    -0.196
      1.357     0.090    -0.196
      1.364     0.093    -0.196
      1.371     0.097    -0.196
      1.379     0.100    -0.196
      1.386     0.103    -0.196
      1.393     0.107    -0.196
      1.400     0.110    -0.196
      1.408     0.114    -0.196
      1.415     0.117    -0.196
      1.422     0.121    -0.196
      1.430     0.124    -0.196
      1.437     0.127    -0.196
      1.445     0.131    -0.196
      1.452     0.134    -0.196
      1.460     0.137    -0.196
      1.467     0.141    -0.196
      1.474     0.144    -0.196
      1.482     0.147    -0.196
      1.489     0.150    -0.196
      1.496     0.153    -0.196
      1.504     0.157    -0.196
      1.511     0.160    -0.196
      1.519     0.163    -0.196
      1.526     0.166    -0.196
      1.534     0.169    -0.196
      1.541     0.172    -0.196
      1.549     0.175    -0.196
      1.556     0.179    -0.196
      1.564     0.182    -0.196
      1.571     0.185    -0.196
      1.579     0.188    -0.196
      1.586     0.191    -0.196
      1.594     0.194    -0.196
      1.601     0.197    -0.196
      1.609     0.200    -0.196
      1.617     0.203    -0.196
      1.624     0.205    -0.196
      1.631     0.208    -0.196
      1.637     0.211    -0.196
      1.644     0.213    -0.196
      1.651     0.216    -0.196
      1.658     0.219    -0.196
      1.666     0.222    -0.196
      1.674     0.224    -0.196
      1.681     0.227    -0.196
      1.689     0.230    -0.196
      1.697     0.233    -0.196
      1.704     0.235    -0.196
      1.712     0.238    -0.196
      1.719     0.241    -0.196
      1.727     0.243    -0.196
      1.734     0.246    -0.196
      1.742     0.249    -0.196
      1.750     0.251    -0.196
      1.757     0.254    -0.196
      1.765     0.257    -0.196
      1.773     0.259    -0.196
      1.781     0.262    -0.196
      1.788     0.264    -0.196
      1.796     0.267    -0.196
      1.804     0.269    -0.196
      1.811     0.272    -0.196
      1.819     0.274    -0.196
      1.827     0.277    -0.196
      1.835     0.279    -0.196
      1.842     0.281    -0.196
      1.849     0.283    -0.196
      1.856     0.286    -0.196
      1.863     0.288    -0.196
      1.870     0.290    -0.196
      1.878     0.292    -0.196
      1.885     0.294    -0.196
      1.893     0.297    -0.196
      1.901     0.299    -0.196
      1.909     0.301    -0.196
      1.917     0.303    -0.196
      1.925     0.305    -0.196
      1.932     0.308    -0.196
      1.940     0.310    -0.196
      1.947     0.312    -0.196
      1.954     0.313    -0.196
      1.961     0.315    -0.196
      1.968     0.317    -0.196
      1.976     0.319    -0.196
      1.983     0.321    -0.196
      1.990     0.323    -0.196
      1.997     0.325    -0.196
      2.005     0.326    -0.196
      2.012     0.328    -0.196
      2.019     0.330    -0.196
      2.026     0.332    -0.196
      2.033     0.333    -0.196
      2.040     0.335    -0.196
      2.046     0.336    -0.196
      2.053     0.338    -0.196
      2.061     0.340    -0.196
      2.069     0.342    -0.196
      2.077     0.343    -0.196
      2.085     0.345    -0.196
      2.093     0.347    -0.196
      2.101     0.348    -0.196
      2.109     0.350    -0.196
      2.116     0.352    -0.196
      2.124     0.353    -0.196
      2.132     0.355    -0.196
      2.140     0.356    -0.196
      2.148     0.358    -0.196
      2.156     0.360    -0.196
      2.164     0.361    -0.196
      2.172     0.363    -0.196
      2.180     0.364    -0.196
      2.188     0.365    -0.196
      2.196     0.367    -0.196
      2.204     0.368    -0.196
      2.212     0.370    -0.196
      2.220     0.371    -0.196
      2.228     0.372    -0.196
      2.236     0.373    -0.196
      2.244     0.375    -0.196
      2.251     0.376    -0.196
      2.258     0.377    -0.196
      2.266     0.378    -0.196
      2.273     0.379    -0.196
      2.281     0.380    -0.196
      2.289     0.381    -0.196
      2.297     0.382    -0.196
      2.305     0.383    -0.196
      2.313     0.385    -0.196
      2.321     0.386    -0.196
      2.329     0.387    -0.196
      2.337     0.388    -0.196
      2.344     0.388    -0.196
      2.352     0.389    -0.196
      2.359     0.390    -0.196
      2.367     0.391    -0.196
      2.374     0.392    -0.196
      2.382     0.393    -0.196
      2.389     0.393    -0.196
      2.396     0.394    -0.196
      2.404     0.395    -0.196
      2.411     0.395    -0.196
      2.419     0.396    -0.196
      2.426     0.397    -0.196
      2.433     0.397    -0.196
      2.440     0.398    -0.196
      2.447     0.398    -0.196
      2.454     0.399    -0.196
      2.461     0.399    -0.196
      2.469     0.400    -0.196
      2.477     0.401    -0.196
      2.486     0.401    -0.196
      2.494     0.402    -0.196
      2.502     0.402    -0.196
      2.510     0.402    -0.196
      2.518     0.403    -0.196
      2.526     0.403    -0.196
      2.533     0.404    -0.196
      2.540     0.404    -0.196
      2.548     0.404    -0.196
      2.555     0.404    -0.196
      2.563     0.405    -0.196
      2.570     0.405    -0.196
      2.578     0.405    -0.196
      2.585     0.405    -0.196
      2.593     0.406    -0.196
      2.600     0.406    -0.196
      2.608     0.406    -0.196
      2.615     0.406    -0.196
      2.622     0.406    -0.196
      2.629     0.406    -0.196
      2.636     0.406    -0.196
      2.643     0.406    -0.196
      2.650     0.406    -0.196
      2.658     0.406    -0.196
      2.665     0.406    -0.196
      2.673     0.406    -0.196
      2.680     0.406    -0.196
      2.687     0.406    -0.196
      2.694     0.406    -0.196
      2.702     0.405    -0.196
      2.709     0.405    -0.196
      2.716     0.405    -0.196
      2.723     0.405    -0.196
      2.730     0.405    -0.196
      2.737     0.404    -0.196
      2.744     0.404    -0.196
      2.751     0.404    -0.196
      2.758     0.404    -0.196
      2.765     0.403    -0.196
      2.772     0.403    -0.196
      2.778     0.403    -0.196
      2.785     0.402    -0.196
      2.793     0.402    -0.196
      2.800     0.401    -0.196
      2.807     0.401    -0.196
      2.815     0.400    -0.196
      2.822     0.400    -0.196
      2.830     0.399    -0.196
      2.837     0.399    -0.196
      2.845     0.398    -0.196
      2.853     0.397    -0.196
      2.861     0.397    -0.196
      2.869     0.396    -0.196
      2.877     0.395    -0.196
      2.885     0.395    -0.196
      2.894     0.394    -0.196
      2.902     0.393    -0.196
      2.910     0.392    -0.196
      2.918     0.391    -0.196
      2.926     0.391    -0.196
      2.934     0.390    -0.196
      2.942     0.389    -0.196
      2.949     0.388    -0.196
      2.958     0.387    -0.196
      2.966     0.386    -0.196
      2.974     0.385    -0.196
      2.982     0.384    -0.196
      2.990     0.383    -0.196
      2.998     0.382    -0.196
      3.006     0.380    -0.196
      3.013     0.379    -0.196
      3.021     0.378    -0.196
      3.029     0.377    -0.196
      3.037     0.376    -0.196
      3.045     0.375    -0.196
      3.054     0.373    -0.196
      3.062     0.372    -0.196
      3.070     0.371    -0.196
      3.078     0.369    -0.196
      3.086     0.368    -0.196
      3.094     0.367    -0.196
      3.102     0.365    -0.196
      3.110     0.364    -0.196
      3.118     0.362    -0.196
      3.125     0.361    -0.196
      3.133     0.359    -0.196
      3.141     0.358    -0.196
      3.149     0.356    -0.196
      3.157     0.355    -0.196
      3.165     0.353    -0.196
      3.173     0.351    -0.196
      3.181     0.350    -0.196
      3.189     0.348    -0.196
      3.197     0.346    -0.196
      3.205     0.345    -0.196
      3.213     0.343    -0.196
      3.221     0.341    -0.196
      3.229     0.339    -0.196
      3.237     0.338    -0.196
      3.244     0.336    -0.196
      3.252     0.334    -0.196
      3.260     0.332    -0.196
      3.268     0.330    -0.196
      3.275     0.329    -0.196
      3.282     0.327    -0.196
      3.289     0.325    -0.196
      3.296     0.323    -0.196
      3.304     0.321    -0.196
      3.312     0.319    -0.196
      3.319     0.317    -0.196
      3.327     0.315    -0.196
      3.335     0.313    -0.196
      3.343     0.311    -0.196
      3.351     0.309    -0.196
      3.358     0.307    -0.196
      3.366     0.305    -0.196
      3.374     0.303    -0.196
      3.382     0.300    -0.196
      3.389     0.298    -0.196
      3.397     0.296    -0.196
      3.405     0.294    -0.196
      3.413     0.291    -0.196
      3.421     0.289    -0.196
      3.428     0.287    -0.196
      3.436     0.284    -0.196
      3.444     0.282    -0.196
      3.452     0.280    -0.196
      3.460     0.277    -0.196
      3.467     0.275    -0.196
      3.475     0.272    -0.196
      3.483     0.270    -0.196
      3.490     0.268    -0.196
      3.497     0.265    -0.196
      3.504     0.263    -0.196
      3.511     0.261    -0.196
      3.518     0.258    -0.196
      3.525     0.256    -0.196
      3.533     0.253    -0.196
      3.541     0.251    -0.196
      3.549     0.248    -0.196
      3.556     0.245    -0.196
      3.564     0.243    -0.196
      3.572     0.240    -0.196
      3.579     0.237    -0.196
      3.586     0.235    -0.196
      3.593     0.232    -0.196
      3.600     0.230    -0.196
      3.607     0.227    -0.196
      3.614     0.225    -0.196
      3.621     0.222    -0.196
      3.628     0.220    -0.196
      3.635     0.217    -0.196
      3.642     0.214    -0.196
      3.649     0.212    -0.196
      3.656     0.209    -0.196
      3.663     0.207    -0.196
      3.670     0.204    -0.196
      3.676     0.202    -0.196
      3.683     0.199    -0.196
      3.690     0.196    -0.196
      3.696     0.194    -0.196
      3.704     0.191    -0.196
      3.711     0.188    -0.196
      3.719     0.185    -0.196
      3.726     0.182    -0.196
      3.734     0.179    -0.196
      3.741     0.176    -0.196
      3.749     0.173    -0.196
      3.756     0.170    -0.196
      3.763     0.167    -0.196
      3.771     0.164    -0.196
      3.778     0.160    -0.196
      3.786     0.157    -0.196
      3.793     0.154    -0.196
      3.801     0.151    -0.196
      3.808     0.148    -0.196
      3.816     0.145    -0.196
      3.823     0.141    -0.196
      3.831     0.138    -0.196
      3.838     0.135    -0.196
      3.846     0.132    -0.196
      3.853     0.128    -0.196
      3.861     0.125    -0.196
      3.868     0.122    -0.196
      3.875     0.119    -0.196
      3.882     0.116    -0.196
      3.888     0.112    -0.196
      3.895     0.109    -0.196
      3.902     0.106    -0.196
      3.909     0.103    -0.196
      3.916     0.100    -0.196
      3.924     0.096    -0.196
      3.931     0.093    -0.196
      3.938     0.090    -0.196
      3.946     0.086    -0.196
      3.953     0.083    -0.196
      3.960     0.079    -0.196
      3.967     0.076    -0.196
      3.974     0.073    -0.196
      3.981     0.069    -0.196
      3.987     0.066    -0.196
      3.994     0.063    -0.196
      4.001     0.060    -0.196
      4.008     0.057    -0.196
      4.014     0.053    -0.196
      4.021     0.050    -0.196
      4.028     0.047    -0.196
      4.034     0.043    -0.196
      4.041     0.040    -0.196
      4.047     0.037    -0.196
      4.054     0.034    -0.196
      4.060     0.031    -0.196
      4.066     0.027    -0.196
      4.072     0.024    -0.196
      4.080     0.021    -0.196
      4.087     0.017    -0.196
      4.094     0.013    -0.196
      4.101     0.010    -0.196
      4.109     0.006    -0.196
      4.116     0.002    -0.196
      4.123    -0.002    -0.196
      4.130    -0.005    -0.196
      4.136    -0.009    -0.196
      4.143    -0.012    -0.196
      4.150    -0.015    -0.196
      4.156    -0.019    -0.196
      4.163    -0.022    -0.196
      4.169    -0.026    -0.196
      4.176    -0.029    -0.196
      4.183    -0.033    -0.196
      4.189    -0.036    -0.196
      4.196    -0.040    -0.196
      4.202    -0.043    -0.196
      4.209    -0.047    -0.196
      4.215    -0.050    -0.196
      4.221    -0.053    -0.196
      4.227    -0.057    -0.196
      4.233    -0.060    -0.196
      4.240    -0.064    -0.196
      4.246    -0.067    -0.196
      4.253    -0.071    -0.196
      4.259    -0.074    -0.196
      4.266    -0.078    -0.196
      4.273    -0.082    -0.196
      4.279    -0.085    -0.196
      4.285    -0.089    -0.196
      4.291    -0.092    -0.196
      4.297    -0.095    -0.196
      4.303    -0.099    -0.195
      4.309    -0.102    -0.195
      4.316    -0.106    -0.195
      4.322    -0.109    -0.195
      4.328    -0.113    -0.195
      4.334    -0.116    -0.195
      4.340    -0.119    -0.195
      4.346    -0.123    -0.195
      4.352    -0.126    -0.195
      4.358    -0.130    -0.195
      4.365    -0.134    -0.195
      4.372    -0.138    -0.195
      4.379    -0.142    -0.195
      4.387    -0.146    -0.195
      4.394    -0.150    -0.195
      4.401    -0.154    -0.195
      4.408    -0.159    -0.195
      4.415    -0.162    -0.195
      4.421    -0.166    -0.195
      4.428    -0.170    -0.195
      4.434    -0.174    -0.195
      4.441    -0.178    -0.195
      4.447    -0.182    -0.195
      4.454    -0.185    -0.195
      4.460    -0.189    -0.195
      4.467    -0.193    -0.195
      4.473    -0.197    -0.195
      4.480    -0.201    -0.195
      4.486    -0.205    -0.195
      4.493    -0.208    -0.195
      4.499    -0.212    -0.195
      4.505    -0.216    -0.195
      4.511    -0.219    -0.195
      4.517    -0.223    -0.195
      4.524    -0.227    -0.195
      4.530    -0.231    -0.195
      4.537    -0.235    -0.195
      4.543    -0.239    -0.195
      4.550    -0.243    -0.195
      4.556    -0.247    -0.195
      4.562    -0.250    -0.195
      4.568    -0.254    -0.195
      4.574    -0.258    -0.195
      4.580    -0.261    -0.195
      4.587    -0.265    -0.195
      4.593    -0.269    -0.195
      4.599    -0.273    -0.195
      4.605    -0.276    -0.195
      4.611    -0.280    -0.195
      4.617    -0.284    -0.195
      4.623    -0.288    -0.195
      4.629    -0.291    -0.195
      4.635    -0.295    -0.194
      4.641    -0.299    -0.194
      4.647    -0.303    -0.194
      4.654    -0.307    -0.194
      4.660    -0.311    -0.194
      4.667    -0.315    -0.194
      4.673    -0.319    -0.194
      4.679    -0.323    -0.194
      4.686    -0.326    -0.194
      4.692    -0.330    -0.194
      4.698    -0.334    -0.194
      4.704    -0.338    -0.194
      4.710    -0.342    -0.194
      4.716    -0.345    -0.194
      4.722    -0.349    -0.194
      4.728    -0.353    -0.194
      4.734    -0.357    -0.194
      4.740    -0.361    -0.194
      4.746    -0.364    -0.194
      4.752    -0.368    -0.194
      4.758    -0.372    -0.194
      4.764    -0.376    -0.194
      4.770    -0.379    -0.194
      4.776    -0.383    -0.194
      4.782    -0.387    -0.194
      4.788    -0.391    -0.194
      4.794    -0.395    -0.194
      4.800    -0.398    -0.194
      4.806    -0.402    -0.194
      4.812    -0.406    -0.194
      4.818    -0.410    -0.194
      4.824    -0.414    -0.194
      4.830    -0.417    -0.194
      4.836    -0.421    -0.193
      4.842    -0.425    -0.193
      4.848    -0.429    -0.193
      4.854    -0.433    -0.193
      4.860    -0.437    -0.193
      4.866    -0.441    -0.193
      4.873    -0.445    -0.193
      4.879    -0.449    -0.193
      4.885    -0.453    -0.193
      4.892    -0.457    -0.193
      4.898    -0.461    -0.193
      4.904    -0.465    -0.193
      4.910    -0.469    -0.193
      4.916    -0.473    -0.193
      4.922    -0.477    -0.193
      4.928    -0.481    -0.193
      4.934    -0.485    -0.193
      4.940    -0.488    -0.193
      4.946    -0.492    -0.193
      4.952    -0.496    -0.193
      4.958    -0.500    -0.193
      4.964    -0.504    -0.193
      4.970    -0.508    -0.193
      4.976    -0.511    -0.193
      4.982    -0.515    -0.193
      4.988    -0.519    -0.192
      4.994    -0.523    -0.192
      5.000    -0.527    -0.192
      5.006    -0.531    -0.192
      5.012    -0.535    -0.192
      5.018    -0.539    -0.192
      5.024    -0.542    -0.192
      5.029    -0.546    -0.192
      5.035    -0.550    -0.192
      5.041    -0.554    -0.192
      5.047    -0.558    -0.192
      5.053    -0.562    -0.192
      5.059    -0.566    -0.192
      5.065    -0.569    -0.192
      5.071    -0.573    -0.192
      5.077    -0.577    -0.192
      5.083    -0.581    -0.192
      5.089    -0.585    -0.192
      5.095    -0.589    -0.192
      5.101    -0.593    -0.192
      5.107    -0.597    -0.191
      5.113    -0.601    -0.191
      5.119    -0.604    -0.191
      5.125    -0.608    -0.191
      5.131    -0.612    -0.191
      5.137    -0.616    -0.191
      5.143    -0.620    -0.191
      5.149    -0.624    -0.191
      5.155    -0.628    -0.191
      5.161    -0.631    -0.191
      5.167    -0.635    -0.191
      5.173    -0.639    -0.191
      5.179    -0.643    -0.191
      5.185    -0.647    -0.191
      5.191    -0.651    -0.191
      5.197    -0.655    -0.191
      5.203    -0.659    -0.191
      5.209    -0.663    -0.190
      5.215    -0.667    -0.190
      5.222    -0.671    -0.190
      5.228    -0.675    -0.190
      5.235    -0.679    -0.190
      5.241    -0.684    -0.190
      5.248    -0.688    -0.190
      5.254    -0.692    -0.190
      5.261    -0.696    -0.190
      5.267    -0.700    -0.190
      5.273    -0.704    -0.190
      5.280    -0.709    -0.190
      5.286    -0.713    -0.190
      5.292    -0.717    -0.190
      5.298    -0.720    -0.189
      5.304    -0.724    -0.189
      5.310    -0.728    -0.189
      5.316    -0.732    -0.189
      5.322    -0.736    -0.189
      5.328    -0.740    -0.189
      5.334    -0.744    -0.189
      5.340    -0.748    -0.189
      5.346    -0.751    -0.189
      5.352    -0.755    -0.189
      5.358    -0.759    -0.189
      5.364    -0.763    -0.189
      5.370    -0.767    -0.189
      5.376    -0.770    -0.188
      5.382    -0.774    -0.188
      5.388    -0.778    -0.188
      5.394    -0.782    -0.188
      5.400    -0.786    -0.188
      5.406    -0.790    -0.188
      5.412    -0.793    -0.188
      5.418    -0.797    -0.188
      5.424    -0.801    -0.188
      5.430    -0.805    -0.188
      5.436    -0.809    -0.188
      5.442    -0.812    -0.188
      5.448    -0.816    -0.187
      5.454    -0.820    -0.187
      5.460    -0.824    -0.187
      5.466    -0.828    -0.187
      5.472    -0.832    -0.187
      5.478    -0.835    -0.187
      5.484    -0.839    -0.187
      5.490    -0.843    -0.187
      5.496    -0.847    -0.187
      5.502    -0.851    -0.187
      5.508    -0.854    -0.187
      5.514    -0.858    -0.186
      5.520    -0.862    -0.186
      5.526    -0.866    -0.186
      5.532    -0.869    -0.186
      5.538    -0.873    -0.186
      5.544    -0.877    -0.186
      5.550    -0.881    -0.186
      5.556    -0.885    -0.186
      5.562    -0.888    -0.186
      5.569    -0.892    -0.186
      5.575    -0.896    -0.185
      5.581    -0.900    -0.185
      5.587    -0.904    -0.185
      5.593    -0.907    -0.185
      5.599    -0.911    -0.185
      5.605    -0.915    -0.185
      5.612    -0.919    -0.185
      5.618    -0.923    -0.185
      5.625    -0.927    -0.185
      5.632    -0.931    -0.184
      5.639    -0.936    -0.184
      5.645    -0.939    -0.184
      5.651    -0.943    -0.184
      5.657    -0.947    -0.184
      5.663    -0.950    -0.184
      5.669    -0.954    -0.184
      5.675    -0.958    -0.184
      5.681    -0.962    -0.184
      5.687    -0.965    -0.183
      5.693    -0.969    -0.183
      5.699    -0.973    -0.183
      5.705    -0.976    -0.183
      5.711    -0.980    -0.183
      5.717    -0.984    -0.183
      5.724    -0.987    -0.183
      5.730    -0.991    -0.183
      5.736    -0.995    -0.182
      5.742    -0.998    -0.182
      5.748    -1.002    -0.182
      5.754    -1.006    -0.182
      5.760    -1.010    -0.182
      5.767    -1.013    -0.182
      5.773    -1.017    -0.182
      5.779    -1.021    -0.182
      5.786    -1.025    -0.181
      5.792    -1.029    -0.181
      5.799    -1.033    -0.181
      5.806    -1.037    -0.181
      5.813    -1.041    -0.181
      5.819    -1.044    -0.181
      5.825    -1.048    -0.181
      5.831    -1.051    -0.181
      5.837    -1.055    -0.180
      5.844    -1.059    -0.180
      5.850    -1.062    -0.180
      5.856    -1.066    -0.180
      5.863    -1.070    -0.180
      5.870    -1.074    -0.180
      5.876    -1.078    -0.180
      5.883    -1.082    -0.179
      5.890    -1.086    -0.179
      5.897    -1.090    -0.179
      5.904    -1.093    -0.179
      5.911    -1.097    -0.179
      5.917    -1.101    -0.179
      5.924    -1.105    -0.178
      5.931    -1.109    -0.178
      5.938    -1.113    -0.178
      5.944    -1.117    -0.178
      5.951    -1.120    -0.178
      5.958    -1.124    -0.178
      5.964    -1.128    -0.177
      5.971    -1.132    -0.177
      5.978    -1.135    -0.177
      5.984    -1.139    -0.177
      5.991    -1.143    -0.177
      5.997    -1.146    -0.177
      6.003    -1.150    -0.176
      6.010    -1.153    -0.176
      6.016    -1.157    -0.176
      6.022    -1.160    -0.176
      6.028    -1.164    -0.176
      6.035    -1.167    -0.176
      6.041    -1.170    -0.175
      6.047    -1.174    -0.175
      6.053    -1.177    -0.175
      6.059    -1.181    -0.175
      6.066    -1.184    -0.175
      6.072    -1.187    -0.175
      6.078    -1.191    -0.174
      6.084    -1.194    -0.174
      6.090    -1.198    -0.174
      6.097    -1.201    -0.174
      6.103    -1.204    -0.174
      6.109    -1.208    -0.173
      6.116    -1.211    -0.173
      6.122    -1.214    -0.173
      6.128    -1.218    -0.173
      6.134    -1.221    -0.173
      6.140    -1.224    -0.173
      6.147    -1.228    -0.172
      6.153    -1.231    -0.172
      6.159    -1.234    -0.172
      6.166    -1.238    -0.172
      6.172    -1.241    -0.172
      6.178    -1.244    -0.171
      6.185    -1.248    -0.171
      6.191    -1.251    -0.171
      6.197    -1.254    -0.171
      6.204    -1.257    -0.171
      6.210    -1.261    -0.171
      6.216    -1.264    -0.170
      6.223    -1.267    -0.170
      6.229    -1.270    -0.170
      6.235    -1.274    -0.170
      6.242    -1.277    -0.170
      6.248    -1.280    -0.169
      6.254    -1.283    -0.169
      6.261    -1.286    -0.169
      6.267    -1.290    -0.169
      6.273    -1.293    -0.169
      6.280    -1.296    -0.168
      6.286    -1.299    -0.168
      6.293    -1.302    -0.168
      6.299    -1.306    -0.168
      6.306    -1.309    -0.168
      6.312    -1.312    -0.167
      6.318    -1.315    -0.167
      6.325    -1.318    -0.167
      6.332    -1.322    -0.167
      6.339    -1.325    -0.167
      6.346    -1.329    -0.166
      6.353    -1.332    -0.166
      6.360    -1.335    -0.166
      6.367    -1.338    -0.166
      6.373    -1.342    -0.165
      6.380    -1.345    -0.165
      6.386    -1.348    -0.165
      6.393    -1.351    -0.165
      6.399    -1.354    -0.165
      6.405    -1.357    -0.164
      6.412    -1.360    -0.164
      6.418    -1.363    -0.164
      6.424    -1.366    -0.164
      6.431    -1.369    -0.164
      6.437    -1.372    -0.163
      6.444    -1.375    -0.163
      6.450    -1.378    -0.163
      6.457    -1.381    -0.163
      6.463    -1.384    -0.162
      6.470    -1.387    -0.162
      6.477    -1.390    -0.162
      6.483    -1.393    -0.162
      6.490    -1.395    -0.162
      6.496    -1.398    -0.161
      6.503    -1.401    -0.161
      6.509    -1.404    -0.161
      6.516    -1.407    -0.161
      6.524    -1.411    -0.160
      6.531    -1.414    -0.160
      6.538    -1.417    -0.160
      6.545    -1.420    -0.160
      6.552    -1.423    -0.159
      6.558    -1.426    -0.159
      6.565    -1.429    -0.159
      6.571    -1.431    -0.159
      6.578    -1.434    -0.159
      6.585    -1.437    -0.158
      6.591    -1.440    -0.158
      6.598    -1.443    -0.158
      6.606    -1.446    -0.158
      6.613    -1.449    -0.157
      6.620    -1.452    -0.157
      6.628    -1.455    -0.157
      6.635    -1.458    -0.157
      6.642    -1.461    -0.156
      6.649    -1.464    -0.156
      6.657    -1.467    -0.156
      6.664    -1.470    -0.156
      6.671    -1.473    -0.155
      6.678    -1.476    -0.155
      6.685    -1.479    -0.155
      6.693    -1.482    -0.155
      6.699    -1.484    -0.154
      6.706    -1.487    -0.154
      6.713    -1.490    -0.154
      6.719    -1.492    -0.154
      6.726    -1.495    -0.154
      6.732    -1.497    -0.153
      6.739    -1.500    -0.153
      6.745    -1.502    -0.153
      6.752    -1.505    -0.153
      6.759    -1.508    -0.152
      6.765    -1.510    -0.152
      6.772    -1.513    -0.152
      6.779    -1.515    -0.152
      6.785    -1.518    -0.152
      6.792    -1.520    -0.151
      6.799    -1.523    -0.151
      6.806    -1.525    -0.151
      6.812    -1.528    -0.151
      6.819    -1.530    -0.150
      6.826    -1.533    -0.150
      6.832    -1.535    -0.150
      6.839    -1.538    -0.150
      6.846    -1.540    -0.149
      6.853    -1.543    -0.149
      6.861    -1.545    -0.149
      6.868    -1.548    -0.149
      6.875    -1.551    -0.149
      6.883    -1.553    -0.148
      6.890    -1.556    -0.148
      6.896    -1.558    -0.148
      6.903    -1.560    -0.148
      6.910    -1.563    -0.147
      6.917    -1.565    -0.147
      6.923    -1.567    -0.147
      6.930    -1.570    -0.147
      6.938    -1.572    -0.146
      6.945    -1.575    -0.146
      6.953    -1.577    -0.146
      6.960    -1.580    -0.146
      6.968    -1.582    -0.145
      6.975    -1.585    -0.145
      6.982    -1.587    -0.145
      6.990    -1.590    -0.145
      6.997    -1.592    -0.144
      7.005    -1.594    -0.144
      7.012    -1.597    -0.144
      7.020    -1.599    -0.144
      7.027    -1.601    -0.144
      7.034    -1.604    -0.143
      7.041    -1.606    -0.143
      7.048    -1.608    -0.143
      7.055    -1.610    -0.143
      7.062    -1.612    -0.142
      7.069    -1.614    -0.142
      7.075    -1.616    -0.142
      7.082    -1.619    -0.142
      7.090    -1.621    -0.142
      7.097    -1.623    -0.141
      7.105    -1.625    -0.141
      7.112    -1.628    -0.141
      7.120    -1.630    -0.141
      7.128    -1.632    -0.140
      7.135    -1.634    -0.140
      7.143    -1.636    -0.140
      7.150    -1.638    -0.140
      7.158    -1.641    -0.139
      7.165    -1.643    -0.139
      7.173    -1.645    -0.139
      7.180    -1.647    -0.139
      7.188    -1.649    -0.139
      7.195    -1.651    -0.138
      7.203    -1.653    -0.138
      7.211    -1.655    -0.138
      7.218    -1.657    -0.138
      7.226    -1.659    -0.137
      7.233    -1.661    -0.137
      7.241    -1.663    -0.137
      7.248    -1.665    -0.137
      7.256    -1.667    -0.137
      7.263    -1.669    -0.136
      7.271    -1.671    -0.136
      7.279    -1.673    -0.136
      7.286    -1.675    -0.136
      7.294    -1.677    -0.135
      7.302    -1.678    -0.135
      7.309    -1.680    -0.135
