Count of Points:874

WCS coordinates of Points:
      1.181     0.000    -0.858
      1.187     0.004    -0.858
      1.193     0.008    -0.858
      1.199     0.011    -0.858
      1.205     0.015    -0.858
      1.212     0.019    -0.858
      1.218     0.023    -0.858
      1.224     0.026    -0.858
      1.230     0.030    -0.858
      1.236     0.034    -0.858
      1.242     0.037    -0.858
      1.248     0.041    -0.858
      1.254     0.045    -0.858
      1.260     0.048    -0.858
      1.267     0.052    -0.858
      1.273     0.055    -0.858
      1.279     0.059    -0.858
      1.285     0.063    -0.858
      1.292     0.066    -0.858
      1.298     0.070    -0.858
      1.304     0.073    -0.858
      1.310     0.077    -0.858
      1.317     0.080    -0.858
      1.323     0.084    -0.858
      1.330     0.087    -0.858
      1.337     0.091    -0.858
      1.344     0.095    -0.858
      1.351     0.099    -0.858
      1.358     0.103    -0.858
      1.364     0.106    -0.858
      1.370     0.109    -0.858
      1.377     0.113    -0.858
      1.383     0.116    -0.858
      1.389     0.119    -0.858
      1.396     0.123    -0.858
      1.402     0.126    -0.858
      1.409     0.129    -0.858
      1.416     0.133    -0.858
      1.423     0.137    -0.858
      1.430     0.140    -0.858
      1.437     0.144    -0.858
      1.445     0.147    -0.858
      1.452     0.151    -0.858
      1.459     0.154    -0.858
      1.466     0.158    -0.858
      1.473     0.161    -0.858
      1.480     0.164    -0.858
      1.487     0.168    -0.858
      1.494     0.171    -0.858
      1.501     0.174    -0.858
      1.508     0.177    -0.858
      1.514     0.180    -0.858
      1.521     0.183    -0.858
      1.527     0.186    -0.858
      1.534     0.189    -0.858
      1.540     0.192    -0.858
      1.547     0.195    -0.858
      1.554     0.198    -0.858
      1.561     0.202    -0.858
      1.569     0.205    -0.858
      1.576     0.208    -0.858
      1.583     0.211    -0.858
      1.590     0.214    -0.858
      1.598     0.217    -0.857
      1.605     0.220    -0.857
      1.612     0.223    -0.857
      1.619     0.226    -0.857
      1.627     0.229    -0.857
      1.634     0.232    -0.857
      1.641     0.235    -0.857
      1.648     0.238    -0.857
      1.656     0.241    -0.857
      1.663     0.244    -0.857
      1.670     0.247    -0.857
      1.678     0.250    -0.857
      1.685     0.253    -0.857
      1.692     0.255    -0.857
      1.699     0.258    -0.857
      1.707     0.261    -0.857
      1.714     0.264    -0.857
      1.721     0.266    -0.857
      1.729     0.269    -0.857
      1.736     0.272    -0.857
      1.744     0.275    -0.857
      1.751     0.277    -0.857
      1.759     0.280    -0.857
      1.766     0.283    -0.857
      1.773     0.285    -0.857
      1.780     0.287    -0.857
      1.786     0.290    -0.857
      1.793     0.292    -0.857
      1.800     0.295    -0.857
      1.807     0.297    -0.857
      1.814     0.299    -0.857
      1.821     0.302    -0.857
      1.829     0.304    -0.857
      1.836     0.307    -0.857
      1.844     0.309    -0.857
      1.851     0.311    -0.857
      1.859     0.314    -0.857
      1.866     0.316    -0.857
      1.874     0.319    -0.857
      1.881     0.321    -0.857
      1.889     0.323    -0.857
      1.896     0.325    -0.857
      1.904     0.328    -0.857
      1.911     0.330    -0.857
      1.919     0.332    -0.857
      1.926     0.334    -0.857
      1.934     0.336    -0.857
      1.941     0.339    -0.857
      1.949     0.341    -0.857
      1.957     0.343    -0.857
      1.964     0.345    -0.857
      1.972     0.347    -0.857
      1.979     0.349    -0.857
      1.987     0.351    -0.857
      1.994     0.353    -0.857
      2.002     0.355    -0.857
      2.010     0.357    -0.857
      2.017     0.359    -0.857
      2.025     0.361    -0.857
      2.033     0.363    -0.857
      2.040     0.365    -0.857
      2.048     0.367    -0.857
      2.056     0.369    -0.857
      2.063     0.370    -0.857
      2.071     0.372    -0.857
      2.079     0.374    -0.857
      2.086     0.376    -0.857
      2.094     0.377    -0.857
      2.102     0.379    -0.857
      2.109     0.381    -0.857
      2.117     0.383    -0.857
      2.125     0.384    -0.857
      2.132     0.386    -0.857
      2.140     0.387    -0.857
      2.148     0.389    -0.857
      2.156     0.391    -0.857
      2.163     0.392    -0.857
      2.171     0.394    -0.857
      2.179     0.395    -0.857
      2.187     0.397    -0.857
      2.195     0.398    -0.857
      2.202     0.400    -0.857
      2.210     0.401    -0.857
      2.218     0.402    -0.857
      2.225     0.404    -0.857
      2.232     0.405    -0.857
      2.239     0.406    -0.857
      2.247     0.407    -0.857
      2.254     0.408    -0.857
      2.261     0.410    -0.857
      2.268     0.411    -0.857
      2.275     0.412    -0.857
      2.282     0.413    -0.857
      2.289     0.414    -0.857
      2.296     0.415    -0.857
      2.304     0.416    -0.857
      2.311     0.417    -0.857
      2.318     0.418    -0.857
      2.326     0.419    -0.857
      2.334     0.420    -0.857
      2.342     0.421    -0.857
      2.350     0.422    -0.857
      2.358     0.423    -0.857
      2.366     0.424    -0.857
      2.373     0.425    -0.857
      2.381     0.426    -0.857
      2.389     0.427    -0.857
      2.397     0.428    -0.857
      2.405     0.429    -0.857
      2.412     0.430    -0.857
      2.420     0.430    -0.857
      2.428     0.431    -0.857
      2.436     0.432    -0.857
      2.444     0.433    -0.857
      2.451     0.433    -0.857
      2.459     0.434    -0.857
      2.467     0.435    -0.857
      2.475     0.435    -0.857
      2.483     0.436    -0.857
      2.490     0.437    -0.857
      2.498     0.437    -0.857
      2.506     0.438    -0.857
      2.514     0.438    -0.857
      2.522     0.439    -0.857
      2.530     0.439    -0.857
      2.538     0.440    -0.857
      2.546     0.440    -0.857
      2.554     0.440    -0.857
      2.561     0.441    -0.857
      2.569     0.441    -0.857
      2.577     0.442    -0.857
      2.585     0.442    -0.857
      2.593     0.442    -0.857
      2.601     0.442    -0.857
      2.608     0.443    -0.857
      2.616     0.443    -0.857
      2.624     0.443    -0.857
      2.632     0.443    -0.857
      2.640     0.443    -0.857
      2.648     0.444    -0.857
      2.656     0.444    -0.857
      2.664     0.444    -0.857
      2.672     0.444    -0.857
      2.680     0.444    -0.857
      2.687     0.444    -0.857
      2.695     0.444    -0.857
      2.703     0.444    -0.857
      2.711     0.444    -0.857
      2.719     0.444    -0.857
      2.727     0.444    -0.857
      2.734     0.444    -0.857
      2.742     0.444    -0.857
      2.749     0.443    -0.857
      2.756     0.443    -0.857
      2.763     0.443    -0.857
      2.771     0.443    -0.857
      2.779     0.443    -0.857
      2.786     0.442    -0.857
      2.794     0.442    -0.857
      2.802     0.442    -0.857
      2.810     0.442    -0.857
      2.818     0.441    -0.857
      2.826     0.441    -0.857
      2.833     0.440    -0.857
      2.841     0.440    -0.857
      2.849     0.440    -0.857
      2.857     0.439    -0.857
      2.865     0.439    -0.857
      2.873     0.438    -0.857
      2.881     0.438    -0.857
      2.889     0.437    -0.857
      2.896     0.437    -0.857
      2.904     0.436    -0.857
      2.912     0.435    -0.857
      2.920     0.435    -0.857
      2.928     0.434    -0.857
      2.936     0.433    -0.857
      2.944     0.433    -0.856
      2.952     0.432    -0.856
      2.959     0.431    -0.856
      2.966     0.431    -0.856
      2.973     0.430    -0.856
      2.981     0.429    -0.856
      2.988     0.429    -0.856
      2.995     0.428    -0.856
      3.003     0.427    -0.856
      3.011     0.426    -0.856
      3.019     0.425    -0.856
      3.027     0.424    -0.856
      3.034     0.423    -0.856
      3.042     0.422    -0.856
      3.050     0.421    -0.856
      3.057     0.420    -0.856
      3.065     0.420    -0.856
      3.072     0.419    -0.856
      3.079     0.418    -0.856
      3.086     0.417    -0.856
      3.093     0.416    -0.856
      3.101     0.415    -0.856
      3.108     0.414    -0.856
      3.115     0.413    -0.856
      3.122     0.412    -0.856
      3.129     0.411    -0.856
      3.137     0.409    -0.856
      3.143     0.408    -0.856
      3.150     0.407    -0.856
      3.157     0.406    -0.856
      3.164     0.405    -0.856
      3.170     0.404    -0.856
      3.177     0.403    -0.856
      3.185     0.402    -0.856
      3.192     0.401    -0.856
      3.199     0.399    -0.856
      3.206     0.398    -0.856
      3.213     0.397    -0.856
      3.220     0.396    -0.856
      3.228     0.394    -0.856
      3.236     0.393    -0.856
      3.243     0.391    -0.856
      3.251     0.390    -0.856
      3.259     0.388    -0.856
      3.267     0.387    -0.856
      3.274     0.385    -0.856
      3.282     0.384    -0.856
      3.290     0.382    -0.856
      3.298     0.381    -0.856
      3.305     0.379    -0.856
      3.313     0.378    -0.856
      3.320     0.376    -0.856
      3.328     0.374    -0.856
      3.336     0.373    -0.855
      3.343     0.371    -0.855
      3.351     0.370    -0.855
      3.359     0.368    -0.855
      3.367     0.366    -0.855
      3.374     0.364    -0.855
      3.382     0.363    -0.855
      3.389     0.361    -0.855
      3.397     0.359    -0.855
      3.405     0.357    -0.855
      3.412     0.356    -0.855
      3.420     0.354    -0.855
      3.428     0.352    -0.855
      3.435     0.350    -0.855
      3.443     0.348    -0.855
      3.451     0.346    -0.855
      3.459     0.344    -0.855
      3.466     0.342    -0.855
      3.474     0.341    -0.855
      3.482     0.339    -0.855
      3.489     0.337    -0.855
      3.497     0.335    -0.855
      3.504     0.333    -0.855
      3.512     0.331    -0.855
      3.519     0.329    -0.855
      3.527     0.327    -0.855
      3.535     0.325    -0.855
      3.542     0.323    -0.854
      3.550     0.321    -0.854
      3.557     0.318    -0.854
      3.565     0.316    -0.854
      3.573     0.314    -0.854
      3.580     0.312    -0.854
      3.588     0.310    -0.854
      3.596     0.308    -0.854
      3.603     0.306    -0.854
      3.611     0.303    -0.854
      3.618     0.301    -0.854
      3.626     0.299    -0.854
      3.633     0.297    -0.854
      3.640     0.295    -0.854
      3.647     0.293    -0.854
      3.654     0.291    -0.854
      3.661     0.289    -0.854
      3.668     0.287    -0.854
      3.675     0.284    -0.854
      3.683     0.282    -0.853
      3.691     0.280    -0.853
      3.698     0.277    -0.853
      3.706     0.275    -0.853
      3.713     0.273    -0.853
      3.720     0.270    -0.853
      3.728     0.268    -0.853
      3.735     0.266    -0.853
      3.743     0.263    -0.853
      3.750     0.261    -0.853
      3.758     0.258    -0.853
      3.765     0.256    -0.853
      3.773     0.254    -0.853
      3.780     0.251    -0.853
      3.788     0.249    -0.853
      3.796     0.246    -0.852
      3.803     0.244    -0.852
      3.811     0.241    -0.852
      3.818     0.239    -0.852
      3.826     0.236    -0.852
      3.833     0.234    -0.852
      3.841     0.231    -0.852
      3.847     0.229    -0.852
      3.854     0.226    -0.852
      3.861     0.224    -0.852
      3.868     0.222    -0.852
      3.875     0.219    -0.852
      3.882     0.217    -0.851
      3.889     0.214    -0.851
      3.897     0.212    -0.851
      3.904     0.209    -0.851
      3.912     0.206    -0.851
      3.919     0.204    -0.851
      3.927     0.201    -0.851
      3.934     0.198    -0.851
      3.941     0.196    -0.851
      3.948     0.193    -0.851
      3.955     0.191    -0.850
      3.961     0.188    -0.850
      3.968     0.186    -0.850
      3.975     0.183    -0.850
      3.982     0.181    -0.850
      3.989     0.178    -0.850
      3.996     0.176    -0.850
      4.002     0.173    -0.850
      4.009     0.171    -0.850
      4.016     0.168    -0.850
      4.022     0.166    -0.849
      4.029     0.164    -0.849
      4.035     0.161    -0.849
      4.042     0.159    -0.849
      4.048     0.156    -0.849
      4.055     0.154    -0.849
      4.063     0.151    -0.849
      4.070     0.148    -0.849
      4.078     0.145    -0.849
      4.085     0.142    -0.848
      4.092     0.140    -0.848
      4.099     0.137    -0.848
      4.107     0.134    -0.848
      4.114     0.131    -0.848
      4.121     0.128    -0.848
      4.129     0.125    -0.848
      4.136     0.123    -0.847
      4.143     0.120    -0.847
      4.151     0.117    -0.847
      4.158     0.114    -0.847
      4.166     0.111    -0.847
      4.173     0.108    -0.847
      4.180     0.105    -0.847
      4.188     0.102    -0.846
      4.195     0.099    -0.846
      4.202     0.096    -0.846
      4.210     0.093    -0.846
      4.217     0.091    -0.846
      4.224     0.088    -0.846
      4.231     0.085    -0.845
      4.237     0.082    -0.845
      4.244     0.080    -0.845
      4.251     0.077    -0.845
      4.257     0.074    -0.845
      4.265     0.071    -0.845
      4.272     0.068    -0.844
      4.279     0.065    -0.844
      4.287     0.062    -0.844
      4.294     0.059    -0.844
      4.301     0.056    -0.844
      4.309     0.053    -0.843
      4.316     0.051    -0.843
      4.322     0.048    -0.843
      4.329     0.045    -0.843
      4.336     0.042    -0.843
      4.342     0.039    -0.843
      4.349     0.037    -0.842
      4.356     0.034    -0.842
      4.362     0.031    -0.842
      4.369     0.028    -0.842
      4.376     0.026    -0.842
      4.383     0.023    -0.841
      4.389     0.020    -0.841
      4.396     0.017    -0.841
      4.402     0.015    -0.841
      4.408     0.012    -0.841
      4.415     0.009    -0.840
      4.421     0.007    -0.840
      4.428     0.004    -0.840
      4.435     0.001    -0.840
      4.443    -0.003    -0.840
      4.450    -0.006    -0.839
      4.457    -0.009    -0.839
      4.465    -0.012    -0.839
      4.472    -0.015    -0.839
      4.479    -0.018    -0.838
      4.485    -0.021    -0.838
      4.492    -0.023    -0.838
      4.499    -0.026    -0.838
      4.505    -0.029    -0.837
      4.512    -0.032    -0.837
      4.519    -0.035    -0.837
      4.525    -0.038    -0.837
      4.532    -0.040    -0.836
      4.539    -0.043    -0.836
      4.545    -0.046    -0.836
      4.552    -0.049    -0.836
      4.558    -0.052    -0.835
      4.565    -0.054    -0.835
      4.571    -0.057    -0.835
      4.577    -0.060    -0.835
      4.583    -0.062    -0.834
      4.590    -0.065    -0.834
      4.597    -0.068    -0.834
      4.603    -0.071    -0.834
      4.610    -0.074    -0.833
      4.617    -0.077    -0.833
      4.623    -0.080    -0.833
      4.630    -0.082    -0.832
      4.636    -0.085    -0.832
      4.642    -0.088    -0.832
      4.649    -0.091    -0.832
      4.655    -0.093    -0.831
      4.662    -0.096    -0.831
      4.669    -0.099    -0.831
      4.676    -0.102    -0.830
      4.683    -0.105    -0.830
      4.690    -0.108    -0.830
      4.697    -0.111    -0.829
      4.704    -0.114    -0.829
      4.711    -0.118    -0.829
      4.718    -0.120    -0.828
      4.724    -0.123    -0.828
      4.731    -0.126    -0.828
      4.737    -0.129    -0.827
      4.744    -0.132    -0.827
      4.750    -0.135    -0.827
      4.757    -0.138    -0.826
      4.764    -0.141    -0.826
      4.772    -0.144    -0.826
      4.779    -0.147    -0.825
      4.786    -0.150    -0.825
      4.793    -0.153    -0.824
      4.801    -0.156    -0.824
      4.808    -0.160    -0.824
      4.815    -0.163    -0.823
      4.822    -0.166    -0.823
      4.829    -0.169    -0.822
      4.837    -0.172    -0.822
      4.844    -0.175    -0.822
      4.851    -0.178    -0.821
      4.858    -0.181    -0.821
      4.865    -0.184    -0.820
      4.872    -0.188    -0.820
      4.880    -0.191    -0.819
      4.887    -0.194    -0.819
      4.894    -0.197    -0.818
      4.901    -0.200    -0.818
      4.908    -0.203    -0.818
      4.915    -0.206    -0.817
      4.923    -0.209    -0.817
      4.930    -0.213    -0.816
      4.937    -0.216    -0.816
      4.944    -0.219    -0.815
      4.952    -0.222    -0.815
      4.959    -0.225    -0.814
      4.966    -0.228    -0.814
      4.973    -0.231    -0.813
      4.981    -0.235    -0.813
      4.988    -0.238    -0.812
      4.995    -0.241    -0.812
      5.002    -0.244    -0.811
      5.010    -0.247    -0.811
      5.017    -0.250    -0.810
      5.024    -0.253    -0.810
      5.031    -0.256    -0.809
      5.038    -0.259    -0.808
      5.045    -0.262    -0.808
      5.052    -0.266    -0.807
      5.060    -0.269    -0.807
      5.067    -0.272    -0.806
      5.074    -0.275    -0.806
      5.082    -0.278    -0.805
      5.089    -0.281    -0.805
      5.096    -0.284    -0.804
      5.103    -0.287    -0.803
      5.111    -0.291    -0.803
      5.118    -0.294    -0.802
      5.125    -0.297    -0.802
      5.132    -0.300    -0.801
      5.140    -0.303    -0.800
      5.146    -0.306    -0.800
      5.153    -0.309    -0.799
      5.160    -0.312    -0.799
      5.166    -0.314    -0.798
      5.173    -0.317    -0.797
      5.180    -0.320    -0.797
      5.187    -0.323    -0.796
      5.194    -0.326    -0.796
      5.201    -0.329    -0.795
      5.209    -0.332    -0.794
      5.216    -0.336    -0.794
      5.223    -0.339    -0.793
      5.230    -0.342    -0.792
      5.237    -0.345    -0.792
      5.244    -0.348    -0.791
      5.252    -0.351    -0.790
      5.259    -0.354    -0.790
      5.266    -0.357    -0.789
      5.273    -0.360    -0.788
      5.281    -0.363    -0.787
      5.288    -0.366    -0.787
      5.295    -0.369    -0.786
      5.302    -0.372    -0.785
      5.310    -0.375    -0.784
      5.317    -0.378    -0.784
      5.324    -0.381    -0.783
      5.331    -0.385    -0.782
      5.339    -0.388    -0.781
      5.346    -0.391    -0.781
      5.353    -0.393    -0.780
      5.359    -0.396    -0.779
      5.366    -0.399    -0.779
      5.373    -0.402    -0.778
      5.379    -0.405    -0.777
      5.386    -0.407    -0.776
      5.393    -0.411    -0.776
      5.400    -0.414    -0.775
      5.408    -0.417    -0.774
      5.415    -0.420    -0.773
      5.422    -0.423    -0.772
      5.430    -0.426    -0.772
      5.437    -0.429    -0.771
      5.443    -0.432    -0.770
      5.450    -0.434    -0.769
      5.457    -0.437    -0.768
      5.463    -0.440    -0.768
      5.470    -0.443    -0.767
      5.477    -0.445    -0.766
      5.483    -0.448    -0.765
      5.490    -0.451    -0.764
      5.497    -0.454    -0.764
      5.503    -0.457    -0.763
      5.510    -0.459    -0.762
      5.517    -0.462    -0.761
      5.523    -0.465    -0.760
      5.529    -0.467    -0.760
      5.536    -0.470    -0.759
      5.542    -0.473    -0.758
      5.548    -0.475    -0.757
      5.555    -0.478    -0.756
      5.563    -0.481    -0.755
      5.570    -0.484    -0.755
      5.577    -0.487    -0.754
      5.584    -0.490    -0.753
      5.592    -0.493    -0.752
      5.599    -0.496    -0.751
      5.606    -0.499    -0.750
      5.613    -0.502    -0.749
      5.620    -0.505    -0.748
      5.628    -0.508    -0.747
      5.635    -0.511    -0.746
      5.642    -0.514    -0.745
      5.649    -0.517    -0.744
      5.657    -0.520    -0.743
      5.664    -0.523    -0.742
      5.671    -0.526    -0.741
      5.678    -0.529    -0.740
      5.686    -0.532    -0.739
      5.693    -0.535    -0.738
      5.700    -0.538    -0.737
      5.708    -0.541    -0.736
      5.715    -0.544    -0.735
      5.721    -0.546    -0.734
      5.728    -0.549    -0.733
      5.735    -0.552    -0.732
      5.742    -0.554    -0.731
      5.748    -0.557    -0.730
      5.755    -0.560    -0.729
      5.762    -0.563    -0.728
      5.769    -0.566    -0.727
      5.777    -0.569    -0.726
      5.784    -0.572    -0.725
      5.791    -0.575    -0.724
      5.799    -0.578    -0.723
      5.806    -0.581    -0.722
      5.812    -0.583    -0.721
      5.819    -0.586    -0.720
      5.826    -0.589    -0.719
      5.832    -0.591    -0.718
      5.839    -0.594    -0.717
      5.846    -0.597    -0.716
      5.852    -0.599    -0.715
      5.859    -0.602    -0.714
      5.866    -0.605    -0.713
      5.872    -0.607    -0.712
      5.879    -0.610    -0.711
      5.886    -0.613    -0.710
      5.892    -0.615    -0.709
      5.898    -0.618    -0.708
      5.905    -0.620    -0.707
      5.911    -0.623    -0.706
      5.917    -0.625    -0.705
      5.925    -0.628    -0.704
      5.932    -0.631    -0.703
      5.939    -0.634    -0.702
      5.946    -0.637    -0.701
      5.954    -0.640    -0.699
      5.961    -0.643    -0.698
      5.968    -0.646    -0.697
      5.975    -0.648    -0.696
      5.982    -0.651    -0.695
      5.988    -0.654    -0.694
      5.995    -0.656    -0.693
      6.002    -0.659    -0.692
      6.008    -0.662    -0.691
      6.015    -0.664    -0.690
      6.022    -0.667    -0.689
      6.028    -0.670    -0.687
      6.035    -0.672    -0.686
      6.042    -0.675    -0.685
      6.048    -0.678    -0.684
      6.055    -0.680    -0.683
      6.061    -0.682    -0.682
      6.067    -0.685    -0.681
      6.074    -0.687    -0.680
      6.080    -0.690    -0.679
      6.087    -0.693    -0.678
      6.093    -0.695    -0.677
      6.100    -0.698    -0.676
      6.107    -0.700    -0.675
      6.113    -0.703    -0.674
      6.120    -0.706    -0.672
      6.126    -0.708    -0.671
      6.133    -0.711    -0.670
      6.139    -0.713    -0.669
      6.145    -0.716    -0.668
      6.151    -0.718    -0.667
      6.158    -0.721    -0.666
      6.165    -0.724    -0.665
      6.173    -0.726    -0.664
      6.180    -0.729    -0.662
      6.187    -0.732    -0.661
      6.194    -0.735    -0.660
      6.201    -0.737    -0.659
      6.208    -0.740    -0.658
      6.215    -0.743    -0.657
      6.222    -0.746    -0.655
      6.230    -0.749    -0.654
      6.237    -0.751    -0.653
      6.244    -0.754    -0.652
      6.251    -0.757    -0.650
      6.258    -0.760    -0.649
      6.266    -0.763    -0.648
      6.273    -0.765    -0.647
      6.280    -0.768    -0.645
      6.287    -0.771    -0.644
      6.295    -0.774    -0.643
      6.302    -0.777    -0.642
      6.309    -0.779    -0.640
      6.316    -0.782    -0.639
      6.324    -0.785    -0.638
      6.331    -0.788    -0.637
      6.338    -0.790    -0.635
      6.346    -0.793    -0.634
      6.353    -0.796    -0.633
      6.360    -0.799    -0.632
      6.368    -0.802    -0.630
      6.375    -0.804    -0.629
      6.382    -0.807    -0.628
      6.388    -0.809    -0.627
      6.395    -0.812    -0.626
      6.402    -0.814    -0.625
      6.409    -0.817    -0.624
      6.415    -0.820    -0.622
      6.423    -0.822    -0.621
      6.430    -0.825    -0.620
      6.437    -0.828    -0.619
      6.445    -0.830    -0.617
      6.452    -0.833    -0.616
      6.459    -0.836    -0.615
      6.467    -0.839    -0.614
      6.473    -0.841    -0.612
      6.480    -0.844    -0.611
      6.487    -0.846    -0.610
      6.493    -0.849    -0.609
      6.500    -0.851    -0.608
      6.507    -0.854    -0.607
      6.514    -0.856    -0.606
      6.520    -0.858    -0.605
      6.527    -0.861    -0.603
      6.534    -0.863    -0.602
      6.541    -0.866    -0.601
      6.547    -0.868    -0.600
      6.554    -0.871    -0.599
      6.560    -0.873    -0.598
      6.566    -0.875    -0.597
      6.573    -0.877    -0.596
      6.579    -0.880    -0.595
      6.587    -0.882    -0.593
      6.594    -0.885    -0.592
      6.601    -0.888    -0.591
      6.609    -0.890    -0.590
      6.616    -0.893    -0.589
      6.623    -0.895    -0.587
      6.631    -0.898    -0.586
      6.638    -0.900    -0.585
      6.644    -0.903    -0.584
      6.651    -0.905    -0.583
      6.658    -0.908    -0.582
      6.665    -0.910    -0.581
      6.671    -0.912    -0.579
      6.678    -0.915    -0.578
      6.685    -0.917    -0.577
      6.692    -0.919    -0.576
      6.699    -0.922    -0.575
      6.705    -0.924    -0.574
      6.712    -0.926    -0.573
      6.719    -0.929    -0.572
      6.725    -0.931    -0.571
      6.731    -0.933    -0.570
      6.738    -0.935    -0.569
      6.744    -0.937    -0.568
      6.751    -0.939    -0.567
      6.758    -0.942    -0.566
      6.765    -0.944    -0.564
      6.772    -0.946    -0.563
      6.778    -0.949    -0.562
      6.785    -0.951    -0.561
      6.792    -0.953    -0.560
      6.798    -0.955    -0.559
      6.804    -0.957    -0.558
      6.811    -0.959    -0.557
      6.817    -0.961    -0.556
      6.825    -0.964    -0.555
      6.832    -0.966    -0.554
      6.839    -0.968    -0.553
      6.846    -0.971    -0.552
      6.853    -0.973    -0.551
      6.861    -0.975    -0.550
      6.868    -0.978    -0.548
      6.875    -0.980    -0.547
      6.882    -0.982    -0.546
      6.890    -0.985    -0.545
      6.897    -0.987    -0.544
      6.905    -0.989    -0.543
      6.912    -0.992    -0.542
      6.920    -0.994    -0.541
      6.927    -0.996    -0.539
      6.934    -0.998    -0.538
      6.941    -1.000    -0.537
      6.948    -1.002    -0.536
      6.955    -1.005    -0.535
      6.962    -1.007    -0.534
      6.969    -1.009    -0.533
      6.976    -1.011    -0.532
      6.982    -1.013    -0.531
      6.989    -1.015    -0.530
      6.996    -1.017    -0.529
      7.003    -1.019    -0.528
      7.010    -1.021    -0.527
      7.017    -1.023    -0.526
      7.023    -1.025    -0.526
      7.030    -1.027    -0.525
      7.036    -1.028    -0.524
      7.043    -1.030    -0.523
      7.050    -1.032    -0.522
      7.056    -1.034    -0.521
      7.063    -1.036    -0.520
      7.070    -1.038    -0.519
      7.077    -1.040    -0.518
      7.084    -1.042    -0.517
      7.091    -1.044    -0.516
      7.097    -1.046    -0.515
      7.104    -1.047    -0.514
      7.110    -1.049    -0.513
      7.117    -1.051    -0.512
      7.124    -1.053    -0.511
      7.132    -1.055    -0.510
      7.139    -1.057    -0.509
      7.146    -1.059    -0.508
      7.154    -1.061    -0.507
      7.161    -1.063    -0.506
      7.168    -1.064    -0.506
      7.176    -1.066    -0.505
      7.183    -1.068    -0.504
      7.190    -1.070    -0.503
      7.196    -1.072    -0.502
      7.203    -1.073    -0.501
      7.210    -1.075    -0.500
      7.217    -1.077    -0.499
      7.224    -1.079    -0.498
      7.231    -1.080    -0.497
      7.237    -1.082    -0.497
      7.244    -1.083    -0.496
      7.250    -1.085    -0.495
      7.258    -1.087    -0.494
      7.265    -1.088    -0.493
      7.273    -1.090    -0.492
      7.280    -1.092    -0.491
      7.287    -1.094    -0.490
      7.295    -1.095    -0.489
      7.302    -1.097    -0.488
      7.310    -1.099    -0.487
      7.317    -1.100    -0.487
      7.324    -1.102    -0.486
      7.332    -1.104    -0.485
      7.339    -1.105    -0.484
      7.347    -1.107    -0.483
      7.354    -1.109    -0.482
      7.361    -1.110    -0.481
      7.369    -1.112    -0.480
      7.377    -1.113    -0.479
      7.384    -1.115    -0.479
      7.392    -1.117    -0.478
      7.400    -1.118    -0.477
      7.408    -1.120    -0.476
      7.416    -1.121    -0.475
