Count of Points:874

WCS coordinates of Points:
      1.181     0.000    -0.952
      1.187     0.004    -0.952
      1.193     0.008    -0.952
      1.199     0.012    -0.952
      1.205     0.016    -0.952
      1.211     0.019    -0.952
      1.217     0.023    -0.952
      1.223     0.027    -0.952
      1.229     0.031    -0.952
      1.235     0.034    -0.952
      1.241     0.038    -0.952
      1.247     0.042    -0.952
      1.253     0.046    -0.952
      1.260     0.049    -0.952
      1.266     0.053    -0.952
      1.272     0.057    -0.952
      1.278     0.061    -0.952
      1.284     0.064    -0.952
      1.290     0.068    -0.952
      1.297     0.071    -0.952
      1.303     0.075    -0.952
      1.309     0.079    -0.952
      1.315     0.082    -0.952
      1.321     0.086    -0.952
      1.328     0.090    -0.952
      1.335     0.094    -0.952
      1.342     0.097    -0.952
      1.349     0.101    -0.952
      1.356     0.105    -0.952
      1.362     0.109    -0.952
      1.369     0.112    -0.952
      1.375     0.115    -0.952
      1.381     0.119    -0.952
      1.387     0.122    -0.952
      1.394     0.126    -0.952
      1.400     0.129    -0.952
      1.407     0.133    -0.952
      1.414     0.136    -0.952
      1.421     0.140    -0.952
      1.428     0.144    -0.952
      1.435     0.147    -0.952
      1.442     0.151    -0.952
      1.449     0.154    -0.952
      1.456     0.158    -0.952
      1.463     0.161    -0.952
      1.471     0.165    -0.952
      1.478     0.168    -0.952
      1.485     0.172    -0.952
      1.491     0.175    -0.952
      1.498     0.178    -0.952
      1.505     0.182    -0.952
      1.511     0.185    -0.952
      1.518     0.188    -0.952
      1.524     0.191    -0.952
      1.531     0.194    -0.952
      1.537     0.197    -0.952
      1.544     0.200    -0.952
      1.551     0.203    -0.952
      1.558     0.206    -0.952
      1.566     0.210    -0.952
      1.573     0.213    -0.952
      1.580     0.216    -0.952
      1.587     0.219    -0.952
      1.595     0.222    -0.952
      1.602     0.225    -0.952
      1.609     0.229    -0.952
      1.616     0.232    -0.952
      1.623     0.235    -0.952
      1.631     0.238    -0.952
      1.638     0.241    -0.952
      1.645     0.244    -0.952
      1.652     0.247    -0.952
      1.660     0.250    -0.952
      1.667     0.253    -0.952
      1.674     0.255    -0.952
      1.682     0.258    -0.952
      1.689     0.261    -0.952
      1.696     0.264    -0.952
      1.703     0.267    -0.952
      1.711     0.270    -0.952
      1.718     0.272    -0.952
      1.725     0.275    -0.952
      1.733     0.278    -0.952
      1.740     0.281    -0.952
      1.748     0.284    -0.952
      1.755     0.286    -0.952
      1.762     0.289    -0.952
      1.769     0.291    -0.952
      1.776     0.294    -0.952
      1.783     0.296    -0.952
      1.790     0.299    -0.952
      1.796     0.301    -0.952
      1.803     0.303    -0.952
      1.810     0.306    -0.952
      1.817     0.308    -0.952
      1.825     0.311    -0.952
      1.832     0.313    -0.952
      1.840     0.316    -0.952
      1.847     0.318    -0.952
      1.855     0.321    -0.951
      1.862     0.323    -0.951
      1.870     0.325    -0.951
      1.877     0.328    -0.951
      1.885     0.330    -0.951
      1.892     0.332    -0.951
      1.900     0.335    -0.951
      1.907     0.337    -0.951
      1.915     0.339    -0.951
      1.922     0.342    -0.951
      1.930     0.344    -0.951
      1.937     0.346    -0.951
      1.945     0.348    -0.951
      1.953     0.350    -0.951
      1.960     0.352    -0.951
      1.968     0.355    -0.951
      1.975     0.357    -0.951
      1.982     0.359    -0.951
      1.990     0.361    -0.951
      1.998     0.363    -0.951
      2.005     0.365    -0.951
      2.013     0.367    -0.951
      2.021     0.369    -0.951
      2.028     0.371    -0.951
      2.036     0.373    -0.951
      2.044     0.375    -0.951
      2.051     0.376    -0.951
      2.059     0.378    -0.951
      2.067     0.380    -0.951
      2.075     0.382    -0.951
      2.082     0.384    -0.951
      2.090     0.386    -0.951
      2.097     0.387    -0.951
      2.105     0.389    -0.951
      2.112     0.391    -0.951
      2.120     0.392    -0.951
      2.128     0.394    -0.951
      2.136     0.396    -0.951
      2.143     0.397    -0.951
      2.151     0.399    -0.951
      2.159     0.401    -0.951
      2.167     0.402    -0.951
      2.174     0.404    -0.951
      2.182     0.405    -0.951
      2.190     0.407    -0.951
      2.198     0.408    -0.951
      2.206     0.410    -0.951
      2.213     0.411    -0.951
      2.221     0.412    -0.951
      2.228     0.414    -0.951
      2.235     0.415    -0.951
      2.242     0.416    -0.951
      2.249     0.417    -0.951
      2.256     0.418    -0.951
      2.263     0.420    -0.951
      2.270     0.421    -0.951
      2.278     0.422    -0.951
      2.285     0.423    -0.951
      2.292     0.424    -0.951
      2.299     0.425    -0.951
      2.306     0.426    -0.951
      2.314     0.427    -0.951
      2.322     0.429    -0.951
      2.329     0.430    -0.951
      2.337     0.431    -0.951
      2.345     0.432    -0.951
      2.353     0.433    -0.951
      2.361     0.434    -0.951
      2.369     0.435    -0.951
      2.376     0.436    -0.951
      2.384     0.437    -0.951
      2.392     0.437    -0.951
      2.400     0.438    -0.951
      2.407     0.439    -0.951
      2.415     0.440    -0.951
      2.423     0.441    -0.951
      2.431     0.442    -0.951
      2.439     0.442    -0.951
      2.447     0.443    -0.951
      2.454     0.444    -0.951
      2.462     0.445    -0.951
      2.470     0.445    -0.951
      2.478     0.446    -0.951
      2.485     0.447    -0.951
      2.493     0.447    -0.951
      2.501     0.448    -0.951
      2.509     0.448    -0.951
      2.517     0.449    -0.951
      2.525     0.449    -0.951
      2.533     0.450    -0.951
      2.541     0.450    -0.951
      2.549     0.451    -0.951
      2.556     0.451    -0.951
      2.564     0.452    -0.951
      2.572     0.452    -0.951
      2.580     0.452    -0.951
      2.588     0.453    -0.951
      2.596     0.453    -0.951
      2.603     0.453    -0.951
      2.611     0.454    -0.951
      2.619     0.454    -0.951
      2.627     0.454    -0.951
      2.635     0.454    -0.951
      2.643     0.455    -0.951
      2.651     0.455    -0.951
      2.659     0.455    -0.951
      2.667     0.455    -0.951
      2.674     0.455    -0.951
      2.682     0.455    -0.951
      2.690     0.455    -0.951
      2.698     0.455    -0.951
      2.706     0.455    -0.951
      2.714     0.455    -0.951
      2.722     0.455    -0.951
      2.729     0.455    -0.951
      2.736     0.455    -0.951
      2.744     0.455    -0.951
      2.751     0.455    -0.951
      2.758     0.455    -0.951
      2.765     0.455    -0.951
      2.773     0.454    -0.951
      2.781     0.454    -0.951
      2.789     0.454    -0.951
      2.797     0.454    -0.951
      2.805     0.453    -0.951
      2.813     0.453    -0.951
      2.820     0.453    -0.951
      2.828     0.453    -0.951
      2.836     0.452    -0.950
      2.844     0.452    -0.950
      2.852     0.451    -0.950
      2.860     0.451    -0.950
      2.868     0.451    -0.950
      2.876     0.450    -0.950
      2.883     0.450    -0.950
      2.891     0.449    -0.950
      2.899     0.449    -0.950
      2.907     0.448    -0.950
      2.915     0.447    -0.950
      2.923     0.447    -0.950
      2.931     0.446    -0.950
      2.939     0.446    -0.950
      2.947     0.445    -0.950
      2.954     0.444    -0.950
      2.961     0.444    -0.950
      2.968     0.443    -0.950
      2.976     0.442    -0.950
      2.983     0.442    -0.950
      2.990     0.441    -0.950
      2.998     0.440    -0.950
      3.006     0.440    -0.950
      3.014     0.439    -0.950
      3.022     0.438    -0.950
      3.029     0.437    -0.950
      3.037     0.436    -0.950
      3.045     0.435    -0.950
      3.052     0.434    -0.950
      3.060     0.434    -0.950
      3.067     0.433    -0.950
      3.074     0.432    -0.950
      3.081     0.431    -0.950
      3.088     0.430    -0.950
      3.096     0.429    -0.950
      3.103     0.428    -0.950
      3.110     0.427    -0.950
      3.117     0.426    -0.950
      3.124     0.425    -0.950
      3.132     0.424    -0.950
      3.138     0.423    -0.950
      3.145     0.422    -0.950
      3.152     0.421    -0.950
      3.159     0.420    -0.950
      3.165     0.419    -0.950
      3.173     0.418    -0.950
      3.180     0.417    -0.950
      3.187     0.416    -0.950
      3.194     0.414    -0.950
      3.201     0.413    -0.949
      3.208     0.412    -0.949
      3.215     0.411    -0.949
      3.223     0.410    -0.949
      3.231     0.408    -0.949
      3.238     0.407    -0.949
      3.246     0.406    -0.949
      3.254     0.404    -0.949
      3.262     0.403    -0.949
      3.269     0.401    -0.949
      3.277     0.400    -0.949
      3.285     0.398    -0.949
      3.293     0.397    -0.949
      3.300     0.395    -0.949
      3.308     0.394    -0.949
      3.316     0.392    -0.949
      3.323     0.391    -0.949
      3.331     0.389    -0.949
      3.339     0.388    -0.949
      3.346     0.386    -0.949
      3.354     0.385    -0.949
      3.362     0.383    -0.949
      3.369     0.381    -0.949
      3.377     0.380    -0.949
      3.385     0.378    -0.949
      3.392     0.376    -0.949
      3.400     0.375    -0.949
      3.408     0.373    -0.949
      3.415     0.371    -0.949
      3.423     0.369    -0.948
      3.431     0.368    -0.948
      3.438     0.366    -0.948
      3.446     0.364    -0.948
      3.454     0.362    -0.948
      3.462     0.361    -0.948
      3.469     0.359    -0.948
      3.477     0.357    -0.948
      3.485     0.355    -0.948
      3.492     0.353    -0.948
      3.500     0.351    -0.948
      3.507     0.349    -0.948
      3.515     0.347    -0.948
      3.522     0.346    -0.948
      3.530     0.344    -0.948
      3.538     0.342    -0.948
      3.545     0.340    -0.948
      3.553     0.338    -0.948
      3.561     0.336    -0.947
      3.568     0.334    -0.947
      3.576     0.332    -0.947
      3.584     0.330    -0.947
      3.591     0.327    -0.947
      3.599     0.325    -0.947
      3.607     0.323    -0.947
      3.614     0.321    -0.947
      3.622     0.319    -0.947
      3.629     0.317    -0.947
      3.636     0.315    -0.947
      3.643     0.313    -0.947
      3.650     0.311    -0.947
      3.657     0.309    -0.947
      3.664     0.307    -0.947
      3.671     0.305    -0.946
      3.679     0.303    -0.946
      3.687     0.301    -0.946
      3.694     0.298    -0.946
      3.702     0.296    -0.946
      3.709     0.294    -0.946
      3.717     0.292    -0.946
      3.724     0.290    -0.946
      3.732     0.287    -0.946
      3.739     0.285    -0.946
      3.747     0.283    -0.946
      3.754     0.280    -0.945
      3.762     0.278    -0.945
      3.769     0.276    -0.945
      3.777     0.273    -0.945
      3.785     0.271    -0.945
      3.792     0.269    -0.945
      3.800     0.266    -0.945
      3.807     0.264    -0.945
      3.815     0.262    -0.945
      3.822     0.259    -0.945
      3.830     0.257    -0.944
      3.837     0.254    -0.944
      3.844     0.252    -0.944
      3.851     0.250    -0.944
      3.858     0.248    -0.944
      3.865     0.245    -0.944
      3.872     0.243    -0.944
      3.879     0.241    -0.944
      3.886     0.238    -0.944
      3.894     0.236    -0.943
      3.901     0.233    -0.943
      3.909     0.231    -0.943
      3.916     0.228    -0.943
      3.924     0.226    -0.943
      3.931     0.223    -0.943
      3.938     0.221    -0.943
      3.945     0.218    -0.943
      3.952     0.216    -0.942
      3.959     0.214    -0.942
      3.966     0.211    -0.942
      3.973     0.209    -0.942
      3.980     0.207    -0.942
      3.986     0.204    -0.942
      3.993     0.202    -0.942
      4.000     0.199    -0.942
      4.007     0.197    -0.941
      4.014     0.195    -0.941
      4.020     0.192    -0.941
      4.027     0.190    -0.941
      4.033     0.188    -0.941
      4.040     0.186    -0.941
      4.046     0.183    -0.941
      4.054     0.181    -0.940
      4.061     0.178    -0.940
      4.068     0.175    -0.940
      4.076     0.173    -0.940
      4.083     0.170    -0.940
      4.091     0.167    -0.940
      4.098     0.165    -0.939
      4.105     0.162    -0.939
      4.112     0.159    -0.939
      4.120     0.157    -0.939
      4.127     0.154    -0.939
      4.135     0.151    -0.938
      4.142     0.148    -0.938
      4.150     0.146    -0.938
      4.157     0.143    -0.938
      4.164     0.140    -0.938
      4.172     0.137    -0.938
      4.179     0.135    -0.937
      4.187     0.132    -0.937
      4.194     0.129    -0.937
      4.201     0.126    -0.937
      4.209     0.123    -0.937
      4.216     0.121    -0.936
      4.223     0.118    -0.936
      4.230     0.116    -0.936
      4.236     0.113    -0.936
      4.243     0.110    -0.936
      4.250     0.108    -0.935
      4.257     0.105    -0.935
      4.264     0.102    -0.935
      4.272     0.100    -0.935
      4.279     0.097    -0.934
      4.286     0.094    -0.934
      4.294     0.091    -0.934
      4.301     0.088    -0.934
      4.308     0.085    -0.933
      4.315     0.083    -0.933
      4.322     0.080    -0.933
      4.329     0.078    -0.933
      4.336     0.075    -0.933
      4.342     0.072    -0.932
      4.349     0.070    -0.932
      4.356     0.067    -0.932
      4.363     0.064    -0.932
      4.369     0.062    -0.931
      4.376     0.059    -0.931
      4.383     0.056    -0.931
      4.390     0.054    -0.931
      4.396     0.051    -0.930
      4.402     0.049    -0.930
      4.409     0.046    -0.930
      4.415     0.044    -0.930
      4.422     0.041    -0.930
      4.429     0.038    -0.929
      4.436     0.036    -0.929
      4.444     0.033    -0.929
      4.451     0.030    -0.928
      4.458     0.027    -0.928
      4.466     0.024    -0.928
      4.473     0.021    -0.927
      4.480     0.018    -0.927
      4.487     0.016    -0.927
      4.493     0.013    -0.927
      4.500     0.010    -0.926
      4.507     0.008    -0.926
      4.513     0.005    -0.926
      4.520     0.002    -0.925
      4.527    -0.000    -0.925
      4.534    -0.003    -0.925
      4.540    -0.006    -0.925
      4.547    -0.009    -0.924
      4.554    -0.011    -0.924
      4.560    -0.014    -0.924
      4.567    -0.016    -0.923
      4.573    -0.019    -0.923
      4.579    -0.021    -0.923
      4.586    -0.024    -0.922
      4.592    -0.027    -0.922
      4.599    -0.029    -0.922
      4.606    -0.032    -0.921
      4.612    -0.035    -0.921
      4.619    -0.037    -0.921
      4.626    -0.040    -0.920
      4.632    -0.043    -0.920
      4.639    -0.045    -0.920
      4.645    -0.048    -0.919
      4.651    -0.050    -0.919
      4.658    -0.053    -0.919
      4.665    -0.056    -0.918
      4.672    -0.059    -0.918
      4.679    -0.062    -0.917
      4.686    -0.064    -0.917
      4.693    -0.067    -0.917
      4.700    -0.070    -0.916
      4.707    -0.073    -0.916
      4.714    -0.076    -0.915
      4.721    -0.078    -0.915
      4.728    -0.081    -0.915
      4.734    -0.084    -0.914
      4.741    -0.087    -0.914
      4.747    -0.089    -0.913
      4.754    -0.092    -0.913
      4.761    -0.095    -0.912
      4.768    -0.098    -0.912
      4.775    -0.101    -0.912
      4.783    -0.103    -0.911
      4.790    -0.106    -0.911
      4.797    -0.109    -0.910
      4.805    -0.112    -0.910
      4.812    -0.115    -0.909
      4.819    -0.118    -0.909
      4.827    -0.121    -0.908
      4.834    -0.124    -0.908
      4.841    -0.127    -0.907
      4.848    -0.130    -0.907
      4.855    -0.133    -0.906
      4.863    -0.136    -0.906
      4.870    -0.139    -0.905
      4.877    -0.142    -0.904
      4.885    -0.145    -0.904
      4.892    -0.148    -0.903
      4.899    -0.151    -0.903
      4.906    -0.153    -0.902
      4.914    -0.156    -0.902
      4.921    -0.159    -0.901
      4.928    -0.162    -0.901
      4.935    -0.165    -0.900
      4.943    -0.168    -0.899
      4.950    -0.171    -0.899
      4.957    -0.174    -0.898
      4.964    -0.177    -0.898
      4.972    -0.180    -0.897
      4.979    -0.183    -0.896
      4.986    -0.186    -0.896
      4.994    -0.189    -0.895
      5.001    -0.192    -0.894
      5.008    -0.195    -0.894
      5.016    -0.197    -0.893
      5.023    -0.200    -0.893
      5.030    -0.203    -0.892
      5.037    -0.206    -0.891
      5.044    -0.209    -0.891
      5.052    -0.212    -0.890
      5.059    -0.215    -0.889
      5.066    -0.218    -0.889
      5.074    -0.221    -0.888
      5.081    -0.224    -0.887
      5.088    -0.227    -0.886
      5.096    -0.230    -0.886
      5.103    -0.232    -0.885
      5.110    -0.235    -0.884
      5.118    -0.238    -0.884
      5.125    -0.241    -0.883
      5.132    -0.244    -0.882
      5.140    -0.247    -0.881
      5.147    -0.250    -0.881
      5.154    -0.253    -0.880
      5.160    -0.255    -0.879
      5.167    -0.258    -0.879
      5.174    -0.261    -0.878
      5.180    -0.263    -0.877
      5.187    -0.266    -0.877
      5.194    -0.269    -0.876
      5.202    -0.272    -0.875
      5.209    -0.275    -0.874
      5.216    -0.278    -0.873
      5.224    -0.281    -0.873
      5.231    -0.284    -0.872
      5.238    -0.286    -0.871
      5.245    -0.289    -0.870
      5.252    -0.292    -0.869
      5.260    -0.295    -0.869
      5.267    -0.298    -0.868
      5.274    -0.301    -0.867
      5.282    -0.304    -0.866
      5.289    -0.307    -0.865
      5.296    -0.309    -0.864
      5.304    -0.312    -0.863
      5.311    -0.315    -0.863
      5.318    -0.318    -0.862
      5.325    -0.321    -0.861
      5.333    -0.324    -0.860
      5.340    -0.327    -0.859
      5.347    -0.330    -0.858
      5.355    -0.333    -0.857
      5.361    -0.335    -0.856
      5.368    -0.338    -0.855
      5.375    -0.341    -0.855
      5.382    -0.343    -0.854
      5.388    -0.346    -0.853
      5.395    -0.348    -0.852
      5.402    -0.351    -0.851
      5.410    -0.354    -0.850
      5.417    -0.357    -0.849
      5.424    -0.360    -0.848
      5.432    -0.363    -0.847
      5.439    -0.366    -0.846
      5.446    -0.369    -0.845
      5.453    -0.371    -0.844
      5.460    -0.374    -0.844
      5.466    -0.376    -0.843
      5.473    -0.379    -0.842
      5.480    -0.382    -0.841
      5.486    -0.384    -0.840
      5.493    -0.387    -0.839
      5.500    -0.389    -0.838
      5.507    -0.392    -0.837
      5.513    -0.395    -0.836
      5.520    -0.397    -0.835
      5.527    -0.400    -0.834
      5.533    -0.402    -0.833
      5.539    -0.405    -0.833
      5.546    -0.407    -0.832
      5.552    -0.410    -0.831
      5.558    -0.412    -0.830
      5.566    -0.415    -0.829
      5.573    -0.418    -0.828
      5.580    -0.421    -0.827
      5.588    -0.423    -0.826
      5.595    -0.426    -0.825
      5.602    -0.429    -0.824
      5.609    -0.432    -0.822
      5.616    -0.435    -0.821
      5.624    -0.437    -0.820
      5.631    -0.440    -0.819
      5.638    -0.443    -0.818
      5.645    -0.446    -0.817
      5.653    -0.449    -0.816
      5.660    -0.451    -0.815
      5.667    -0.454    -0.814
      5.675    -0.457    -0.813
      5.682    -0.460    -0.811
      5.689    -0.463    -0.810
      5.697    -0.466    -0.809
      5.704    -0.468    -0.808
      5.711    -0.471    -0.807
      5.719    -0.474    -0.806
      5.726    -0.477    -0.805
      5.733    -0.479    -0.804
      5.739    -0.482    -0.803
      5.746    -0.484    -0.801
      5.753    -0.487    -0.800
      5.759    -0.490    -0.799
      5.766    -0.492    -0.798
      5.773    -0.495    -0.797
      5.781    -0.498    -0.796
      5.788    -0.501    -0.795
      5.795    -0.503    -0.794
      5.803    -0.506    -0.792
      5.810    -0.509    -0.791
      5.817    -0.512    -0.790
      5.824    -0.514    -0.789
      5.831    -0.517    -0.788
      5.837    -0.519    -0.787
      5.844    -0.522    -0.785
      5.851    -0.525    -0.784
      5.858    -0.527    -0.783
      5.864    -0.530    -0.782
      5.871    -0.532    -0.781
      5.878    -0.535    -0.780
      5.884    -0.537    -0.779
      5.891    -0.540    -0.778
      5.898    -0.542    -0.776
      5.904    -0.545    -0.775
      5.910    -0.547    -0.774
      5.917    -0.550    -0.773
      5.923    -0.552    -0.772
      5.929    -0.554    -0.771
      5.937    -0.557    -0.770
      5.944    -0.560    -0.768
      5.951    -0.563    -0.767
      5.959    -0.566    -0.766
      5.966    -0.568    -0.765
      5.973    -0.571    -0.763
      5.980    -0.574    -0.762
      5.987    -0.576    -0.761
      5.994    -0.579    -0.760
      6.001    -0.582    -0.758
      6.007    -0.584    -0.757
      6.014    -0.587    -0.756
      6.021    -0.589    -0.755
      6.027    -0.592    -0.754
      6.034    -0.594    -0.752
      6.041    -0.597    -0.751
      6.047    -0.599    -0.750
      6.054    -0.602    -0.749
      6.061    -0.604    -0.748
      6.067    -0.607    -0.747
      6.073    -0.609    -0.745
      6.080    -0.612    -0.744
      6.086    -0.614    -0.743
      6.092    -0.616    -0.742
      6.099    -0.619    -0.741
      6.106    -0.621    -0.740
      6.112    -0.624    -0.738
      6.119    -0.627    -0.737
      6.126    -0.629    -0.736
      6.132    -0.632    -0.735
      6.139    -0.634    -0.733
      6.145    -0.636    -0.732
      6.151    -0.639    -0.731
      6.158    -0.641    -0.730
      6.164    -0.644    -0.729
      6.171    -0.646    -0.728
      6.178    -0.649    -0.726
      6.185    -0.651    -0.725
      6.192    -0.654    -0.724
      6.199    -0.657    -0.722
      6.206    -0.659    -0.721
      6.213    -0.662    -0.720
      6.220    -0.665    -0.718
      6.228    -0.667    -0.717
      6.235    -0.670    -0.716
      6.242    -0.673    -0.714
      6.249    -0.676    -0.713
      6.257    -0.678    -0.712
      6.264    -0.681    -0.710
      6.271    -0.684    -0.709
      6.278    -0.686    -0.708
      6.285    -0.689    -0.706
      6.293    -0.692    -0.705
      6.300    -0.695    -0.704
      6.307    -0.697    -0.702
      6.315    -0.700    -0.701
      6.322    -0.703    -0.700
      6.329    -0.705    -0.698
      6.337    -0.708    -0.697
      6.344    -0.711    -0.695
      6.351    -0.714    -0.694
      6.359    -0.716    -0.693
      6.366    -0.719    -0.691
      6.373    -0.722    -0.690
      6.380    -0.724    -0.689
      6.388    -0.727    -0.687
      6.395    -0.730    -0.686
      6.401    -0.732    -0.685
      6.408    -0.734    -0.684
      6.415    -0.737    -0.682
      6.421    -0.739    -0.681
      6.428    -0.742    -0.680
      6.435    -0.745    -0.678
      6.443    -0.747    -0.677
      6.450    -0.750    -0.676
      6.457    -0.753    -0.674
      6.465    -0.755    -0.673
      6.472    -0.758    -0.672
      6.479    -0.761    -0.670
      6.486    -0.763    -0.669
      6.493    -0.765    -0.668
      6.500    -0.768    -0.667
      6.506    -0.770    -0.665
      6.513    -0.773    -0.664
      6.520    -0.775    -0.663
      6.527    -0.778    -0.662
      6.533    -0.780    -0.661
      6.540    -0.782    -0.659
      6.547    -0.785    -0.658
      6.553    -0.787    -0.657
      6.560    -0.790    -0.656
      6.567    -0.792    -0.654
      6.573    -0.794    -0.653
      6.579    -0.796    -0.652
      6.586    -0.799    -0.651
      6.592    -0.801    -0.650
      6.599    -0.803    -0.649
      6.607    -0.806    -0.647
      6.614    -0.809    -0.646
      6.621    -0.811    -0.645
      6.629    -0.814    -0.643
      6.636    -0.816    -0.642
      6.644    -0.819    -0.641
      6.650    -0.821    -0.640
      6.657    -0.824    -0.638
      6.664    -0.826    -0.637
      6.671    -0.828    -0.636
      6.677    -0.830    -0.635
      6.684    -0.833    -0.634
      6.691    -0.835    -0.632
      6.698    -0.837    -0.631
      6.705    -0.840    -0.630
      6.711    -0.842    -0.629
      6.718    -0.844    -0.628
      6.725    -0.847    -0.627
      6.731    -0.849    -0.625
      6.738    -0.851    -0.624
      6.744    -0.853    -0.623
      6.751    -0.855    -0.622
      6.757    -0.857    -0.621
      6.764    -0.860    -0.620
      6.771    -0.862    -0.619
      6.777    -0.864    -0.618
      6.784    -0.866    -0.616
      6.791    -0.869    -0.615
      6.798    -0.871    -0.614
      6.804    -0.873    -0.613
      6.811    -0.875    -0.612
      6.817    -0.877    -0.611
      6.823    -0.879    -0.610
      6.830    -0.881    -0.609
      6.837    -0.884    -0.608
      6.844    -0.886    -0.606
      6.851    -0.888    -0.605
      6.859    -0.890    -0.604
      6.866    -0.893    -0.603
      6.873    -0.895    -0.602
      6.880    -0.897    -0.600
      6.887    -0.900    -0.599
      6.895    -0.902    -0.598
      6.902    -0.904    -0.597
      6.910    -0.907    -0.596
      6.917    -0.909    -0.594
      6.925    -0.911    -0.593
      6.932    -0.913    -0.592
      6.940    -0.916    -0.591
      6.947    -0.918    -0.590
      6.954    -0.920    -0.589
      6.960    -0.922    -0.588
      6.967    -0.924    -0.587
      6.974    -0.926    -0.585
      6.981    -0.928    -0.584
      6.988    -0.930    -0.583
      6.995    -0.932    -0.582
      7.002    -0.934    -0.581
      7.009    -0.936    -0.580
      7.015    -0.938    -0.579
      7.022    -0.940    -0.578
      7.029    -0.942    -0.577
      7.035    -0.944    -0.576
      7.042    -0.946    -0.575
      7.048    -0.948    -0.574
      7.055    -0.950    -0.573
      7.062    -0.952    -0.572
      7.069    -0.953    -0.571
      7.076    -0.955    -0.570
      7.083    -0.957    -0.569
      7.090    -0.959    -0.568
      7.096    -0.961    -0.567
      7.103    -0.963    -0.566
      7.110    -0.965    -0.565
      7.116    -0.967    -0.564
      7.123    -0.968    -0.563
      7.129    -0.970    -0.562
      7.136    -0.972    -0.561
      7.144    -0.974    -0.560
      7.151    -0.976    -0.559
      7.158    -0.978    -0.558
      7.166    -0.980    -0.557
      7.173    -0.982    -0.556
      7.180    -0.984    -0.555
      7.188    -0.985    -0.554
      7.195    -0.987    -0.553
      7.202    -0.989    -0.552
      7.209    -0.991    -0.551
      7.216    -0.992    -0.550
      7.223    -0.994    -0.549
      7.230    -0.996    -0.548
      7.236    -0.998    -0.547
      7.243    -0.999    -0.546
      7.249    -1.001    -0.545
      7.256    -1.002    -0.544
      7.262    -1.004    -0.544
      7.270    -1.006    -0.543
      7.277    -1.007    -0.542
      7.285    -1.009    -0.541
      7.292    -1.011    -0.540
      7.299    -1.013    -0.539
      7.307    -1.014    -0.538
      7.314    -1.016    -0.537
      7.322    -1.018    -0.536
      7.329    -1.019    -0.535
      7.336    -1.021    -0.534
      7.344    -1.023    -0.533
      7.351    -1.024    -0.532
      7.359    -1.026    -0.531
      7.366    -1.027    -0.530
      7.373    -1.029    -0.529
      7.381    -1.031    -0.528
      7.389    -1.032    -0.527
      7.396    -1.034    -0.526
      7.404    -1.035    -0.525
      7.412    -1.037    -0.525
      7.420    -1.039    -0.524
      7.428    -1.040    -0.523
