Count of Points:25

WCS coordinates of Points:
      7.452     0.845    -1.241
      7.445     0.848    -1.243
      7.437     0.850    -1.244
      7.429     0.852    -1.246
      7.422     0.854    -1.248
      7.414     0.856    -1.250
      7.407     0.859    -1.252
      7.399     0.861    -1.253
      7.392     0.863    -1.255
      7.385     0.865    -1.257
      7.379     0.867    -1.259
      7.372     0.869    -1.260
      7.365     0.871    -1.262
      7.358     0.873    -1.264
      7.351     0.875    -1.266
      7.344     0.877    -1.267
      7.337     0.879    -1.269
      7.330     0.881    -1.271
      7.323     0.883    -1.273
      7.317     0.885    -1.274
      7.310     0.887    -1.276
      7.304     0.889    -1.278
      7.297     0.891    -1.280
      7.291     0.893    -1.281
      7.284     0.895    -1.283
